# Athena++ data at time=1.742519e+02  cycle=89217  variables=prim 
# i       x1v         rho          press          vel1         vel2         vel3     
0002   1.9531250000000000e-03   9.9999896279349665e-01   5.9999996402320821e-01   1.8569242957151333e-11   0.0000000000000000e+00   0.0000000000000000e+00
0003   5.8593750000000000e-03   9.9999896341764738e-01   5.9999996404428713e-01   2.9872228851175180e-11   0.0000000000000000e+00   0.0000000000000000e+00
0004   9.7656250000000000e-03   9.9999896466559945e-01   5.9999996408639500e-01   5.2635204805961817e-11   0.0000000000000000e+00   0.0000000000000000e+00
0005   1.3671875000000000e-02   9.9999896653667253e-01   5.9999996414959045e-01   7.2104763799448676e-11   0.0000000000000000e+00   0.0000000000000000e+00
0006   1.7578125000000000e-02   9.9999896903006014e-01   5.9999996423421620e-01   9.3158552392508699e-11   0.0000000000000000e+00   0.0000000000000000e+00
0007   2.1484375000000000e-02   9.9999897214421218e-01   5.9999996434009573e-01   1.1403027818267737e-10   0.0000000000000000e+00   0.0000000000000000e+00
0008   2.5390625000000000e-02   9.9999897587744468e-01   5.9999996446741910e-01   1.3516477493021747e-10   0.0000000000000000e+00   0.0000000000000000e+00
0009   2.9296875000000000e-02   9.9999898022757028e-01   5.9999996461613936e-01   1.5632063677231697e-10   0.0000000000000000e+00   0.0000000000000000e+00
0010   3.3203125000000000e-02   9.9999898519206443e-01   5.9999996478625217e-01   1.7749477950776332e-10   0.0000000000000000e+00   0.0000000000000000e+00
0011   3.7109375000000000e-02   9.9999899076792476e-01   5.9999996497767960e-01   1.9863059720936856e-10   0.0000000000000000e+00   0.0000000000000000e+00
0012   4.1015625000000000e-02   9.9999899695183558e-01   5.9999996519032905e-01   2.1970839966071457e-10   0.0000000000000000e+00   0.0000000000000000e+00
0013   4.4921875000000000e-02   9.9999900374007633e-01   5.9999996542408296e-01   2.4070515463726943e-10   0.0000000000000000e+00   0.0000000000000000e+00
0014   4.8828125000000000e-02   9.9999901112857736e-01   5.9999996567881053e-01   2.6160165506082754e-10   0.0000000000000000e+00   0.0000000000000000e+00
0015   5.2734375000000000e-02   9.9999901911289024e-01   5.9999996595436789e-01   2.8237511710080411e-10   0.0000000000000000e+00   0.0000000000000000e+00
0016   5.6640625000000000e-02   9.9999902768823346e-01   5.9999996625059626e-01   3.0300299008502488e-10   0.0000000000000000e+00   0.0000000000000000e+00
0017   6.0546875000000000e-02   9.9999903684939906e-01   5.9999996656732091e-01   3.2346251686284742e-10   0.0000000000000000e+00   0.0000000000000000e+00
0018   6.4453125000000000e-02   9.9999904659091621e-01   5.9999996690435065e-01   3.4373476229322592e-10   0.0000000000000000e+00   0.0000000000000000e+00
0019   6.8359375000000000e-02   9.9999905690690072e-01   5.9999996726147797e-01   3.6380055447390017e-10   0.0000000000000000e+00   0.0000000000000000e+00
0020   7.2265625000000000e-02   9.9999906779113379e-01   5.9999996763848151e-01   3.8364368792012019e-10   0.0000000000000000e+00   0.0000000000000000e+00
0021   7.6171875000000000e-02   9.9999907923700193e-01   5.9999996803512623e-01   4.0324760386593704e-10   0.0000000000000000e+00   0.0000000000000000e+00
0022   8.0078125000000000e-02   9.9999909123767927e-01   5.9999996845116443e-01   4.2259664974297450e-10   0.0000000000000000e+00   0.0000000000000000e+00
0023   8.3984375000000000e-02   9.9999910378587276e-01   5.9999996888633655e-01   4.4167580770573409e-10   0.0000000000000000e+00   0.0000000000000000e+00
0024   8.7890625000000000e-02   9.9999911687403920e-01   5.9999996934037025e-01   4.6047045678304114e-10   0.0000000000000000e+00   0.0000000000000000e+00
0025   9.1796875000000000e-02   9.9999913049425915e-01   5.9999996981298109e-01   4.7896758418891513e-10   0.0000000000000000e+00   0.0000000000000000e+00
0026   9.5703125000000000e-02   9.9999914463834738e-01   5.9999997030387275e-01   4.9715520438861976e-10   0.0000000000000000e+00   0.0000000000000000e+00
0027   9.9609375000000000e-02   9.9999915929777028e-01   5.9999997081273848e-01   5.1502043280628953e-10   0.0000000000000000e+00   0.0000000000000000e+00
0028   1.0351562500000000e-01   9.9999917446368325e-01   5.9999997133926086e-01   5.3255299457962029e-10   0.0000000000000000e+00   0.0000000000000000e+00
0029   1.0742187500000000e-01   9.9999919012690830e-01   5.9999997188311105e-01   5.4974165024143036e-10   0.0000000000000000e+00   0.0000000000000000e+00
0030   1.1132812500000000e-01   9.9999920627801586e-01   5.9999997244395120e-01   5.6657650319469916e-10   0.0000000000000000e+00   0.0000000000000000e+00
0031   1.1523437500000000e-01   9.9999922290731180e-01   5.9999997302143360e-01   5.8304802389745537e-10   0.0000000000000000e+00   0.0000000000000000e+00
0032   1.1914062500000000e-01   9.9999924000470308e-01   5.9999997361520074e-01   5.9914666520401601e-10   0.0000000000000000e+00   0.0000000000000000e+00
0033   1.2304687500000000e-01   9.9999925755992825e-01   5.9999997422488549e-01   6.1486474522792355e-10   0.0000000000000000e+00   0.0000000000000000e+00
0034   1.2695312500000000e-01   9.9999927556236845e-01   5.9999997485011314e-01   6.3019296014207915e-10   0.0000000000000000e+00   0.0000000000000000e+00
0035   1.3085937500000000e-01   9.9999929400121679e-01   5.9999997549049933e-01   6.4512393294503003e-10   0.0000000000000000e+00   0.0000000000000000e+00
0036   1.3476562500000000e-01   9.9999931286531363e-01   5.9999997614565126e-01   6.5965013109245780e-10   0.0000000000000000e+00   0.0000000000000000e+00
0037   1.3867187500000000e-01   9.9999933214332759e-01   5.9999997681516881e-01   6.7376438638481021e-10   0.0000000000000000e+00   0.0000000000000000e+00
0038   1.4257812500000000e-01   9.9999935182359923e-01   5.9999997749864376e-01   6.8745973845701068e-10   0.0000000000000000e+00   0.0000000000000000e+00
0039   1.4648437500000000e-01   9.9999937189431010e-01   5.9999997819565909e-01   7.0072986845621758e-10   0.0000000000000000e+00   0.0000000000000000e+00
0040   1.5039062500000000e-01   9.9999939234338298e-01   5.9999997890579215e-01   7.1356747760483163e-10   0.0000000000000000e+00   0.0000000000000000e+00
0041   1.5429687500000000e-01   9.9999941315843843e-01   5.9999997962861185e-01   7.2596720480500560e-10   0.0000000000000000e+00   0.0000000000000000e+00
0042   1.5820312500000000e-01   9.9999943432693039e-01   5.9999998036368030e-01   7.3792265154664544e-10   0.0000000000000000e+00   0.0000000000000000e+00
0043   1.6210937500000000e-01   9.9999945583618677e-01   5.9999998111055308e-01   7.4942783385362625e-10   0.0000000000000000e+00   0.0000000000000000e+00
0044   1.6601562500000000e-01   9.9999947767318176e-01   5.9999998186877934e-01   7.6047762181668683e-10   0.0000000000000000e+00   0.0000000000000000e+00
0045   1.6992187500000000e-01   9.9999949982478331e-01   5.9999998263790177e-01   7.7106593715160337e-10   0.0000000000000000e+00   0.0000000000000000e+00
0046   1.7382812500000000e-01   9.9999952227765587e-01   5.9999998341745664e-01   7.8118781864824706e-10   0.0000000000000000e+00   0.0000000000000000e+00
0047   1.7773437500000000e-01   9.9999954501825394e-01   5.9999998420697453e-01   7.9083790423764492e-10   0.0000000000000000e+00   0.0000000000000000e+00
0048   1.8164062500000000e-01   9.9999956803290702e-01   5.9999998500598095e-01   8.0001054539011147e-10   0.0000000000000000e+00   0.0000000000000000e+00
0049   1.8554687500000000e-01   9.9999959130771499e-01   5.9999998581399516e-01   8.0870207535737051e-10   0.0000000000000000e+00   0.0000000000000000e+00
0050   1.8945312500000000e-01   9.9999961482871058e-01   5.9999998663053133e-01   8.1690710937135543e-10   0.0000000000000000e+00   0.0000000000000000e+00
0051   1.9335937500000000e-01   9.9999963858166330e-01   5.9999998745509908e-01   8.2462105939869197e-10   0.0000000000000000e+00   0.0000000000000000e+00
0052   1.9726562500000000e-01   9.9999966255229855e-01   5.9999998828720347e-01   8.3184029451218281e-10   0.0000000000000000e+00   0.0000000000000000e+00
0053   2.0117187500000000e-01   9.9999968672619832e-01   5.9999998912634400e-01   8.3856084096415228e-10   0.0000000000000000e+00   0.0000000000000000e+00
0054   2.0507812500000000e-01   9.9999971108878172e-01   5.9999998997201753e-01   8.4477849057027346e-10   0.0000000000000000e+00   0.0000000000000000e+00
0055   2.0898437500000000e-01   9.9999973562538957e-01   5.9999999082371580e-01   8.5049042912064319e-10   0.0000000000000000e+00   0.0000000000000000e+00
0056   2.1289062500000000e-01   9.9999976032122262e-01   5.9999999168092755e-01   8.5569298265768582e-10   0.0000000000000000e+00   0.0000000000000000e+00
0057   2.1679687500000000e-01   9.9999978516144727e-01   5.9999999254313863e-01   8.6038337980460809e-10   0.0000000000000000e+00   0.0000000000000000e+00
0058   2.2070312500000000e-01   9.9999981013100203e-01   5.9999999340983023e-01   8.6455852595743592e-10   0.0000000000000000e+00   0.0000000000000000e+00
0059   2.2460937500000000e-01   9.9999983521497449e-01   5.9999999428048423e-01   8.6821678765626097e-10   0.0000000000000000e+00   0.0000000000000000e+00
0060   2.2851562500000000e-01   9.9999986039819655e-01   5.9999999515457081e-01   8.7135622950551271e-10   0.0000000000000000e+00   0.0000000000000000e+00
0061   2.3242187500000000e-01   9.9999988566550824e-01   5.9999999603158460e-01   8.7397530336278415e-10   0.0000000000000000e+00   0.0000000000000000e+00
0062   2.3632812500000000e-01   9.9999991100162355e-01   5.9999999691094219e-01   8.7606980135978742e-10   0.0000000000000000e+00   0.0000000000000000e+00
0063   2.4023437500000000e-01   9.9999993639146445e-01   5.9999999779227309e-01   8.7766199613172974e-10   0.0000000000000000e+00   0.0000000000000000e+00
0064   2.4414062500000000e-01   9.9999996181936712e-01   5.9999999867464349e-01   8.7867563556262003e-10   0.0000000000000000e+00   0.0000000000000000e+00
0065   2.4804687500000000e-01   9.9999998727091022e-01   5.9999999955848471e-01   8.7933840356445081e-10   0.0000000000000000e+00   0.0000000000000000e+00
0066   2.5195312500000000e-01   1.0000000127289359e+00   6.0000000044140134e-01   8.7931281616691834e-10   0.0000000000000000e+00   0.0000000000000000e+00
0067   2.5585937500000000e-01   1.0000000381804590e+00   6.0000000132524489e-01   8.7859969092847923e-10   0.0000000000000000e+00   0.0000000000000000e+00
0068   2.5976562500000000e-01   1.0000000636083419e+00   6.0000000220761596e-01   8.7753538996545869e-10   0.0000000000000000e+00   0.0000000000000000e+00
0069   2.6367187500000000e-01   1.0000000889982088e+00   6.0000000308894763e-01   8.7589282133012153e-10   0.0000000000000000e+00   0.0000000000000000e+00
0070   2.6757812500000000e-01   1.0000001143343487e+00   6.0000000396830733e-01   8.7374808398603514e-10   0.0000000000000000e+00   0.0000000000000000e+00
0071   2.7148437500000000e-01   1.0000001396016436e+00   6.0000000484532279e-01   8.7107938554349406e-10   0.0000000000000000e+00   0.0000000000000000e+00
0072   2.7539062500000000e-01   1.0000001647848802e+00   6.0000000571941225e-01   8.6789092982782793e-10   0.0000000000000000e+00   0.0000000000000000e+00
0073   2.7929687500000000e-01   1.0000001898688418e+00   6.0000000659006913e-01   8.6418470806713637e-10   0.0000000000000000e+00   0.0000000000000000e+00
0074   2.8320312500000000e-01   1.0000002148384373e+00   6.0000000745676363e-01   8.5996198113352326e-10   0.0000000000000000e+00   0.0000000000000000e+00
0075   2.8710937500000000e-01   1.0000002396786625e+00   6.0000000831897793e-01   8.5522594337876858e-10   0.0000000000000000e+00   0.0000000000000000e+00
0076   2.9101562500000000e-01   1.0000002643744308e+00   6.0000000917619312e-01   8.4997890327511716e-10   0.0000000000000000e+00   0.0000000000000000e+00
0077   2.9492187500000000e-01   1.0000002889110626e+00   6.0000001002789494e-01   8.4422385205637699e-10   0.0000000000000000e+00   0.0000000000000000e+00
0078   2.9882812500000000e-01   1.0000003132736959e+00   6.0000001087357180e-01   8.3796449736751678e-10   0.0000000000000000e+00   0.0000000000000000e+00
0079   3.0273437500000000e-01   1.0000003374475619e+00   6.0000001171271589e-01   8.3120417153587872e-10   0.0000000000000000e+00   0.0000000000000000e+00
0080   3.0664062500000000e-01   1.0000003614182227e+00   6.0000001254482338e-01   8.2394652056397106e-10   0.0000000000000000e+00   0.0000000000000000e+00
0081   3.1054687500000000e-01   1.0000003851712398e+00   6.0000001336939457e-01   8.1619629735178219e-10   0.0000000000000000e+00   0.0000000000000000e+00
0082   3.1445312500000000e-01   1.0000004086922027e+00   6.0000001418593407e-01   8.0795765132457439e-10   0.0000000000000000e+00   0.0000000000000000e+00
0083   3.1835937500000000e-01   1.0000004319669913e+00   6.0000001499395161e-01   7.9923445970925041e-10   0.0000000000000000e+00   0.0000000000000000e+00
0084   3.2226562500000000e-01   1.0000004549816668e+00   6.0000001579296103e-01   7.9003184368664559e-10   0.0000000000000000e+00   0.0000000000000000e+00
0085   3.2617187500000000e-01   1.0000004777222922e+00   6.0000001658248248e-01   7.8035510662195114e-10   0.0000000000000000e+00   0.0000000000000000e+00
0086   3.3007812500000000e-01   1.0000005001751486e+00   6.0000001736204045e-01   7.7020836707697486e-10   0.0000000000000000e+00   0.0000000000000000e+00
0087   3.3398437500000000e-01   1.0000005223267869e+00   6.0000001813116588e-01   7.5959732010824878e-10   0.0000000000000000e+00   0.0000000000000000e+00
0088   3.3789062500000000e-01   1.0000005441637332e+00   6.0000001888939558e-01   7.4852692479079904e-10   0.0000000000000000e+00   0.0000000000000000e+00
0089   3.4179687500000000e-01   1.0000005656729882e+00   6.0000001963627148e-01   7.3700307116372873e-10   0.0000000000000000e+00   0.0000000000000000e+00
0090   3.4570312500000000e-01   1.0000005868415274e+00   6.0000002037134281e-01   7.2503114815238331e-10   0.0000000000000000e+00   0.0000000000000000e+00
0091   3.4960937500000000e-01   1.0000006076565815e+00   6.0000002109416528e-01   7.1261698911667502e-10   0.0000000000000000e+00   0.0000000000000000e+00
0092   3.5351562500000000e-01   1.0000006281056288e+00   6.0000002180430101e-01   6.9976646958758940e-10   0.0000000000000000e+00   0.0000000000000000e+00
0093   3.5742187500000000e-01   1.0000006481763728e+00   6.0000002250131945e-01   6.8648643968628952e-10   0.0000000000000000e+00   0.0000000000000000e+00
0094   3.6132812500000000e-01   1.0000006678566389e+00   6.0000002318479695e-01   6.7278281871975527e-10   0.0000000000000000e+00   0.0000000000000000e+00
0095   3.6523437500000000e-01   1.0000006871346792e+00   6.0000002385431739e-01   6.5866289338092728e-10   0.0000000000000000e+00   0.0000000000000000e+00
0096   3.6914062500000000e-01   1.0000007059987661e+00   6.0000002450947221e-01   6.4413250575485537e-10   0.0000000000000000e+00   0.0000000000000000e+00
0097   3.7304687500000000e-01   1.0000007244376428e+00   6.0000002514986128e-01   6.2920005307714349e-10   0.0000000000000000e+00   0.0000000000000000e+00
0098   3.7695312500000000e-01   1.0000007424400994e+00   6.0000002577509204e-01   6.1387258336702481e-10   0.0000000000000000e+00   0.0000000000000000e+00
0099   3.8085937500000000e-01   1.0000007599953238e+00   6.0000002638478045e-01   5.9815769716280381e-10   0.0000000000000000e+00   0.0000000000000000e+00
0100   3.8476562500000000e-01   1.0000007770927595e+00   6.0000002697855082e-01   5.8206387887445624e-10   0.0000000000000000e+00   0.0000000000000000e+00
0101   3.8867187500000000e-01   1.0000007937220161e+00   6.0000002755603643e-01   5.6559985395998723e-10   0.0000000000000000e+00   0.0000000000000000e+00
0102   3.9257812500000000e-01   1.0000008098731743e+00   6.0000002811687969e-01   5.4877449957520072e-10   0.0000000000000000e+00   0.0000000000000000e+00
0103   3.9648437500000000e-01   1.0000008255363324e+00   6.0000002866073332e-01   5.3159738333390029e-10   0.0000000000000000e+00   0.0000000000000000e+00
0104   4.0039062500000000e-01   1.0000008407022369e+00   6.0000002918725848e-01   5.1407877540360124e-10   0.0000000000000000e+00   0.0000000000000000e+00
0105   4.0429687500000000e-01   1.0000008553616815e+00   6.0000002969612720e-01   4.9622905957745092e-10   0.0000000000000000e+00   0.0000000000000000e+00
0106   4.0820312500000000e-01   1.0000008695057894e+00   6.0000003018702175e-01   4.7805974156272841e-10   0.0000000000000000e+00   0.0000000000000000e+00
0107   4.1210937500000000e-01   1.0000008831260501e+00   6.0000003065963547e-01   4.5958206827284016e-10   0.0000000000000000e+00   0.0000000000000000e+00
0108   4.1601562500000000e-01   1.0000008962142006e+00   6.0000003111367206e-01   4.4080895841596280e-10   0.0000000000000000e+00   0.0000000000000000e+00
0109   4.1992187500000000e-01   1.0000009087624262e+00   6.0000003154884707e-01   4.2175357576054172e-10   0.0000000000000000e+00   0.0000000000000000e+00
0110   4.2382812500000000e-01   1.0000009207630809e+00   6.0000003196488838e-01   4.0243050615844034e-10   0.0000000000000000e+00   0.0000000000000000e+00
0111   4.2773437500000000e-01   1.0000009322089813e+00   6.0000003236153598e-01   3.8285413641217933e-10   0.0000000000000000e+00   0.0000000000000000e+00
0112   4.3164062500000000e-01   1.0000009430931709e+00   6.0000003273854208e-01   3.6304060588835726e-10   0.0000000000000000e+00   0.0000000000000000e+00
0113   4.3554687500000000e-01   1.0000009534091674e+00   6.0000003309567196e-01   3.4300576812472413e-10   0.0000000000000000e+00   0.0000000000000000e+00
0114   4.3945312500000000e-01   1.0000009631506934e+00   6.0000003343270414e-01   3.2276665102006681e-10   0.0000000000000000e+00   0.0000000000000000e+00
0115   4.4335937500000000e-01   1.0000009723118954e+00   6.0000003374943112e-01   3.0234116270992781e-10   0.0000000000000000e+00   0.0000000000000000e+00
0116   4.4726562500000000e-01   1.0000009808872032e+00   6.0000003404566182e-01   2.8174898652052455e-10   0.0000000000000000e+00   0.0000000000000000e+00
0117   4.5117187500000000e-01   1.0000009888715666e+00   6.0000003432122118e-01   2.6101210042747883e-10   0.0000000000000000e+00   0.0000000000000000e+00
0118   4.5507812500000000e-01   1.0000009962600731e+00   6.0000003457595052e-01   2.4015425060931572e-10   0.0000000000000000e+00   0.0000000000000000e+00
0119   4.5898437500000000e-01   1.0000010030482960e+00   6.0000003480970598e-01   2.1919706940679942e-10   0.0000000000000000e+00   0.0000000000000000e+00
0120   4.6289062500000000e-01   1.0000010092322293e+00   6.0000003502235710e-01   1.9816054982502820e-10   0.0000000000000000e+00   0.0000000000000000e+00
0121   4.6679687500000000e-01   1.0000010148081075e+00   6.0000003521378631e-01   1.7706675908673003e-10   0.0000000000000000e+00   0.0000000000000000e+00
0122   4.7070312500000000e-01   1.0000010197725726e+00   6.0000003538390034e-01   1.5593710492086493e-10   0.0000000000000000e+00   0.0000000000000000e+00
0123   4.7460937500000000e-01   1.0000010241226893e+00   6.0000003553262216e-01   1.3482693031369652e-10   0.0000000000000000e+00   0.0000000000000000e+00
0124   4.7851562500000000e-01   1.0000010278559504e+00   6.0000003565994675e-01   1.1373995675229382e-10   0.0000000000000000e+00   0.0000000000000000e+00
0125   4.8242187500000000e-01   1.0000010309700402e+00   6.0000003576582761e-01   9.2917742634233306e-11   0.0000000000000000e+00   0.0000000000000000e+00
0126   4.8632812500000000e-01   1.0000010334634815e+00   6.0000003585045458e-01   7.1914825832707511e-11   0.0000000000000000e+00   0.0000000000000000e+00
0127   4.9023437500000000e-01   1.0000010353345470e+00   6.0000003591365114e-01   5.2497312928216180e-11   0.0000000000000000e+00   0.0000000000000000e+00
0128   4.9414062500000000e-01   1.0000010365825112e+00   6.0000003595575968e-01   2.9788055932000658e-11   0.0000000000000000e+00   0.0000000000000000e+00
0129   4.9804687500000000e-01   1.0000010372066286e+00   6.0000003597683838e-01   1.8540025638691751e-11   0.0000000000000000e+00   0.0000000000000000e+00
0130   5.0195312500000000e-01   1.0000010372066122e+00   6.0000003597683838e-01  -1.8541851175929478e-11   0.0000000000000000e+00   0.0000000000000000e+00
0131   5.0585937500000000e-01   1.0000010365825331e+00   6.0000003595575968e-01  -2.9790030492212214e-11   0.0000000000000000e+00   0.0000000000000000e+00
0132   5.0976562500000000e-01   1.0000010353345203e+00   6.0000003591365125e-01  -5.2499287488404381e-11   0.0000000000000000e+00   0.0000000000000000e+00
0133   5.1367187500000000e-01   1.0000010334634517e+00   6.0000003585045469e-01  -7.1916278812433629e-11   0.0000000000000000e+00   0.0000000000000000e+00
0134   5.1757812500000000e-01   1.0000010309700560e+00   6.0000003576582761e-01  -9.2919121102468127e-11   0.0000000000000000e+00   0.0000000000000000e+00
0135   5.2148437500000000e-01   1.0000010278559246e+00   6.0000003565994675e-01  -1.1374137247631542e-10   0.0000000000000000e+00   0.0000000000000000e+00
0136   5.2539062500000000e-01   1.0000010241226658e+00   6.0000003553262182e-01  -1.3482856957222820e-10   0.0000000000000000e+00   0.0000000000000000e+00
0137   5.2929687500000000e-01   1.0000010197725657e+00   6.0000003538390023e-01  -1.5593859515620779e-10   0.0000000000000000e+00   0.0000000000000000e+00
0138   5.3320312500000000e-01   1.0000010148080847e+00   6.0000003521378609e-01  -1.7706877090269824e-10   0.0000000000000000e+00   0.0000000000000000e+00
0139   5.3710937500000000e-01   1.0000010092322211e+00   6.0000003502235699e-01  -1.9816196554898928e-10   0.0000000000000000e+00   0.0000000000000000e+00
0140   5.4101562500000000e-01   1.0000010030482862e+00   6.0000003480970621e-01  -2.1919841061917354e-10   0.0000000000000000e+00   0.0000000000000000e+00
0141   5.4492187500000000e-01   1.0000009962600480e+00   6.0000003457595097e-01  -2.4015551731010509e-10   0.0000000000000000e+00   0.0000000000000000e+00
0142   5.4882812500000000e-01   1.0000009888715431e+00   6.0000003432122206e-01  -2.6101370243005450e-10   0.0000000000000000e+00   0.0000000000000000e+00
0143   5.5273437500000000e-01   1.0000009808872390e+00   6.0000003404566304e-01  -2.8174995517494864e-10   0.0000000000000000e+00   0.0000000000000000e+00
0144   5.5664062500000000e-01   1.0000009723118901e+00   6.0000003374943278e-01  -3.0234235489941257e-10   0.0000000000000000e+00   0.0000000000000000e+00
0145   5.6054687500000000e-01   1.0000009631506999e+00   6.0000003343270569e-01  -3.2276806674359496e-10   0.0000000000000000e+00   0.0000000000000000e+00
0146   5.6445312500000000e-01   1.0000009534091905e+00   6.0000003309567385e-01  -3.4300748189444242e-10   0.0000000000000000e+00   0.0000000000000000e+00
0147   5.6835937500000000e-01   1.0000009430931998e+00   6.0000003273854408e-01  -3.6304272947125915e-10   0.0000000000000000e+00   0.0000000000000000e+00
0148   5.7226562500000000e-01   1.0000009322089729e+00   6.0000003236153809e-01  -3.8285644627413710e-10   0.0000000000000000e+00   0.0000000000000000e+00
0149   5.7617187500000000e-01   1.0000009207630247e+00   6.0000003196489060e-01  -4.0243259248527447e-10   0.0000000000000000e+00   0.0000000000000000e+00
0150   5.8007812500000000e-01   1.0000009087624260e+00   6.0000003154884940e-01  -4.2175596013378462e-10   0.0000000000000000e+00   0.0000000000000000e+00
0151   5.8398437500000000e-01   1.0000008962141615e+00   6.0000003111367417e-01  -4.4081152906796229e-10   0.0000000000000000e+00   0.0000000000000000e+00
0152   5.8789062500000000e-01   1.0000008831260330e+00   6.0000003065963770e-01  -4.5958452715702722e-10   0.0000000000000000e+00   0.0000000000000000e+00
0153   5.9179687500000000e-01   1.0000008695057829e+00   6.0000003018702408e-01  -4.7806212593578742e-10   0.0000000000000000e+00   0.0000000000000000e+00
0154   5.9570312500000000e-01   1.0000008553616504e+00   6.0000002969612931e-01  -4.9623166748509047e-10   0.0000000000000000e+00   0.0000000000000000e+00
0155   5.9960937500000000e-01   1.0000008407022620e+00   6.0000002918726014e-01  -5.1408130879964563e-10   0.0000000000000000e+00   0.0000000000000000e+00
0156   6.0351562500000000e-01   1.0000008255363817e+00   6.0000002866073487e-01  -5.3160025203212611e-10   0.0000000000000000e+00   0.0000000000000000e+00
0157   6.0742187500000000e-01   1.0000008098730986e+00   6.0000002811688169e-01  -5.4877695846007357e-10   0.0000000000000000e+00   0.0000000000000000e+00
0158   6.1132812500000000e-01   1.0000007937219957e+00   6.0000002755603821e-01  -5.6560205205397644e-10   0.0000000000000000e+00   0.0000000000000000e+00
0159   6.1523437500000000e-01   1.0000007770927291e+00   6.0000002697855292e-01  -5.8206589068944659e-10   0.0000000000000000e+00   0.0000000000000000e+00
0160   6.1914062500000000e-01   1.0000007599953062e+00   6.0000002638478278e-01  -5.9815963446687130e-10   0.0000000000000000e+00   0.0000000000000000e+00
0161   6.2304687500000000e-01   1.0000007424400914e+00   6.0000002577509459e-01  -6.1387388732263394e-10   0.0000000000000000e+00   0.0000000000000000e+00
0162   6.2695312500000000e-01   1.0000007244376257e+00   6.0000002514986384e-01  -6.2920154331153020e-10   0.0000000000000000e+00   0.0000000000000000e+00
0163   6.3085937500000000e-01   1.0000007059988090e+00   6.0000002450947465e-01  -6.4413366068726797e-10   0.0000000000000000e+00   0.0000000000000000e+00
0164   6.3476562500000000e-01   1.0000006871346949e+00   6.0000002385431916e-01  -6.5866363850014770e-10   0.0000000000000000e+00   0.0000000000000000e+00
0165   6.3867187500000000e-01   1.0000006678566560e+00   6.0000002318479828e-01  -6.7278378737325504e-10   0.0000000000000000e+00   0.0000000000000000e+00
0166   6.4257812500000000e-01   1.0000006481763504e+00   6.0000002250132056e-01  -6.8648711029369650e-10   0.0000000000000000e+00   0.0000000000000000e+00
0167   6.4648437500000000e-01   1.0000006281056610e+00   6.0000002180430212e-01  -6.9976706568341343e-10   0.0000000000000000e+00   0.0000000000000000e+00
0168   6.5039062500000000e-01   1.0000006076565768e+00   6.0000002109416606e-01  -7.1261702637650086e-10   0.0000000000000000e+00   0.0000000000000000e+00
0169   6.5429687500000000e-01   1.0000005868415427e+00   6.0000002037134348e-01  -7.2503099913276403e-10   0.0000000000000000e+00   0.0000000000000000e+00
0170   6.5820312500000000e-01   1.0000005656730047e+00   6.0000001963627192e-01  -7.3700288488880528e-10   0.0000000000000000e+00   0.0000000000000000e+00
0171   6.6210937500000000e-01   1.0000005441637618e+00   6.0000001888939580e-01  -7.4852673851495050e-10   0.0000000000000000e+00   0.0000000000000000e+00
0172   6.6601562500000000e-01   1.0000005223267547e+00   6.0000001813116610e-01  -7.5959694755435915e-10   0.0000000000000000e+00   0.0000000000000000e+00
0173   6.6992187500000000e-01   1.0000005001751422e+00   6.0000001736204045e-01  -7.7020780824322765e-10   0.0000000000000000e+00   0.0000000000000000e+00
0174   6.7382812500000000e-01   1.0000004777222640e+00   6.0000001658248225e-01  -7.8035451053297866e-10   0.0000000000000000e+00   0.0000000000000000e+00
0175   6.7773437500000000e-01   1.0000004549816388e+00   6.0000001579296081e-01  -7.9003150838728186e-10   0.0000000000000000e+00   0.0000000000000000e+00
0176   6.8164062500000000e-01   1.0000004319670286e+00   6.0000001499395106e-01  -7.9923419892084460e-10   0.0000000000000000e+00   0.0000000000000000e+00
0177   6.8554687500000000e-01   1.0000004086921719e+00   6.0000001418593329e-01  -8.0795716700221710e-10   0.0000000000000000e+00   0.0000000000000000e+00
0178   6.8945312500000000e-01   1.0000003851712154e+00   6.0000001336939346e-01  -8.1619622284315527e-10   0.0000000000000000e+00   0.0000000000000000e+00
0179   6.9335937500000000e-01   1.0000003614182433e+00   6.0000001254482238e-01  -8.2394640879866716e-10   0.0000000000000000e+00   0.0000000000000000e+00
0180   6.9726562500000000e-01   1.0000003374475532e+00   6.0000001171271500e-01  -8.3120376172462369e-10   0.0000000000000000e+00   0.0000000000000000e+00
0181   7.0117187500000000e-01   1.0000003132736885e+00   6.0000001087357113e-01  -8.3796434834670161e-10   0.0000000000000000e+00   0.0000000000000000e+00
0182   7.0507812500000000e-01   1.0000002889110835e+00   6.0000001002789438e-01  -8.4422351675571954e-10   0.0000000000000000e+00   0.0000000000000000e+00
0183   7.0898437500000000e-01   1.0000002643744643e+00   6.0000000917619278e-01  -8.4997867974148497e-10   0.0000000000000000e+00   0.0000000000000000e+00
0184   7.1289062500000000e-01   1.0000002396786456e+00   6.0000000831897815e-01  -8.5522568259006725e-10   0.0000000000000000e+00   0.0000000000000000e+00
0185   7.1679687500000000e-01   1.0000002148384617e+00   6.0000000745676407e-01  -8.5996186936718352e-10   0.0000000000000000e+00   0.0000000000000000e+00
0186   7.2070312500000000e-01   1.0000001898688464e+00   6.0000000659006936e-01  -8.6418467081295520e-10   0.0000000000000000e+00   0.0000000000000000e+00
0187   7.2460937500000000e-01   1.0000001647848786e+00   6.0000000571941303e-01  -8.6789074354951925e-10   0.0000000000000000e+00   0.0000000000000000e+00
0188   7.2851562500000000e-01   1.0000001396016680e+00   6.0000000484532368e-01  -8.7107908749755927e-10   0.0000000000000000e+00   0.0000000000000000e+00
0189   7.3242187500000000e-01   1.0000001143343407e+00   6.0000000396830822e-01  -8.7374778594065880e-10   0.0000000000000000e+00   0.0000000000000000e+00
0190   7.3632812500000000e-01   1.0000000889982126e+00   6.0000000308894863e-01  -8.7589226249362209e-10   0.0000000000000000e+00   0.0000000000000000e+00
0191   7.4023437500000000e-01   1.0000000636083608e+00   6.0000000220761718e-01  -8.7753471936187204e-10   0.0000000000000000e+00   0.0000000000000000e+00
0192   7.4414062500000000e-01   1.0000000381804577e+00   6.0000000132524633e-01  -8.7859890855773921e-10   0.0000000000000000e+00   0.0000000000000000e+00
0193   7.4804687500000000e-01   1.0000000127289463e+00   6.0000000044140311e-01  -8.7931210830658430e-10   0.0000000000000000e+00   0.0000000000000000e+00
0194   7.5195312500000000e-01   9.9999998727093720e-01   5.9999999955848715e-01  -8.7933724863455274e-10   0.0000000000000000e+00   0.0000000000000000e+00
0195   7.5585937500000000e-01   9.9999996181934903e-01   5.9999999867464593e-01  -8.7867462965717642e-10   0.0000000000000000e+00   0.0000000000000000e+00
0196   7.5976562500000000e-01   9.9999993639147233e-01   5.9999999779227620e-01  -8.7766046864479513e-10   0.0000000000000000e+00   0.0000000000000000e+00
0197   7.6367187500000000e-01   9.9999991100161800e-01   5.9999999691094530e-01  -8.7606834838337925e-10   0.0000000000000000e+00   0.0000000000000000e+00
0198   7.6757812500000000e-01   9.9999988566549836e-01   5.9999999603158760e-01  -8.7397366410690118e-10   0.0000000000000000e+00   0.0000000000000000e+00
0199   7.7148437500000000e-01   9.9999986039819400e-01   5.9999999515457436e-01  -8.7135444122673327e-10   0.0000000000000000e+00   0.0000000000000000e+00
0200   7.7539062500000000e-01   9.9999983521498204e-01   5.9999999428048778e-01  -8.6821488761072779e-10   0.0000000000000000e+00   0.0000000000000000e+00
0201   7.7929687500000000e-01   9.9999981013102712e-01   5.9999999340983379e-01  -8.6455688670157291e-10   0.0000000000000000e+00   0.0000000000000000e+00
0202   7.8320312500000000e-01   9.9999978516144095e-01   5.9999999254314240e-01  -8.6038166603710856e-10   0.0000000000000000e+00   0.0000000000000000e+00
0203   7.8710937500000000e-01   9.9999976032124938e-01   5.9999999168093121e-01  -8.5569130614485653e-10   0.0000000000000000e+00   0.0000000000000000e+00
0204   7.9101562500000000e-01   9.9999973562537658e-01   5.9999999082371902e-01  -8.5048878986500724e-10   0.0000000000000000e+00   0.0000000000000000e+00
0205   7.9492187500000000e-01   9.9999971108877461e-01   5.9999998997202042e-01  -8.4477692582544860e-10   0.0000000000000000e+00   0.0000000000000000e+00
0206   7.9882812500000000e-01   9.9999968672620110e-01   5.9999998912634667e-01  -8.3855856835895016e-10   0.0000000000000000e+00   0.0000000000000000e+00
0207   8.0273437500000000e-01   9.9999966255229344e-01   5.9999998828720558e-01  -8.3183820818573120e-10   0.0000000000000000e+00   0.0000000000000000e+00
0208   8.0664062500000000e-01   9.9999963858164775e-01   5.9999998745510130e-01  -8.2461867502562780e-10   0.0000000000000000e+00   0.0000000000000000e+00
0209   8.1054687500000000e-01   9.9999961482866084e-01   5.9999998663053333e-01  -8.1690427792881583e-10   0.0000000000000000e+00   0.0000000000000000e+00
0210   8.1445312500000000e-01   9.9999959130771299e-01   5.9999998581399694e-01  -8.0869946744987406e-10   0.0000000000000000e+00   0.0000000000000000e+00
0211   8.1835937500000000e-01   9.9999956803290002e-01   5.9999998500598262e-01  -8.0000838455101800e-10   0.0000000000000000e+00   0.0000000000000000e+00
0212   8.2226562500000000e-01   9.9999954501826160e-01   5.9999998420697576e-01  -7.9083570614234059e-10   0.0000000000000000e+00   0.0000000000000000e+00
0213   8.2617187500000000e-01   9.9999952227764766e-01   5.9999998341745731e-01  -7.8118595585646481e-10   0.0000000000000000e+00   0.0000000000000000e+00
0214   8.3007812500000000e-01   9.9999949982477321e-01   5.9999998263790200e-01  -7.7106459593997901e-10   0.0000000000000000e+00   0.0000000000000000e+00
0215   8.3398437500000000e-01   9.9999947767320307e-01   5.9999998186877956e-01  -7.6047646688325525e-10   0.0000000000000000e+00   0.0000000000000000e+00
0216   8.3789062500000000e-01   9.9999945583617988e-01   5.9999998111055308e-01  -7.4942693971163603e-10   0.0000000000000000e+00   0.0000000000000000e+00
0217   8.4179687500000000e-01   9.9999943432693272e-01   5.9999998036367985e-01  -7.3792164563700947e-10   0.0000000000000000e+00   0.0000000000000000e+00
0218   8.4570312500000000e-01   9.9999941315843544e-01   5.9999997962861140e-01  -7.2596619889479267e-10   0.0000000000000000e+00   0.0000000000000000e+00
0219   8.4960937500000000e-01   9.9999939234336066e-01   5.9999997890579171e-01  -7.1356662071783601e-10   0.0000000000000000e+00   0.0000000000000000e+00
0220   8.5351562500000000e-01   9.9999937189433086e-01   5.9999997819565865e-01  -7.0072878803478462e-10   0.0000000000000000e+00   0.0000000000000000e+00
0221   8.5742187500000000e-01   9.9999935182359312e-01   5.9999997749864309e-01  -6.8745847175598743e-10   0.0000000000000000e+00   0.0000000000000000e+00
0222   8.6132812500000000e-01   9.9999933214331693e-01   5.9999997681516859e-01  -6.7376330596262347e-10   0.0000000000000000e+00   0.0000000000000000e+00
0223   8.6523437500000000e-01   9.9999931286530885e-01   5.9999997614565104e-01  -6.5964886439066340e-10   0.0000000000000000e+00   0.0000000000000000e+00
0224   8.6914062500000000e-01   9.9999929400120868e-01   5.9999997549049899e-01  -6.4512270349869262e-10   0.0000000000000000e+00   0.0000000000000000e+00
0225   8.7304687500000000e-01   9.9999927556237200e-01   5.9999997485011292e-01  -6.3019180520742779e-10   0.0000000000000000e+00   0.0000000000000000e+00
0226   8.7695312500000000e-01   9.9999925755992436e-01   5.9999997422488527e-01  -6.1486359029381740e-10   0.0000000000000000e+00   0.0000000000000000e+00
0227   8.8085937500000000e-01   9.9999924000469698e-01   5.9999997361520030e-01  -5.9914610636228557e-10   0.0000000000000000e+00   0.0000000000000000e+00
0228   8.8476562500000000e-01   9.9999922290730558e-01   5.9999997302143337e-01  -5.8304727877738709e-10   0.0000000000000000e+00   0.0000000000000000e+00
0229   8.8867187500000000e-01   9.9999920627802064e-01   5.9999997244395109e-01  -5.6657609337624166e-10   0.0000000000000000e+00   0.0000000000000000e+00
0230   8.9257812500000000e-01   9.9999919012692362e-01   5.9999997188311094e-01  -5.4974124042220617e-10   0.0000000000000000e+00   0.0000000000000000e+00
0231   8.9648437500000000e-01   9.9999917446369091e-01   5.9999997133926120e-01  -5.3255269652807421e-10   0.0000000000000000e+00   0.0000000000000000e+00
0232   9.0039062500000000e-01   9.9999915929778849e-01   5.9999997081273915e-01  -5.1502032103418931e-10   0.0000000000000000e+00   0.0000000000000000e+00
0233   9.0429687500000000e-01   9.9999914463838147e-01   5.9999997030387375e-01  -4.9715490633727324e-10   0.0000000000000000e+00   0.0000000000000000e+00
0234   9.0820312500000000e-01   9.9999913049428168e-01   5.9999996981298243e-01  -4.7896762143998744e-10   0.0000000000000000e+00   0.0000000000000000e+00
0235   9.1210937500000000e-01   9.9999911687401755e-01   5.9999996934037192e-01  -4.6047049403367390e-10   0.0000000000000000e+00   0.0000000000000000e+00
0236   9.1601562500000000e-01   9.9999910378586410e-01   5.9999996888633844e-01  -4.4167591946857527e-10   0.0000000000000000e+00   0.0000000000000000e+00
0237   9.1992187500000000e-01   9.9999909123768793e-01   5.9999996845116643e-01  -4.2259691052857896e-10   0.0000000000000000e+00   0.0000000000000000e+00
0238   9.2382812500000000e-01   9.9999907923702869e-01   5.9999996803512812e-01  -4.0324831172111976e-10   0.0000000000000000e+00   0.0000000000000000e+00
0239   9.2773437500000000e-01   9.9999906779113079e-01   5.9999996763848351e-01  -3.8364458205448820e-10   0.0000000000000000e+00   0.0000000000000000e+00
0240   9.3164062500000000e-01   9.9999905690689839e-01   5.9999996726148008e-01  -3.6380159763145638e-10   0.0000000000000000e+00   0.0000000000000000e+00
0241   9.3554687500000000e-01   9.9999904659091876e-01   5.9999996690435287e-01  -3.4373576819497969e-10   0.0000000000000000e+00   0.0000000000000000e+00
0242   9.3945312500000000e-01   9.9999903684941094e-01   5.9999996656732291e-01  -3.2346352276435887e-10   0.0000000000000000e+00   0.0000000000000000e+00
0243   9.4335937500000000e-01   9.9999902768825633e-01   5.9999996625059815e-01  -3.0300373519614870e-10   0.0000000000000000e+00   0.0000000000000000e+00
0244   9.4726562500000000e-01   9.9999901911289690e-01   5.9999996595436944e-01  -2.8237604849087012e-10   0.0000000000000000e+00   0.0000000000000000e+00
0245   9.5117187500000000e-01   9.9999901112856282e-01   5.9999996567881209e-01  -2.6160247468352056e-10   0.0000000000000000e+00   0.0000000000000000e+00
0246   9.5507812500000000e-01   9.9999900374008410e-01   5.9999996542408451e-01  -2.4070589974835922e-10   0.0000000000000000e+00   0.0000000000000000e+00
0247   9.5898437500000000e-01   9.9999899695182159e-01   5.9999996519033083e-01  -2.1970877221327609e-10   0.0000000000000000e+00   0.0000000000000000e+00
0248   9.6289062500000000e-01   9.9999899076792897e-01   5.9999996497768115e-01  -1.9863085799438994e-10   0.0000000000000000e+00   0.0000000000000000e+00
0249   9.6679687500000000e-01   9.9999898519205421e-01   5.9999996478625339e-01  -1.7749451871122334e-10   0.0000000000000000e+00   0.0000000000000000e+00
0250   9.7070312500000000e-01   9.9999898022758249e-01   5.9999996461614025e-01  -1.5632022695249529e-10   0.0000000000000000e+00   0.0000000000000000e+00
0251   9.7460937500000000e-01   9.9999897587743591e-01   5.9999996446741988e-01  -1.3516388078468265e-10   0.0000000000000000e+00   0.0000000000000000e+00
0252   9.7851562500000000e-01   9.9999897214421707e-01   5.9999996434009628e-01  -1.1402893696717143e-10   0.0000000000000000e+00   0.0000000000000000e+00
0253   9.8242187500000000e-01   9.9999896903007623e-01   5.9999996423421664e-01  -9.3157397456065780e-11   0.0000000000000000e+00   0.0000000000000000e+00
0254   9.8632812500000000e-01   9.9999896653665310e-01   5.9999996414959111e-01  -7.2102677467277962e-11   0.0000000000000000e+00   0.0000000000000000e+00
0255   9.9023437500000000e-01   9.9999896466561933e-01   5.9999996408639589e-01  -5.2633043962194165e-11   0.0000000000000000e+00   0.0000000000000000e+00
0256   9.9414062500000000e-01   9.9999896341765937e-01   5.9999996404428801e-01  -2.9870254286471226e-11   0.0000000000000000e+00   0.0000000000000000e+00
0257   9.9804687500000000e-01   9.9999896279347789e-01   5.9999996402320854e-01  -1.8567342904089721e-11   0.0000000000000000e+00   0.0000000000000000e+00
