# Athena++ data at time=5.400193e+01  cycle=27649  variables=prim 
# i       x1v         rho          press          vel1         vel2         vel3     
0002   1.9531250000000000e-03   9.9999899963753580e-01   6.0000000086730054e-01   4.4260825506184630e-10   0.0000000000000000e+00   0.0000000000000000e+00
0003   5.8593750000000000e-03   9.9999900023995070e-01   6.0000000086661631e-01   1.3288153230673203e-09   0.0000000000000000e+00   0.0000000000000000e+00
0004   9.7656250000000000e-03   9.9999900144476472e-01   6.0000000086558891e-01   2.2135126888883631e-09   0.0000000000000000e+00   0.0000000000000000e+00
0005   1.3671875000000000e-02   9.9999900325102076e-01   6.0000000086398864e-01   3.0971747416785815e-09   0.0000000000000000e+00   0.0000000000000000e+00
0006   1.7578125000000000e-02   9.9999900565770727e-01   6.0000000086189076e-01   3.9788508958174622e-09   0.0000000000000000e+00   0.0000000000000000e+00
0007   2.1484375000000000e-02   9.9999900866335412e-01   6.0000000085927419e-01   4.8581715391784126e-09   0.0000000000000000e+00   0.0000000000000000e+00
0008   2.5390625000000000e-02   9.9999901226613663e-01   6.0000000085614225e-01   5.7345497013379127e-09   0.0000000000000000e+00   0.0000000000000000e+00
0009   2.9296875000000000e-02   9.9999901646388634e-01   6.0000000085249694e-01   6.6074765875859130e-09   0.0000000000000000e+00   0.0000000000000000e+00
0010   3.3203125000000000e-02   9.9999902125411644e-01   6.0000000084833893e-01   7.4764195183190694e-09   0.0000000000000000e+00   0.0000000000000000e+00
0011   3.7109375000000000e-02   9.9999902663388274e-01   6.0000000084367111e-01   8.3408573037012768e-09   0.0000000000000000e+00   0.0000000000000000e+00
0012   4.1015625000000000e-02   9.9999903259996936e-01   6.0000000083849592e-01   9.2002680785184577e-09   0.0000000000000000e+00   0.0000000000000000e+00
0013   4.4921875000000000e-02   9.9999903914877109e-01   6.0000000083281646e-01   1.0054134794635972e-08   0.0000000000000000e+00   0.0000000000000000e+00
0014   4.8828125000000000e-02   9.9999904627637215e-01   6.0000000082663607e-01   1.0901942440845461e-08   0.0000000000000000e+00   0.0000000000000000e+00
0015   5.2734375000000000e-02   9.9999905397845734e-01   6.0000000081995830e-01   1.1743181296141875e-08   0.0000000000000000e+00   0.0000000000000000e+00
0016   5.6640625000000000e-02   9.9999906225039947e-01   6.0000000081278715e-01   1.2577343959077255e-08   0.0000000000000000e+00   0.0000000000000000e+00
0017   6.0546875000000000e-02   9.9999907108719166e-01   6.0000000080512739e-01   1.3403928819989467e-08   0.0000000000000000e+00   0.0000000000000000e+00
0018   6.4453125000000000e-02   9.9999908048353392e-01   6.0000000079698368e-01   1.4222438687402268e-08   0.0000000000000000e+00   0.0000000000000000e+00
0019   6.8359375000000000e-02   9.9999909043375512e-01   6.0000000078836135e-01   1.5032380827399548e-08   0.0000000000000000e+00   0.0000000000000000e+00
0020   7.2265625000000000e-02   9.9999910093188360e-01   6.0000000077926541e-01   1.5833268974622016e-08   0.0000000000000000e+00   0.0000000000000000e+00
0021   7.6171875000000000e-02   9.9999911197156233e-01   6.0000000076970195e-01   1.6624621763597562e-08   0.0000000000000000e+00   0.0000000000000000e+00
0022   8.0078125000000000e-02   9.9999912354616383e-01   6.0000000075967697e-01   1.7405963392129759e-08   0.0000000000000000e+00   0.0000000000000000e+00
0023   8.3984375000000000e-02   9.9999913564871257e-01   6.0000000074919646e-01   1.8176825957737425e-08   0.0000000000000000e+00   0.0000000000000000e+00
0024   8.7890625000000000e-02   9.9999914827191028e-01   6.0000000073826787e-01   1.8936746239338868e-08   0.0000000000000000e+00   0.0000000000000000e+00
0025   9.1796875000000000e-02   9.9999916140816703e-01   6.0000000072689741e-01   1.9685269032154827e-08   0.0000000000000000e+00   0.0000000000000000e+00
0026   9.5703125000000000e-02   9.9999917504956159e-01   6.0000000071509219e-01   2.0421945709888845e-08   0.0000000000000000e+00   0.0000000000000000e+00
0027   9.9609375000000000e-02   9.9999918918788822e-01   6.0000000070285942e-01   2.1146334235742594e-08   0.0000000000000000e+00   0.0000000000000000e+00
0028   1.0351562500000000e-01   9.9999920381462082e-01   6.0000000069020631e-01   2.1858001665267052e-08   0.0000000000000000e+00   0.0000000000000000e+00
0029   1.0742187500000000e-01   9.9999921892092714e-01   6.0000000067714054e-01   2.2556520795581159e-08   0.0000000000000000e+00   0.0000000000000000e+00
0030   1.1132812500000000e-01   9.9999923449773276e-01   6.0000000066366921e-01   2.3241473776802552e-08   0.0000000000000000e+00   0.0000000000000000e+00
0031   1.1523437500000000e-01   9.9999925053566241e-01   6.0000000064979997e-01   2.3912449459721928e-08   0.0000000000000000e+00   0.0000000000000000e+00
0032   1.1914062500000000e-01   9.9999926702503461e-01   6.0000000063554026e-01   2.4569045432777192e-08   0.0000000000000000e+00   0.0000000000000000e+00
0033   1.2304687500000000e-01   9.9999928395593485e-01   6.0000000062089764e-01   2.5210867222496494e-08   0.0000000000000000e+00   0.0000000000000000e+00
0034   1.2695312500000000e-01   9.9999930131814285e-01   6.0000000060587977e-01   2.5837528978951249e-08   0.0000000000000000e+00   0.0000000000000000e+00
0035   1.3085937500000000e-01   9.9999931910121387e-01   6.0000000059049396e-01   2.6448653224432506e-08   0.0000000000000000e+00   0.0000000000000000e+00
0036   1.3476562500000000e-01   9.9999933729441604e-01   6.0000000057474745e-01   2.7043869404431480e-08   0.0000000000000000e+00   0.0000000000000000e+00
0037   1.3867187500000000e-01   9.9999935588680544e-01   6.0000000055864777e-01   2.7622817797803654e-08   0.0000000000000000e+00   0.0000000000000000e+00
0038   1.4257812500000000e-01   9.9999937486718560e-01   6.0000000054220270e-01   2.8185145411150021e-08   0.0000000000000000e+00   0.0000000000000000e+00
0039   1.4648437500000000e-01   9.9999939422408723e-01   6.0000000052541980e-01   2.8730509765512865e-08   0.0000000000000000e+00   0.0000000000000000e+00
0040   1.5039062500000000e-01   9.9999941394589809e-01   6.0000000050830671e-01   2.9258575449403158e-08   0.0000000000000000e+00   0.0000000000000000e+00
0041   1.5429687500000000e-01   9.9999943402068914e-01   6.0000000049087110e-01   2.9769017408968543e-08   0.0000000000000000e+00   0.0000000000000000e+00
0042   1.5820312500000000e-01   9.9999945443639449e-01   6.0000000047312130e-01   3.0261519202335662e-08   0.0000000000000000e+00   0.0000000000000000e+00
0043   1.6210937500000000e-01   9.9999947518070942e-01   6.0000000045506552e-01   3.0735774451561019e-08   0.0000000000000000e+00   0.0000000000000000e+00
0044   1.6601562500000000e-01   9.9999949624113005e-01   6.0000000043671309e-01   3.1191485344856908e-08   0.0000000000000000e+00   0.0000000000000000e+00
0045   1.6992187500000000e-01   9.9999951760498607e-01   6.0000000041807311e-01   3.1628365491126310e-08   0.0000000000000000e+00   0.0000000000000000e+00
0046   1.7382812500000000e-01   9.9999953925937213e-01   6.0000000039915613e-01   3.2046137738249983e-08   0.0000000000000000e+00   0.0000000000000000e+00
0047   1.7773437500000000e-01   9.9999956119127664e-01   6.0000000037997359e-01   3.2444536306215283e-08   0.0000000000000000e+00   0.0000000000000000e+00
0048   1.8164062500000000e-01   9.9999958338747208e-01   6.0000000036053691e-01   3.2823306603472932e-08   0.0000000000000000e+00   0.0000000000000000e+00
0049   1.8554687500000000e-01   9.9999960583461556e-01   6.0000000034085887e-01   3.3182204812750524e-08   0.0000000000000000e+00   0.0000000000000000e+00
0050   1.8945312500000000e-01   9.9999962851914692e-01   6.0000000032095357e-01   3.3520999332558399e-08   0.0000000000000000e+00   0.0000000000000000e+00
0051   1.9335937500000000e-01   9.9999965142741776e-01   6.0000000030083600e-01   3.3839471578168686e-08   0.0000000000000000e+00   0.0000000000000000e+00
0052   1.9726562500000000e-01   9.9999967454564964e-01   6.0000000028052369e-01   3.4137417594960694e-08   0.0000000000000000e+00   0.0000000000000000e+00
0053   2.0117187500000000e-01   9.9999969785991860e-01   6.0000000026003719e-01   3.4414649217373706e-08   0.0000000000000000e+00   0.0000000000000000e+00
0054   2.0507812500000000e-01   9.9999972135620474e-01   6.0000000023939815e-01   3.4670994102777156e-08   0.0000000000000000e+00   0.0000000000000000e+00
0055   2.0898437500000000e-01   9.9999974502033784e-01   6.0000000021862854e-01   3.4906294044109952e-08   0.0000000000000000e+00   0.0000000000000000e+00
0056   2.1289062500000000e-01   9.9999976883808284e-01   6.0000000019774835e-01   3.5120404280897648e-08   0.0000000000000000e+00   0.0000000000000000e+00
0057   2.1679687500000000e-01   9.9999979279510798e-01   6.0000000017678101e-01   3.5313193771342856e-08   0.0000000000000000e+00   0.0000000000000000e+00
0058   2.2070312500000000e-01   9.9999981687696216e-01   6.0000000015574873e-01   3.5484554845223738e-08   0.0000000000000000e+00   0.0000000000000000e+00
0059   2.2460937500000000e-01   9.9999984106922668e-01   6.0000000013471022e-01   3.5634397760558597e-08   0.0000000000000000e+00   0.0000000000000000e+00
0060   2.2851562500000000e-01   9.9999986535733343e-01   6.0000000011367327e-01   3.5762706500941068e-08   0.0000000000000000e+00   0.0000000000000000e+00
0061   2.3242187500000000e-01   9.9999988972683318e-01   6.0000000009288390e-01   3.5869423486855190e-08   0.0000000000000000e+00   0.0000000000000000e+00
0062   2.3632812500000000e-01   9.9999991416262624e-01   6.0000000007189846e-01   3.5954731313339950e-08   0.0000000000000000e+00   0.0000000000000000e+00
0063   2.4023437500000000e-01   9.9999993865174142e-01   6.0000000005249821e-01   3.6018444254440043e-08   0.0000000000000000e+00   0.0000000000000000e+00
0064   2.4414062500000000e-01   9.9999996317453343e-01   6.0000000002977749e-01   3.6060903996798444e-08   0.0000000000000000e+00   0.0000000000000000e+00
0065   2.4804687500000000e-01   9.9999998773105092e-01   6.0000000001859444e-01   3.6082157203564787e-08   0.0000000000000000e+00   0.0000000000000000e+00
0066   2.5195312500000000e-01   1.0000000122689672e+00   5.9999999998139120e-01   3.6082163910828935e-08   0.0000000000000000e+00   0.0000000000000000e+00
0067   2.5585937500000000e-01   1.0000000368254700e+00   5.9999999997020803e-01   3.6060923222540496e-08   0.0000000000000000e+00   0.0000000000000000e+00
0068   2.5976562500000000e-01   1.0000000613482627e+00   5.9999999994748798e-01   3.6018476446444800e-08   0.0000000000000000e+00   0.0000000000000000e+00
0069   2.6367187500000000e-01   1.0000000858373876e+00   5.9999999992808828e-01   3.5954776843748214e-08   0.0000000000000000e+00   0.0000000000000000e+00
0070   2.6757812500000000e-01   1.0000001102731773e+00   5.9999999990710318e-01   3.5869482616408967e-08   0.0000000000000000e+00   0.0000000000000000e+00
0071   2.7148437500000000e-01   1.0000001346426910e+00   5.9999999988631425e-01   3.5762779676487059e-08   0.0000000000000000e+00   0.0000000000000000e+00
0072   2.7539062500000000e-01   1.0000001589307685e+00   5.9999999986527730e-01   3.5634484758419592e-08   0.0000000000000000e+00   0.0000000000000000e+00
0073   2.7929687500000000e-01   1.0000001831230383e+00   5.9999999984423935e-01   3.5484656261348667e-08   0.0000000000000000e+00   0.0000000000000000e+00
0074   2.8320312500000000e-01   1.0000002072049110e+00   5.9999999982320706e-01   3.5313308525209733e-08   0.0000000000000000e+00   0.0000000000000000e+00
0075   2.8710937500000000e-01   1.0000002311619276e+00   5.9999999980223950e-01   3.5120533192051923e-08   0.0000000000000000e+00   0.0000000000000000e+00
0076   2.9101562500000000e-01   1.0000002549796760e+00   5.9999999978135887e-01   3.4906436255613674e-08   0.0000000000000000e+00   0.0000000000000000e+00
0077   2.9492187500000000e-01   1.0000002786438029e+00   5.9999999976058893e-01   3.4671149577340149e-08   0.0000000000000000e+00   0.0000000000000000e+00
0078   2.9882812500000000e-01   1.0000003021400974e+00   5.9999999973994955e-01   3.4414817917726660e-08   0.0000000000000000e+00   0.0000000000000000e+00
0079   3.0273437500000000e-01   1.0000003254543544e+00   5.9999999971946272e-01   3.4137599148553484e-08   0.0000000000000000e+00   0.0000000000000000e+00
0080   3.0664062500000000e-01   1.0000003485725633e+00   5.9999999969915019e-01   3.3839665388934050e-08   0.0000000000000000e+00   0.0000000000000000e+00
0081   3.1054687500000000e-01   1.0000003714808821e+00   5.9999999967903195e-01   3.3521205288765161e-08   0.0000000000000000e+00   0.0000000000000000e+00
0082   3.1445312500000000e-01   1.0000003941654054e+00   5.9999999965912587e-01   3.3182422318355131e-08   0.0000000000000000e+00   0.0000000000000000e+00
0083   3.1835937500000000e-01   1.0000004166125258e+00   5.9999999963944761e-01   3.2823534913412299e-08   0.0000000000000000e+00   0.0000000000000000e+00
0084   3.2226562500000000e-01   1.0000004388087231e+00   5.9999999962001016e-01   3.2444774340126799e-08   0.0000000000000000e+00   0.0000000000000000e+00
0085   3.2617187500000000e-01   1.0000004607406339e+00   5.9999999960082662e-01   3.2046385160884851e-08   0.0000000000000000e+00   0.0000000000000000e+00
0086   3.3007812500000000e-01   1.0000004823950377e+00   5.9999999958190908e-01   3.1628621855465087e-08   0.0000000000000000e+00   0.0000000000000000e+00
0087   3.3398437500000000e-01   1.0000005037588848e+00   5.9999999956326833e-01   3.1191749160711302e-08   0.0000000000000000e+00   0.0000000000000000e+00
0088   3.3789062500000000e-01   1.0000005248192723e+00   5.9999999954491512e-01   3.0736045309156255e-08   0.0000000000000000e+00   0.0000000000000000e+00
0089   3.4179687500000000e-01   1.0000005455635999e+00   5.9999999952685901e-01   3.0261795536953913e-08   0.0000000000000000e+00   0.0000000000000000e+00
0090   3.4570312500000000e-01   1.0000005659793236e+00   5.9999999950910843e-01   2.9769298587278229e-08   0.0000000000000000e+00   0.0000000000000000e+00
0091   3.4960937500000000e-01   1.0000005860541028e+00   5.9999999949167204e-01   2.9258860353739080e-08   0.0000000000000000e+00   0.0000000000000000e+00
0092   3.5351562500000000e-01   1.0000006057759130e+00   5.9999999947455818e-01   2.8730798321358238e-08   0.0000000000000000e+00   0.0000000000000000e+00
0093   3.5742187500000000e-01   1.0000006251328291e+00   5.9999999945777482e-01   2.8185436761608944e-08   0.0000000000000000e+00   0.0000000000000000e+00
0094   3.6132812500000000e-01   1.0000006441131928e+00   5.9999999944132931e-01   2.7623111085968846e-08   0.0000000000000000e+00   0.0000000000000000e+00
0095   3.6523437500000000e-01   1.0000006627056008e+00   5.9999999942522941e-01   2.7044164220456537e-08   0.0000000000000000e+00   0.0000000000000000e+00
0096   3.6914062500000000e-01   1.0000006808987900e+00   5.9999999940948234e-01   2.6448948599628382e-08   0.0000000000000000e+00   0.0000000000000000e+00
0097   3.7304687500000000e-01   1.0000006986818675e+00   5.9999999939409587e-01   2.5837825174061849e-08   0.0000000000000000e+00   0.0000000000000000e+00
0098   3.7695312500000000e-01   1.0000007160440683e+00   5.9999999937907722e-01   2.5211162560961623e-08   0.0000000000000000e+00   0.0000000000000000e+00
0099   3.8085937500000000e-01   1.0000007329749621e+00   5.9999999936443427e-01   2.4569339653750433e-08   0.0000000000000000e+00   0.0000000000000000e+00
0100   3.8476562500000000e-01   1.0000007494643302e+00   5.9999999935017423e-01   2.3912741669009221e-08   0.0000000000000000e+00   0.0000000000000000e+00
0101   3.8867187500000000e-01   1.0000007655022585e+00   5.9999999933630443e-01   2.3241763825321896e-08   0.0000000000000000e+00   0.0000000000000000e+00
0102   3.9257812500000000e-01   1.0000007810790794e+00   5.9999999932283277e-01   2.2556808310717595e-08   0.0000000000000000e+00   0.0000000000000000e+00
0103   3.9648437500000000e-01   1.0000007961853896e+00   5.9999999930976644e-01   2.1858285827336610e-08   0.0000000000000000e+00   0.0000000000000000e+00
0104   4.0039062500000000e-01   1.0000008108121015e+00   5.9999999929711301e-01   2.1146615081945932e-08   0.0000000000000000e+00   0.0000000000000000e+00
0105   4.0429687500000000e-01   1.0000008249504382e+00   5.9999999928487979e-01   2.0422222085243401e-08   0.0000000000000000e+00   0.0000000000000000e+00
0106   4.0820312500000000e-01   1.0000008385918251e+00   5.9999999927307412e-01   1.9685541197402750e-08   0.0000000000000000e+00   0.0000000000000000e+00
0107   4.1210937500000000e-01   1.0000008517280861e+00   5.9999999926170322e-01   1.8937013300294935e-08   0.0000000000000000e+00   0.0000000000000000e+00
0108   4.1601562500000000e-01   1.0000008643512828e+00   5.9999999925077396e-01   1.8177087728079848e-08   0.0000000000000000e+00   0.0000000000000000e+00
0109   4.1992187500000000e-01   1.0000008764538468e+00   5.9999999924029346e-01   1.7406218977681722e-08   0.0000000000000000e+00   0.0000000000000000e+00
0110   4.2382812500000000e-01   1.0000008880284443e+00   5.9999999923026792e-01   1.6624870270185077e-08   0.0000000000000000e+00   0.0000000000000000e+00
0111   4.2773437500000000e-01   1.0000008990681137e+00   5.9999999922070357e-01   1.5833509992401056e-08   0.0000000000000000e+00   0.0000000000000000e+00
0112   4.3164062500000000e-01   1.0000009095662219e+00   5.9999999921160663e-01   1.5032613313180018e-08   0.0000000000000000e+00   0.0000000000000000e+00
0113   4.3554687500000000e-01   1.0000009195164576e+00   5.9999999920298308e-01   1.4222661896043477e-08   0.0000000000000000e+00   0.0000000000000000e+00
0114   4.3945312500000000e-01   1.0000009289128267e+00   5.9999999919483848e-01   1.3404142006354369e-08   0.0000000000000000e+00   0.0000000000000000e+00
0115   4.4335937500000000e-01   1.0000009377495847e+00   5.9999999918717750e-01   1.2577546564310860e-08   0.0000000000000000e+00   0.0000000000000000e+00
0116   4.4726562500000000e-01   1.0000009460215362e+00   5.9999999918000546e-01   1.1743372426087734e-08   0.0000000000000000e+00   0.0000000000000000e+00
0117   4.5117187500000000e-01   1.0000009537236252e+00   5.9999999917332680e-01   1.0902122319023675e-08   0.0000000000000000e+00   0.0000000000000000e+00
0118   4.5507812500000000e-01   1.0000009608512284e+00   5.9999999916714575e-01   1.0054302079825120e-08   0.0000000000000000e+00   0.0000000000000000e+00
0119   4.5898437500000000e-01   1.0000009674000332e+00   5.9999999916146562e-01   9.2004224726621030e-09   0.0000000000000000e+00   0.0000000000000000e+00
0120   4.6289062500000000e-01   1.0000009733661159e+00   5.9999999915629010e-01   8.3409980616730870e-09   0.0000000000000000e+00   0.0000000000000000e+00
0121   4.6679687500000000e-01   1.0000009787458997e+00   5.9999999915162172e-01   7.4765460067629284e-09   0.0000000000000000e+00   0.0000000000000000e+00
0122   4.7070312500000000e-01   1.0000009835360870e+00   5.9999999914746316e-01   6.6075888810042092e-09   0.0000000000000000e+00   0.0000000000000000e+00
0123   4.7460937500000000e-01   1.0000009877338489e+00   5.9999999914381752e-01   5.7346477624717106e-09   0.0000000000000000e+00   0.0000000000000000e+00
0124   4.7851562500000000e-01   1.0000009913366428e+00   5.9999999914068536e-01   4.8582551444776544e-09   0.0000000000000000e+00   0.0000000000000000e+00
0125   4.8242187500000000e-01   1.0000009943422679e+00   5.9999999913806845e-01   3.9789198217716093e-09   0.0000000000000000e+00   0.0000000000000000e+00
0126   4.8632812500000000e-01   1.0000009967489611e+00   5.9999999913597069e-01   3.0972290254546848e-09   0.0000000000000000e+00   0.0000000000000000e+00
0127   4.9023437500000000e-01   1.0000009985552285e+00   5.9999999913437063e-01   2.2135518836524215e-09   0.0000000000000000e+00   0.0000000000000000e+00
0128   4.9414062500000000e-01   1.0000009997600485e+00   5.9999999913334334e-01   1.3288395399870604e-09   0.0000000000000000e+00   0.0000000000000000e+00
0129   4.9804687500000000e-01   1.0000010003624376e+00   5.9999999913265933e-01   4.4261775634416105e-10   0.0000000000000000e+00   0.0000000000000000e+00
0130   5.0195312500000000e-01   1.0000010003624316e+00   5.9999999913265933e-01  -4.4261458960577933e-10   0.0000000000000000e+00   0.0000000000000000e+00
0131   5.0585937500000000e-01   1.0000009997600439e+00   5.9999999913334390e-01  -1.3288362987371636e-09   0.0000000000000000e+00   0.0000000000000000e+00
0132   5.0976562500000000e-01   1.0000009985552207e+00   5.9999999913437152e-01  -2.2135484561237719e-09   0.0000000000000000e+00   0.0000000000000000e+00
0133   5.1367187500000000e-01   1.0000009967489574e+00   5.9999999913597191e-01  -3.0972257842047951e-09   0.0000000000000000e+00   0.0000000000000000e+00
0134   5.1757812500000000e-01   1.0000009943422665e+00   5.9999999913807001e-01  -3.9789171766136731e-09   0.0000000000000000e+00   0.0000000000000000e+00
0135   5.2148437500000000e-01   1.0000009913366408e+00   5.9999999914068691e-01  -4.8582526110870589e-09   0.0000000000000000e+00   0.0000000000000000e+00
0136   5.2539062500000000e-01   1.0000009877338463e+00   5.9999999914381907e-01  -5.7346459369403039e-09   0.0000000000000000e+00   0.0000000000000000e+00
0137   5.2929687500000000e-01   1.0000009835360646e+00   5.9999999914746471e-01  -6.6075875397977077e-09   0.0000000000000000e+00   0.0000000000000000e+00
0138   5.3320312500000000e-01   1.0000009787458883e+00   5.9999999915162305e-01  -7.4765449263466821e-09   0.0000000000000000e+00   0.0000000000000000e+00
0139   5.3710937500000000e-01   1.0000009733661210e+00   5.9999999915629143e-01  -8.3409970185124418e-09   0.0000000000000000e+00   0.0000000000000000e+00
0140   5.4101562500000000e-01   1.0000009674000225e+00   5.9999999916146718e-01  -9.2004216157803165e-09   0.0000000000000000e+00   0.0000000000000000e+00
0141   5.4492187500000000e-01   1.0000009608512077e+00   5.9999999916714730e-01  -1.0054301297455072e-08   0.0000000000000000e+00   0.0000000000000000e+00
0142   5.4882812500000000e-01   1.0000009537236207e+00   5.9999999917332825e-01  -1.0902121983722359e-08   0.0000000000000000e+00   0.0000000000000000e+00
0143   5.5273437500000000e-01   1.0000009460215347e+00   5.9999999918000690e-01  -1.1743372612366748e-08   0.0000000000000000e+00   0.0000000000000000e+00
0144   5.5664062500000000e-01   1.0000009377496029e+00   5.9999999918717872e-01  -1.2577546787845593e-08   0.0000000000000000e+00   0.0000000000000000e+00
0145   5.6054687500000000e-01   1.0000009289128011e+00   5.9999999919483915e-01  -1.3404142155377903e-08   0.0000000000000000e+00   0.0000000000000000e+00
0146   5.6445312500000000e-01   1.0000009195164550e+00   5.9999999920298341e-01  -1.4222662007811150e-08   0.0000000000000000e+00   0.0000000000000000e+00
0147   5.6835937500000000e-01   1.0000009095662092e+00   5.9999999921160663e-01  -1.5032613238669197e-08   0.0000000000000000e+00   0.0000000000000000e+00
0148   5.7226562500000000e-01   1.0000008990681100e+00   5.9999999922070324e-01  -1.5833509768866990e-08   0.0000000000000000e+00   0.0000000000000000e+00
0149   5.7617187500000000e-01   1.0000008880284150e+00   5.9999999923026748e-01  -1.6624869972139875e-08   0.0000000000000000e+00   0.0000000000000000e+00
0150   5.8007812500000000e-01   1.0000008764538433e+00   5.9999999924029312e-01  -1.7406218940426417e-08   0.0000000000000000e+00   0.0000000000000000e+00
0151   5.8398437500000000e-01   1.0000008643512706e+00   5.9999999925077385e-01  -1.8177087504545951e-08   0.0000000000000000e+00   0.0000000000000000e+00
0152   5.8789062500000000e-01   1.0000008517280539e+00   5.9999999926170311e-01  -1.8937013598341881e-08   0.0000000000000000e+00   0.0000000000000000e+00
0153   5.9179687500000000e-01   1.0000008385918231e+00   5.9999999927307412e-01  -1.9685541122891554e-08   0.0000000000000000e+00   0.0000000000000000e+00
0154   5.9570312500000000e-01   1.0000008249504029e+00   5.9999999928487968e-01  -2.0422222047988573e-08   0.0000000000000000e+00   0.0000000000000000e+00
0155   5.9960937500000000e-01   1.0000008108121128e+00   5.9999999929711278e-01  -2.1146614858411693e-08   0.0000000000000000e+00   0.0000000000000000e+00
0156   6.0351562500000000e-01   1.0000007961853901e+00   5.9999999930976633e-01  -2.1858285864592759e-08   0.0000000000000000e+00   0.0000000000000000e+00
0157   6.0742187500000000e-01   1.0000007810790792e+00   5.9999999932283254e-01  -2.2556808310717890e-08   0.0000000000000000e+00   0.0000000000000000e+00
0158   6.1132812500000000e-01   1.0000007655022578e+00   5.9999999933630432e-01  -2.3241763601787757e-08   0.0000000000000000e+00   0.0000000000000000e+00
0159   6.1523437500000000e-01   1.0000007494643353e+00   5.9999999935017401e-01  -2.3912741818032346e-08   0.0000000000000000e+00   0.0000000000000000e+00
0160   6.1914062500000000e-01   1.0000007329749396e+00   5.9999999936443438e-01  -2.4569339281193933e-08   0.0000000000000000e+00   0.0000000000000000e+00
0161   6.2304687500000000e-01   1.0000007160440665e+00   5.9999999937907744e-01  -2.5211162449194666e-08   0.0000000000000000e+00   0.0000000000000000e+00
0162   6.2695312500000000e-01   1.0000006986818555e+00   5.9999999939409587e-01  -2.5837824577970430e-08   0.0000000000000000e+00   0.0000000000000000e+00
0163   6.3085937500000000e-01   1.0000006808988156e+00   5.9999999940948212e-01  -2.6448948078047426e-08   0.0000000000000000e+00   0.0000000000000000e+00
0164   6.3476562500000000e-01   1.0000006627055822e+00   5.9999999942522886e-01  -2.7044163773388210e-08   0.0000000000000000e+00   0.0000000000000000e+00
0165   6.3867187500000000e-01   1.0000006441132048e+00   5.9999999944132887e-01  -2.7623110899689876e-08   0.0000000000000000e+00   0.0000000000000000e+00
0166   6.4257812500000000e-01   1.0000006251328222e+00   5.9999999945777438e-01  -2.8185436575330395e-08   0.0000000000000000e+00   0.0000000000000000e+00
0167   6.4648437500000000e-01   1.0000006057759148e+00   5.9999999947455807e-01  -2.8730797799777865e-08   0.0000000000000000e+00   0.0000000000000000e+00
0168   6.5039062500000000e-01   1.0000005860541015e+00   5.9999999949167226e-01  -2.9258859981182044e-08   0.0000000000000000e+00   0.0000000000000000e+00
0169   6.5429687500000000e-01   1.0000005659793147e+00   5.9999999950910876e-01  -2.9769298065698214e-08   0.0000000000000000e+00   0.0000000000000000e+00
0170   6.5820312500000000e-01   1.0000005455636014e+00   5.9999999952685945e-01  -3.0261795350675254e-08   0.0000000000000000e+00   0.0000000000000000e+00
0171   6.6210937500000000e-01   1.0000005248193020e+00   5.9999999954491601e-01  -3.0736044899341949e-08   0.0000000000000000e+00   0.0000000000000000e+00
0172   6.6601562500000000e-01   1.0000005037588804e+00   5.9999999956326933e-01  -3.1191749346990999e-08   0.0000000000000000e+00   0.0000000000000000e+00
0173   6.6992187500000000e-01   1.0000004823950299e+00   5.9999999958190997e-01  -3.1628621631930770e-08   0.0000000000000000e+00   0.0000000000000000e+00
0174   6.7382812500000000e-01   1.0000004607406412e+00   5.9999999960082762e-01  -3.2046385719721786e-08   0.0000000000000000e+00   0.0000000000000000e+00
0175   6.7773437500000000e-01   1.0000004388087231e+00   5.9999999962001138e-01  -3.2444774563661441e-08   0.0000000000000000e+00   0.0000000000000000e+00
0176   6.8164062500000000e-01   1.0000004166125338e+00   5.9999999963944872e-01  -3.2823534913412147e-08   0.0000000000000000e+00   0.0000000000000000e+00
0177   6.8554687500000000e-01   1.0000003941654030e+00   5.9999999965912731e-01  -3.3182422057564843e-08   0.0000000000000000e+00   0.0000000000000000e+00
0178   6.8945312500000000e-01   1.0000003714808749e+00   5.9999999967903339e-01  -3.3521205251509548e-08   0.0000000000000000e+00   0.0000000000000000e+00
0179   6.9335937500000000e-01   1.0000003485725879e+00   5.9999999969915108e-01  -3.3839665277166147e-08   0.0000000000000000e+00   0.0000000000000000e+00
0180   6.9726562500000000e-01   1.0000003254543481e+00   5.9999999971946372e-01  -3.4137598925019220e-08   0.0000000000000000e+00   0.0000000000000000e+00
0181   7.0117187500000000e-01   1.0000003021400961e+00   5.9999999973995055e-01  -3.4414818066749964e-08   0.0000000000000000e+00   0.0000000000000000e+00
0182   7.0507812500000000e-01   1.0000002786438176e+00   5.9999999976058971e-01  -3.4671149912641682e-08   0.0000000000000000e+00   0.0000000000000000e+00
0183   7.0898437500000000e-01   1.0000002549796814e+00   5.9999999978135965e-01  -3.4906436255613005e-08   0.0000000000000000e+00   0.0000000000000000e+00
0184   7.1289062500000000e-01   1.0000002311619245e+00   5.9999999980223984e-01  -3.5120532894006248e-08   0.0000000000000000e+00   0.0000000000000000e+00
0185   7.1679687500000000e-01   1.0000002072049310e+00   5.9999999982320718e-01  -3.5313308338930121e-08   0.0000000000000000e+00   0.0000000000000000e+00
0186   7.2070312500000000e-01   1.0000001831230421e+00   5.9999999984423946e-01  -3.5484655777023274e-08   0.0000000000000000e+00   0.0000000000000000e+00
0187   7.2460937500000000e-01   1.0000001589307845e+00   5.9999999986527730e-01  -3.5634484534884639e-08   0.0000000000000000e+00   0.0000000000000000e+00
0188   7.2851562500000000e-01   1.0000001346426819e+00   5.9999999988631403e-01  -3.5762779452952370e-08   0.0000000000000000e+00   0.0000000000000000e+00
0189   7.3242187500000000e-01   1.0000001102731511e+00   5.9999999990710340e-01  -3.5869482579154155e-08   0.0000000000000000e+00   0.0000000000000000e+00
0190   7.3632812500000000e-01   1.0000000858373967e+00   5.9999999992808872e-01  -3.5954776881003390e-08   0.0000000000000000e+00   0.0000000000000000e+00
0191   7.4023437500000000e-01   1.0000000613482647e+00   5.9999999994748865e-01  -3.6018477154304609e-08   0.0000000000000000e+00   0.0000000000000000e+00
0192   7.4414062500000000e-01   1.0000000368254718e+00   5.9999999997020870e-01  -3.6060923818633084e-08   0.0000000000000000e+00   0.0000000000000000e+00
0193   7.4804687500000000e-01   1.0000000122689598e+00   5.9999999998139186e-01  -3.6082164767712538e-08   0.0000000000000000e+00   0.0000000000000000e+00
0194   7.5195312500000000e-01   9.9999998773106413e-01   6.0000000001859610e-01  -3.6082158209470476e-08   0.0000000000000000e+00   0.0000000000000000e+00
0195   7.5585937500000000e-01   9.9999996317452799e-01   6.0000000002977882e-01  -3.6060905188984221e-08   0.0000000000000000e+00   0.0000000000000000e+00
0196   7.5976562500000000e-01   9.9999993865173908e-01   6.0000000005249954e-01  -3.6018445558392089e-08   0.0000000000000000e+00   0.0000000000000000e+00
0197   7.6367187500000000e-01   9.9999991416260992e-01   6.0000000007189958e-01  -3.5954732542781367e-08   0.0000000000000000e+00   0.0000000000000000e+00
0198   7.6757812500000000e-01   9.9999988972682874e-01   6.0000000009288479e-01  -3.5869424679040444e-08   0.0000000000000000e+00   0.0000000000000000e+00
0199   7.7148437500000000e-01   9.9999986535732999e-01   6.0000000011367394e-01  -3.5762707581359227e-08   0.0000000000000000e+00   0.0000000000000000e+00
0200   7.7539062500000000e-01   9.9999984106924766e-01   6.0000000013471111e-01  -3.5634398952743646e-08   0.0000000000000000e+00   0.0000000000000000e+00
0201   7.7929687500000000e-01   9.9999981687697825e-01   6.0000000015574906e-01  -3.5484556186431542e-08   0.0000000000000000e+00   0.0000000000000000e+00
0202   7.8320312500000000e-01   9.9999979279509621e-01   6.0000000017678101e-01  -3.5313195000784683e-08   0.0000000000000000e+00   0.0000000000000000e+00
0203   7.8710937500000000e-01   9.9999976883808628e-01   6.0000000019774824e-01  -3.5120405435826979e-08   0.0000000000000000e+00   0.0000000000000000e+00
0204   7.9101562500000000e-01   9.9999974502033617e-01   6.0000000021862854e-01  -3.4906295348063076e-08   0.0000000000000000e+00   0.0000000000000000e+00
0205   7.9492187500000000e-01   9.9999972135620363e-01   6.0000000023939792e-01  -3.4670995071428311e-08   0.0000000000000000e+00   0.0000000000000000e+00
0206   7.9882812500000000e-01   9.9999969785993570e-01   6.0000000026003697e-01  -3.4414650186024061e-08   0.0000000000000000e+00   0.0000000000000000e+00
0207   8.0273437500000000e-01   9.9999967454564731e-01   6.0000000028052347e-01  -3.4137418563611095e-08   0.0000000000000000e+00   0.0000000000000000e+00
0208   8.0664062500000000e-01   9.9999965142742220e-01   6.0000000030083578e-01  -3.3839472621330670e-08   0.0000000000000000e+00   0.0000000000000000e+00
0209   8.1054687500000000e-01   9.9999962851913693e-01   6.0000000032095335e-01  -3.3521000263954107e-08   0.0000000000000000e+00   0.0000000000000000e+00
0210   8.1445312500000000e-01   9.9999960583459979e-01   6.0000000034085887e-01  -3.3182205893169159e-08   0.0000000000000000e+00   0.0000000000000000e+00
0211   8.1835937500000000e-01   9.9999958338747341e-01   6.0000000036053691e-01  -3.2823307795658444e-08   0.0000000000000000e+00   0.0000000000000000e+00
0212   8.2226562500000000e-01   9.9999956119128508e-01   6.0000000037997381e-01  -3.2444537610167951e-08   0.0000000000000000e+00   0.0000000000000000e+00
0213   8.2617187500000000e-01   9.9999953925937646e-01   6.0000000039915657e-01  -3.2046139340249557e-08   0.0000000000000000e+00   0.0000000000000000e+00
0214   8.3007812500000000e-01   9.9999951760497341e-01   6.0000000041807344e-01  -3.1628367018614156e-08   0.0000000000000000e+00   0.0000000000000000e+00
0215   8.3398437500000000e-01   9.9999949624114293e-01   6.0000000043671375e-01  -3.1191486760576632e-08   0.0000000000000000e+00   0.0000000000000000e+00
0216   8.3789062500000000e-01   9.9999947518070620e-01   6.0000000045506641e-01  -3.0735775681002812e-08   0.0000000000000000e+00   0.0000000000000000e+00
0217   8.4179687500000000e-01   9.9999945443639915e-01   6.0000000047312196e-01  -3.0261520170986553e-08   0.0000000000000000e+00   0.0000000000000000e+00
0218   8.4570312500000000e-01   9.9999943402070535e-01   6.0000000049087188e-01  -2.9769018079572319e-08   0.0000000000000000e+00   0.0000000000000000e+00
0219   8.4960937500000000e-01   9.9999941394588743e-01   6.0000000050830737e-01  -2.9258576157263685e-08   0.0000000000000000e+00   0.0000000000000000e+00
0220   8.5351562500000000e-01   9.9999939422409467e-01   6.0000000052542035e-01  -2.8730510287093993e-08   0.0000000000000000e+00   0.0000000000000000e+00
0221   8.5742187500000000e-01   9.9999937486715917e-01   6.0000000054220326e-01  -2.8185146342545766e-08   0.0000000000000000e+00   0.0000000000000000e+00
0222   8.6132812500000000e-01   9.9999935588680311e-01   6.0000000055864811e-01  -2.7622818580175561e-08   0.0000000000000000e+00   0.0000000000000000e+00
0223   8.6523437500000000e-01   9.9999933729440027e-01   6.0000000057474745e-01  -2.7043870335826692e-08   0.0000000000000000e+00   0.0000000000000000e+00
0224   8.6914062500000000e-01   9.9999931910120710e-01   6.0000000059049374e-01  -2.6448653895036669e-08   0.0000000000000000e+00   0.0000000000000000e+00
0225   8.7304687500000000e-01   9.9999930131814241e-01   6.0000000060587932e-01  -2.5837530022113633e-08   0.0000000000000000e+00   0.0000000000000000e+00
0226   8.7695312500000000e-01   9.9999928395592674e-01   6.0000000062089731e-01  -2.5210868191147557e-08   0.0000000000000000e+00   0.0000000000000000e+00
0227   8.8085937500000000e-01   9.9999926702502562e-01   6.0000000063553993e-01  -2.4569046252404706e-08   0.0000000000000000e+00   0.0000000000000000e+00
0228   8.8476562500000000e-01   9.9999925053567473e-01   6.0000000064979964e-01  -2.3912449832279781e-08   0.0000000000000000e+00   0.0000000000000000e+00
0229   8.8867187500000000e-01   9.9999923449772654e-01   6.0000000066366888e-01  -2.3241473776802300e-08   0.0000000000000000e+00   0.0000000000000000e+00
0230   8.9257812500000000e-01   9.9999921892093480e-01   6.0000000067714021e-01  -2.2556520870092060e-08   0.0000000000000000e+00   0.0000000000000000e+00
0231   8.9648437500000000e-01   9.9999920381460905e-01   6.0000000069020598e-01  -2.1858001478987827e-08   0.0000000000000000e+00   0.0000000000000000e+00
0232   9.0039062500000000e-01   9.9999918918789465e-01   6.0000000070285908e-01  -2.1146334272997912e-08   0.0000000000000000e+00   0.0000000000000000e+00
0233   9.0429687500000000e-01   9.9999917504957492e-01   6.0000000071509196e-01  -2.0421945188306910e-08   0.0000000000000000e+00   0.0000000000000000e+00
0234   9.0820312500000000e-01   9.9999916140817635e-01   6.0000000072689719e-01  -1.9685268734107868e-08   0.0000000000000000e+00   0.0000000000000000e+00
0235   9.1210937500000000e-01   9.9999914827191660e-01   6.0000000073826765e-01  -1.8936745941291992e-08   0.0000000000000000e+00   0.0000000000000000e+00
0236   9.1601562500000000e-01   9.9999913564871123e-01   6.0000000074919646e-01  -1.8176825547923113e-08   0.0000000000000000e+00   0.0000000000000000e+00
0237   9.1992187500000000e-01   9.9999912354617881e-01   6.0000000075967674e-01  -1.7405963094082701e-08   0.0000000000000000e+00   0.0000000000000000e+00
0238   9.2382812500000000e-01   9.9999911197157643e-01   6.0000000076970184e-01  -1.6624621204759743e-08   0.0000000000000000e+00   0.0000000000000000e+00
0239   9.2773437500000000e-01   9.9999910093188671e-01   6.0000000077926541e-01  -1.5833268453040101e-08   0.0000000000000000e+00   0.0000000000000000e+00
0240   9.3164062500000000e-01   9.9999909043376445e-01   6.0000000078836124e-01  -1.5032380045026687e-08   0.0000000000000000e+00   0.0000000000000000e+00
0241   9.3554687500000000e-01   9.9999908048353503e-01   6.0000000079698379e-01  -1.4222437756006233e-08   0.0000000000000000e+00   0.0000000000000000e+00
0242   9.3945312500000000e-01   9.9999907108718811e-01   6.0000000080512750e-01  -1.3403927888593407e-08   0.0000000000000000e+00   0.0000000000000000e+00
0243   9.4335937500000000e-01   9.9999906225040069e-01   6.0000000081278737e-01  -1.2577342729634777e-08   0.0000000000000000e+00   0.0000000000000000e+00
0244   9.4726562500000000e-01   9.9999905397846600e-01   6.0000000081995875e-01  -1.1743180103955133e-08   0.0000000000000000e+00   0.0000000000000000e+00
0245   9.5117187500000000e-01   9.9999904627636904e-01   6.0000000082663651e-01  -1.0901941621217060e-08   0.0000000000000000e+00   0.0000000000000000e+00
0246   9.5507812500000000e-01   9.9999903914878752e-01   6.0000000083281690e-01  -1.0054133975007351e-08   0.0000000000000000e+00   0.0000000000000000e+00
0247   9.5898437500000000e-01   9.9999903259996703e-01   6.0000000083849658e-01  -9.2002675941924251e-09   0.0000000000000000e+00   0.0000000000000000e+00
0248   9.6289062500000000e-01   9.9999902663388218e-01   6.0000000084367178e-01  -8.3408569683984820e-09   0.0000000000000000e+00   0.0000000000000000e+00
0249   9.6679687500000000e-01   9.9999902125411200e-01   6.0000000084833938e-01  -7.4764192947838569e-09   0.0000000000000000e+00   0.0000000000000000e+00
0250   9.7070312500000000e-01   9.9999901646390288e-01   6.0000000085249716e-01  -6.6074762150272484e-09   0.0000000000000000e+00   0.0000000000000000e+00
0251   9.7460937500000000e-01   9.9999901226612731e-01   6.0000000085614280e-01  -5.7345494032910531e-09   0.0000000000000000e+00   0.0000000000000000e+00
0252   9.7851562500000000e-01   9.9999900866334845e-01   6.0000000085927474e-01  -4.8581717254572283e-09   0.0000000000000000e+00   0.0000000000000000e+00
0253   9.8242187500000000e-01   9.9999900565770250e-01   6.0000000086189120e-01  -3.9788511566078762e-09   0.0000000000000000e+00   0.0000000000000000e+00
0254   9.8632812500000000e-01   9.9999900325101876e-01   6.0000000086398886e-01  -3.0971754495388671e-09   0.0000000000000000e+00   0.0000000000000000e+00
0255   9.9023437500000000e-01   9.9999900144477394e-01   6.0000000086558891e-01  -2.2135133967486462e-09   0.0000000000000000e+00   0.0000000000000000e+00
0256   9.9414062500000000e-01   9.9999900023995236e-01   6.0000000086661620e-01  -1.3288162917183757e-09   0.0000000000000000e+00   0.0000000000000000e+00
0257   9.9804687500000000e-01   9.9999899963752825e-01   6.0000000086730043e-01  -4.4260885115466703e-10   0.0000000000000000e+00   0.0000000000000000e+00
