# Athena++ data at time=1.930019e+02  cycle=98817  variables=prim 
# i       x1v         rho          press          vel1         vel2         vel3     
0002   1.9531250000000000e-03   9.9999899965140782e-01   6.0000000088115191e-01   4.4124255856528257e-10   0.0000000000000000e+00   0.0000000000000000e+00
0003   5.8593750000000000e-03   9.9999900025378552e-01   6.0000000088046213e-01   1.3247254228504655e-09   0.0000000000000000e+00   0.0000000000000000e+00
0004   9.7656250000000000e-03   9.9999900145859055e-01   6.0000000087942262e-01   2.2067018697305783e-09   0.0000000000000000e+00   0.0000000000000000e+00
0005   1.3671875000000000e-02   9.9999900326485514e-01   6.0000000087780514e-01   3.0876516528398458e-09   0.0000000000000000e+00   0.0000000000000000e+00
0006   1.7578125000000000e-02   9.9999900567149480e-01   6.0000000087568406e-01   3.9666265379851711e-09   0.0000000000000000e+00   0.0000000000000000e+00
0007   2.1484375000000000e-02   9.9999900867711977e-01   6.0000000087303873e-01   4.8432612368990668e-09   0.0000000000000000e+00   0.0000000000000000e+00
0008   2.5390625000000000e-02   9.9999901227987131e-01   6.0000000086987282e-01   5.7169725822605414e-09   0.0000000000000000e+00   0.0000000000000000e+00
0009   2.9296875000000000e-02   9.9999901647759060e-01   6.0000000086618821e-01   6.5872552468428650e-09   0.0000000000000000e+00   0.0000000000000000e+00
0010   3.3203125000000000e-02   9.9999902126777129e-01   6.0000000086198590e-01   7.4535804284346813e-09   0.0000000000000000e+00   0.0000000000000000e+00
0011   3.7109375000000000e-02   9.9999902664748064e-01   6.0000000085726868e-01   8.3154303674724461e-09   0.0000000000000000e+00   0.0000000000000000e+00
0012   4.1015625000000000e-02   9.9999903261351786e-01   6.0000000085203864e-01   9.1722859584077586e-09   0.0000000000000000e+00   0.0000000000000000e+00
0013   4.4921875000000000e-02   9.9999903916226185e-01   6.0000000084629901e-01   1.0023634253960093e-08   0.0000000000000000e+00   0.0000000000000000e+00
0014   4.8828125000000000e-02   9.9999904628979008e-01   6.0000000084005312e-01   1.0868963412364293e-08   0.0000000000000000e+00   0.0000000000000000e+00
0015   5.2734375000000000e-02   9.9999905399180034e-01   6.0000000083330418e-01   1.1707765801618458e-08   0.0000000000000000e+00   0.0000000000000000e+00
0016   5.6640625000000000e-02   9.9999906226366864e-01   6.0000000082605576e-01   1.2539538307350383e-08   0.0000000000000000e+00   0.0000000000000000e+00
0017   6.0546875000000000e-02   9.9999907110035791e-01   6.0000000081831184e-01   1.3363780663743320e-08   0.0000000000000000e+00   0.0000000000000000e+00
0018   6.4453125000000000e-02   9.9999908049661901e-01   6.0000000081007654e-01   1.4179997991791615e-08   0.0000000000000000e+00   0.0000000000000000e+00
0019   6.8359375000000000e-02   9.9999909044674939e-01   6.0000000080135363e-01   1.4987699721002113e-08   0.0000000000000000e+00   0.0000000000000000e+00
0020   7.2265625000000000e-02   9.9999910094477740e-01   6.0000000079214877e-01   1.5786399923875298e-08   0.0000000000000000e+00   0.0000000000000000e+00
0021   7.6171875000000000e-02   9.9999911198431557e-01   6.0000000078246563e-01   1.6575618019840873e-08   0.0000000000000000e+00   0.0000000000000000e+00
0022   8.0078125000000000e-02   9.9999912355880338e-01   6.0000000077230975e-01   1.7354878507246329e-08   0.0000000000000000e+00   0.0000000000000000e+00
0023   8.3984375000000000e-02   9.9999913566120591e-01   6.0000000076168569e-01   1.8123711660541149e-08   0.0000000000000000e+00   0.0000000000000000e+00
0024   8.7890625000000000e-02   9.9999914828425385e-01   6.0000000075059934e-01   1.8881654074798931e-08   0.0000000000000000e+00   0.0000000000000000e+00
0025   9.1796875000000000e-02   9.9999916142032064e-01   6.0000000073905579e-01   1.9628247529916509e-08   0.0000000000000000e+00   0.0000000000000000e+00
0026   9.5703125000000000e-02   9.9999917506152192e-01   6.0000000072706083e-01   2.0363040943075361e-08   0.0000000000000000e+00   0.0000000000000000e+00
0027   9.9609375000000000e-02   9.9999918919964159e-01   6.0000000071462001e-01   2.1085589150313245e-08   0.0000000000000000e+00   0.0000000000000000e+00
0028   1.0351562500000000e-01   9.9999920382615204e-01   6.0000000070173976e-01   2.1795454142675626e-08   0.0000000000000000e+00   0.0000000000000000e+00
0029   1.0742187500000000e-01   9.9999921893221844e-01   6.0000000068842663e-01   2.2492204770409886e-08   0.0000000000000000e+00   0.0000000000000000e+00
0030   1.1132812500000000e-01   9.9999923450874795e-01   6.0000000067468695e-01   2.3175416740581054e-08   0.0000000000000000e+00   0.0000000000000000e+00
0031   1.1523437500000000e-01   9.9999925054639238e-01   6.0000000066052717e-01   2.3844674211907816e-08   0.0000000000000000e+00   0.0000000000000000e+00
0032   1.1914062500000000e-01   9.9999926703545494e-01   6.0000000064595460e-01   2.4499567323781893e-08   0.0000000000000000e+00   0.0000000000000000e+00
0033   1.2304687500000000e-01   9.9999928396602256e-01   6.0000000063097658e-01   2.5139696388988672e-08   0.0000000000000000e+00   0.0000000000000000e+00
0034   1.2695312500000000e-01   9.9999930132785719e-01   6.0000000061560099e-01   2.5764667959441025e-08   0.0000000000000000e+00   0.0000000000000000e+00
0035   1.3085937500000000e-01   9.9999931911055506e-01   6.0000000059983549e-01   2.6374097741592459e-08   0.0000000000000000e+00   0.0000000000000000e+00
0036   1.3476562500000000e-01   9.9999933730336033e-01   6.0000000058368874e-01   2.6967610339608465e-08   0.0000000000000000e+00   0.0000000000000000e+00
0037   1.3867187500000000e-01   9.9999935589533717e-01   6.0000000056716940e-01   2.7544838769342461e-08   0.0000000000000000e+00   0.0000000000000000e+00
0038   1.4257812500000000e-01   9.9999937487524915e-01   6.0000000055028713e-01   2.8105425941084140e-08   0.0000000000000000e+00   0.0000000000000000e+00
0039   1.4648437500000000e-01   9.9999939423171169e-01   6.0000000053305158e-01   2.8649023528487061e-08   0.0000000000000000e+00   0.0000000000000000e+00
0040   1.5039062500000000e-01   9.9999941395308101e-01   6.0000000051547364e-01   2.9175294445274370e-08   0.0000000000000000e+00   0.0000000000000000e+00
0041   1.5429687500000000e-01   9.9999943402739266e-01   6.0000000049756375e-01   2.9683908982286209e-08   0.0000000000000000e+00   0.0000000000000000e+00
0042   1.5820312500000000e-01   9.9999945444260407e-01   6.0000000047933366e-01   3.0174551705168246e-08   0.0000000000000000e+00   0.0000000000000000e+00
0043   1.6210937500000000e-01   9.9999947518644161e-01   6.0000000046079538e-01   3.0646914784554502e-08   0.0000000000000000e+00   0.0000000000000000e+00
0044   1.6601562500000000e-01   9.9999949624638451e-01   6.0000000044196167e-01   3.1100703651412001e-08   0.0000000000000000e+00   0.0000000000000000e+00
0045   1.6992187500000000e-01   9.9999951760974892e-01   6.0000000042284640e-01   3.1535634412222706e-08   0.0000000000000000e+00   0.0000000000000000e+00
0046   1.7382812500000000e-01   9.9999953926368434e-01   6.0000000040346324e-01   3.1951435020290339e-08   0.0000000000000000e+00   0.0000000000000000e+00
0047   1.7773437500000000e-01   9.9999956119512978e-01   6.0000000038382784e-01   3.2347846551991496e-08   0.0000000000000000e+00   0.0000000000000000e+00
0048   1.8164062500000000e-01   9.9999958339090278e-01   6.0000000036395618e-01   3.2724622352518743e-08   0.0000000000000000e+00   0.0000000000000000e+00
0049   1.8554687500000000e-01   9.9999960583761316e-01   6.0000000034386447e-01   3.3081528255051487e-08   0.0000000000000000e+00   0.0000000000000000e+00
0050   1.8945312500000000e-01   9.9999962852177293e-01   6.0000000032356937e-01   3.3418343910481673e-08   0.0000000000000000e+00   0.0000000000000000e+00
0051   1.9335937500000000e-01   9.9999965142968228e-01   6.0000000030308953e-01   3.3734863625658858e-08   0.0000000000000000e+00   0.0000000000000000e+00
0052   1.9726562500000000e-01   9.9999967454757077e-01   6.0000000028244449e-01   3.4030896411983712e-08   0.0000000000000000e+00   0.0000000000000000e+00
0053   2.0117187500000000e-01   9.9999969786153686e-01   6.0000000026165645e-01   3.4306268373805588e-08   0.0000000000000000e+00   0.0000000000000000e+00
0054   2.0507812500000000e-01   9.9999972135753901e-01   6.0000000024074851e-01   3.4560822630522740e-08   0.0000000000000000e+00   0.0000000000000000e+00
0055   2.0898437500000000e-01   9.9999974502144351e-01   6.0000000021974254e-01   3.4794415468384362e-08   0.0000000000000000e+00   0.0000000000000000e+00
0056   2.1289062500000000e-01   9.9999976883898634e-01   6.0000000019865818e-01   3.5006918557462218e-08   0.0000000000000000e+00   0.0000000000000000e+00
0057   2.1679687500000000e-01   9.9999979279586182e-01   6.0000000017751709e-01   3.5198214492254359e-08   0.0000000000000000e+00   0.0000000000000000e+00
0058   2.2070312500000000e-01   9.9999981687754702e-01   6.0000000015634014e-01   3.5368211250564655e-08   0.0000000000000000e+00   0.0000000000000000e+00
0059   2.2460937500000000e-01   9.9999984106970607e-01   6.0000000013518229e-01   3.5516832279547606e-08   0.0000000000000000e+00   0.0000000000000000e+00
0060   2.2851562500000000e-01   9.9999986535770857e-01   6.0000000011404697e-01   3.5644073484991589e-08   0.0000000000000000e+00   0.0000000000000000e+00
0061   2.3242187500000000e-01   9.9999988972713560e-01   6.0000000009317433e-01   3.5749889508031588e-08   0.0000000000000000e+00   0.0000000000000000e+00
0062   2.3632812500000000e-01   9.9999991416283851e-01   6.0000000007212129e-01   3.5834469053263181e-08   0.0000000000000000e+00   0.0000000000000000e+00
0063   2.4023437500000000e-01   9.9999993865187498e-01   6.0000000005264609e-01   3.5897638541816991e-08   0.0000000000000000e+00   0.0000000000000000e+00
0064   2.4414062500000000e-01   9.9999996317465378e-01   6.0000000002989373e-01   3.5939739211993218e-08   0.0000000000000000e+00   0.0000000000000000e+00
0065   2.4804687500000000e-01   9.9999998773101517e-01   6.0000000001854958e-01   3.5960833966289843e-08   0.0000000000000000e+00   0.0000000000000000e+00
0066   2.5195312500000000e-01   1.0000000122690542e+00   5.9999999998147735e-01   3.5960866159478738e-08   0.0000000000000000e+00   0.0000000000000000e+00
0067   2.5585937500000000e-01   1.0000000368253779e+00   5.9999999997012987e-01   3.5939833777849109e-08   0.0000000000000000e+00   0.0000000000000000e+00
0068   2.5976562500000000e-01   1.0000000613481426e+00   5.9999999994737896e-01   3.5897793916249739e-08   0.0000000000000000e+00   0.0000000000000000e+00
0069   2.6367187500000000e-01   1.0000000858371987e+00   5.9999999992790343e-01   3.5834684863223851e-08   0.0000000000000000e+00   0.0000000000000000e+00
0070   2.6757812500000000e-01   1.0000001102729337e+00   5.9999999990684949e-01   3.5750163145457780e-08   0.0000000000000000e+00   0.0000000000000000e+00
0071   2.7148437500000000e-01   1.0000001346423339e+00   5.9999999988597608e-01   3.5644403571063741e-08   0.0000000000000000e+00   0.0000000000000000e+00
0072   2.7539062500000000e-01   1.0000001589303480e+00   5.9999999986484021e-01   3.5517216541357189e-08   0.0000000000000000e+00   0.0000000000000000e+00
0073   2.7929687500000000e-01   1.0000001831224852e+00   5.9999999984368124e-01   3.5368647787740648e-08   0.0000000000000000e+00   0.0000000000000000e+00
0074   2.8320312500000000e-01   1.0000002072042127e+00   5.9999999982250329e-01   3.5198701478959939e-08   0.0000000000000000e+00   0.0000000000000000e+00
0075   2.8710937500000000e-01   1.0000002311610838e+00   5.9999999980136143e-01   3.5007454130602531e-08   0.0000000000000000e+00   0.0000000000000000e+00
0076   2.9101562500000000e-01   1.0000002549785514e+00   5.9999999978027574e-01   3.4794998547261410e-08   0.0000000000000000e+00   0.0000000000000000e+00
0077   2.9492187500000000e-01   1.0000002786424602e+00   5.9999999975926854e-01   3.4561450793230141e-08   0.0000000000000000e+00   0.0000000000000000e+00
0078   2.9882812500000000e-01   1.0000003021385033e+00   5.9999999973835905e-01   3.4306940204363929e-08   0.0000000000000000e+00   0.0000000000000000e+00
0079   3.0273437500000000e-01   1.0000003254524508e+00   5.9999999971756957e-01   3.4031610121873077e-08   0.0000000000000000e+00   0.0000000000000000e+00
0080   3.0664062500000000e-01   1.0000003485703546e+00   5.9999999969692319e-01   3.3735617426374223e-08   0.0000000000000000e+00   0.0000000000000000e+00
0081   3.1054687500000000e-01   1.0000003714783170e+00   5.9999999967644169e-01   3.3419136237068746e-08   0.0000000000000000e+00   0.0000000000000000e+00
0082   3.1445312500000000e-01   1.0000003941624434e+00   5.9999999965614503e-01   3.3082357170015569e-08   0.0000000000000000e+00   0.0000000000000000e+00
0083   3.1835937500000000e-01   1.0000004166091219e+00   5.9999999963605155e-01   3.2725485657585561e-08   0.0000000000000000e+00   0.0000000000000000e+00
0084   3.2226562500000000e-01   1.0000004388048938e+00   5.9999999961617778e-01   3.2348742533217694e-08   0.0000000000000000e+00   0.0000000000000000e+00
0085   3.2617187500000000e-01   1.0000004607363824e+00   5.9999999959654027e-01   3.1952362075511449e-08   0.0000000000000000e+00   0.0000000000000000e+00
0086   3.3007812500000000e-01   1.0000004823902804e+00   5.9999999957715500e-01   3.1536589672585318e-08   0.0000000000000000e+00   0.0000000000000000e+00
0087   3.3398437500000000e-01   1.0000005037536805e+00   5.9999999955803707e-01   3.1101685589268776e-08   0.0000000000000000e+00   0.0000000000000000e+00
0088   3.3789062500000000e-01   1.0000005248135462e+00   5.9999999953920125e-01   3.0647920717338378e-08   0.0000000000000000e+00   0.0000000000000000e+00
0089   3.4179687500000000e-01   1.0000005455573857e+00   5.9999999952066052e-01   3.0175579397370366e-08   0.0000000000000000e+00   0.0000000000000000e+00
0090   3.4570312500000000e-01   1.0000005659726248e+00   5.9999999950242822e-01   2.9684956272913172e-08   0.0000000000000000e+00   0.0000000000000000e+00
0091   3.4960937500000000e-01   1.0000005860469408e+00   5.9999999948451643e-01   2.9176358763511939e-08   0.0000000000000000e+00   0.0000000000000000e+00
0092   3.5351562500000000e-01   1.0000006057682731e+00   5.9999999946693616e-01   2.8650103346677455e-08   0.0000000000000000e+00   0.0000000000000000e+00
0093   3.5742187500000000e-01   1.0000006251247724e+00   5.9999999944969873e-01   2.8106518427608248e-08   0.0000000000000000e+00   0.0000000000000000e+00
0094   3.6132812500000000e-01   1.0000006441046629e+00   5.9999999943281457e-01   2.7545941763181981e-08   0.0000000000000000e+00   0.0000000000000000e+00
0095   3.6523437500000000e-01   1.0000006626966667e+00   5.9999999941629356e-01   2.6968721418937604e-08   0.0000000000000000e+00   0.0000000000000000e+00
0096   3.6914062500000000e-01   1.0000006808894455e+00   5.9999999940014459e-01   2.6375214670859800e-08   0.0000000000000000e+00   0.0000000000000000e+00
0097   3.7304687500000000e-01   1.0000006986721655e+00   5.9999999938437709e-01   2.5765787981500929e-08   0.0000000000000000e+00   0.0000000000000000e+00
0098   3.7695312500000000e-01   1.0000007160340063e+00   5.9999999936899939e-01   2.5140817342781162e-08   0.0000000000000000e+00   0.0000000000000000e+00
0099   3.8085937500000000e-01   1.0000007329645531e+00   5.9999999935401915e-01   2.4500686675675593e-08   0.0000000000000000e+00   0.0000000000000000e+00
0100   3.8476562500000000e-01   1.0000007494536503e+00   5.9999999933944448e-01   2.3845789055706491e-08   0.0000000000000000e+00   0.0000000000000000e+00
0101   3.8867187500000000e-01   1.0000007654912553e+00   5.9999999932528270e-01   2.3176525101475309e-08   0.0000000000000000e+00   0.0000000000000000e+00
0102   3.9257812500000000e-01   1.0000007810678291e+00   5.9999999931154091e-01   2.2493303742185497e-08   0.0000000000000000e+00   0.0000000000000000e+00
0103   3.9648437500000000e-01   1.0000007961738100e+00   5.9999999929822589e-01   2.1796541675999617e-08   0.0000000000000000e+00   0.0000000000000000e+00
0104   4.0039062500000000e-01   1.0000008108003036e+00   5.9999999928534398e-01   2.1086662674260726e-08   0.0000000000000000e+00   0.0000000000000000e+00
0105   4.0429687500000000e-01   1.0000008249384327e+00   5.9999999927290115e-01   2.0364097998485642e-08   0.0000000000000000e+00   0.0000000000000000e+00
0106   4.0820312500000000e-01   1.0000008385796597e+00   5.9999999926090408e-01   1.9629285843906957e-08   0.0000000000000000e+00   0.0000000000000000e+00
0107   4.1210937500000000e-01   1.0000008517157537e+00   5.9999999924935821e-01   1.8882671262717607e-08   0.0000000000000000e+00   0.0000000000000000e+00
0108   4.1601562500000000e-01   1.0000008643387861e+00   5.9999999923826941e-01   1.8124705374992603e-08   0.0000000000000000e+00   0.0000000000000000e+00
0109   4.1992187500000000e-01   1.0000008764412078e+00   5.9999999922764313e-01   1.7355845618464515e-08   0.0000000000000000e+00   0.0000000000000000e+00
0110   4.2382812500000000e-01   1.0000008880156566e+00   5.9999999921748437e-01   1.6576556515738609e-08   0.0000000000000000e+00   0.0000000000000000e+00
0111   4.2773437500000000e-01   1.0000008990552123e+00   5.9999999920779901e-01   1.5787307643344889e-08   0.0000000000000000e+00   0.0000000000000000e+00
0112   4.3164062500000000e-01   1.0000009095532032e+00   5.9999999919859082e-01   1.4988573944105642e-08   0.0000000000000000e+00   0.0000000000000000e+00
0113   4.3554687500000000e-01   1.0000009195033397e+00   5.9999999918986513e-01   1.4180836259388827e-08   0.0000000000000000e+00   0.0000000000000000e+00
0114   4.3945312500000000e-01   1.0000009288995950e+00   5.9999999918162639e-01   1.3364580702981847e-08   0.0000000000000000e+00   0.0000000000000000e+00
0115   4.4335937500000000e-01   1.0000009377363264e+00   5.9999999917387914e-01   1.2540297547342037e-08   0.0000000000000000e+00   0.0000000000000000e+00
0116   4.4726562500000000e-01   1.0000009460081325e+00   5.9999999916662750e-01   1.1708482230323003e-08   0.0000000000000000e+00   0.0000000000000000e+00
0117   4.5117187500000000e-01   1.0000009537101902e+00   5.9999999915987545e-01   1.0869634756961017e-08   0.0000000000000000e+00   0.0000000000000000e+00
0118   4.5507812500000000e-01   1.0000009608377178e+00   5.9999999915362678e-01   1.0024258576945804e-08   0.0000000000000000e+00   0.0000000000000000e+00
0119   4.5898437500000000e-01   1.0000009673864414e+00   5.9999999914788460e-01   9.1728619183846378e-09   0.0000000000000000e+00   0.0000000000000000e+00
0120   4.6289062500000000e-01   1.0000009733525030e+00   5.9999999914265190e-01   8.3159558406849419e-09   0.0000000000000000e+00   0.0000000000000000e+00
0121   4.6679687500000000e-01   1.0000009787322137e+00   5.9999999913793223e-01   7.4540546696082719e-09   0.0000000000000000e+00   0.0000000000000000e+00
0122   4.7070312500000000e-01   1.0000009835223642e+00   5.9999999913372737e-01   6.5876765048101904e-09   0.0000000000000000e+00   0.0000000000000000e+00
0123   4.7460937500000000e-01   1.0000009877200773e+00   5.9999999913004032e-01   5.7173397019671678e-09   0.0000000000000000e+00   0.0000000000000000e+00
0124   4.7851562500000000e-01   1.0000009913228354e+00   5.9999999912687241e-01   4.8435736593866140e-09   0.0000000000000000e+00   0.0000000000000000e+00
0125   4.8242187500000000e-01   1.0000009943284107e+00   5.9999999912422519e-01   3.9668831827701050e-09   0.0000000000000000e+00   0.0000000000000000e+00
0126   4.8632812500000000e-01   1.0000009967350980e+00   5.9999999912210267e-01   3.0878519981789504e-09   0.0000000000000000e+00   0.0000000000000000e+00
0127   4.9023437500000000e-01   1.0000009985413587e+00   5.9999999912048374e-01   2.2068457667796925e-09   0.0000000000000000e+00   0.0000000000000000e+00
0128   4.9414062500000000e-01   1.0000009997461643e+00   5.9999999911944357e-01   1.3248128337128789e-09   0.0000000000000000e+00   0.0000000000000000e+00
0129   4.9804687500000000e-01   1.0000010003484967e+00   5.9999999911875357e-01   4.4127352189164257e-10   0.0000000000000000e+00   0.0000000000000000e+00
0130   5.0195312500000000e-01   1.0000010003484805e+00   5.9999999911875379e-01  -4.4126972181165330e-10   0.0000000000000000e+00   0.0000000000000000e+00
0131   5.0585937500000000e-01   1.0000009997461818e+00   5.9999999911944424e-01  -1.3248089963770837e-09   0.0000000000000000e+00   0.0000000000000000e+00
0132   5.0976562500000000e-01   1.0000009985413179e+00   5.9999999912048518e-01  -2.2068424137687337e-09   0.0000000000000000e+00   0.0000000000000000e+00
0133   5.1367187500000000e-01   1.0000009967350667e+00   5.9999999912210422e-01  -3.0878489059582571e-09   0.0000000000000000e+00   0.0000000000000000e+00
0134   5.1757812500000000e-01   1.0000009943284207e+00   5.9999999912422697e-01  -3.9668802023165391e-09   0.0000000000000000e+00   0.0000000000000000e+00
0135   5.2148437500000000e-01   1.0000009913228165e+00   5.9999999912687441e-01  -4.8435708279561999e-09   0.0000000000000000e+00   0.0000000000000000e+00
0136   5.2539062500000000e-01   1.0000009877200562e+00   5.9999999913004276e-01  -5.7173373176057337e-09   0.0000000000000000e+00   0.0000000000000000e+00
0137   5.2929687500000000e-01   1.0000009835223693e+00   5.9999999913373003e-01  -6.5876744184944520e-09   0.0000000000000000e+00   0.0000000000000000e+00
0138   5.3320312500000000e-01   1.0000009787322068e+00   5.9999999913793511e-01  -7.4540526950599537e-09   0.0000000000000000e+00   0.0000000000000000e+00
0139   5.3710937500000000e-01   1.0000009733524928e+00   5.9999999914265489e-01  -8.3159540896711198e-09   0.0000000000000000e+00   0.0000000000000000e+00
0140   5.4101562500000000e-01   1.0000009673864436e+00   5.9999999914788760e-01  -9.1728603909051531e-09   0.0000000000000000e+00   0.0000000000000000e+00
0141   5.4492187500000000e-01   1.0000009608376970e+00   5.9999999915362978e-01  -1.0024257384768245e-08   0.0000000000000000e+00   0.0000000000000000e+00
0142   5.4882812500000000e-01   1.0000009537101506e+00   5.9999999915987856e-01  -1.0869633415760578e-08   0.0000000000000000e+00   0.0000000000000000e+00
0143   5.5273437500000000e-01   1.0000009460081862e+00   5.9999999916663038e-01  -1.1708481261678697e-08   0.0000000000000000e+00   0.0000000000000000e+00
0144   5.5664062500000000e-01   1.0000009377363190e+00   5.9999999917388169e-01  -1.2540296429675939e-08   0.0000000000000000e+00   0.0000000000000000e+00
0145   5.6054687500000000e-01   1.0000009288995861e+00   5.9999999918162850e-01  -1.3364579622571078e-08   0.0000000000000000e+00   0.0000000000000000e+00
0146   5.6445312500000000e-01   1.0000009195033597e+00   5.9999999918986668e-01  -1.4180835104466243e-08   0.0000000000000000e+00   0.0000000000000000e+00
0147   5.6835937500000000e-01   1.0000009095532318e+00   5.9999999919859215e-01  -1.4988572938205686e-08   0.0000000000000000e+00   0.0000000000000000e+00
0148   5.7226562500000000e-01   1.0000008990552076e+00   5.9999999920780001e-01  -1.5787306302144156e-08   0.0000000000000000e+00   0.0000000000000000e+00
0149   5.7617187500000000e-01   1.0000008880155997e+00   5.9999999921748570e-01  -1.6576555062770482e-08   0.0000000000000000e+00   0.0000000000000000e+00
0150   5.8007812500000000e-01   1.0000008764411912e+00   5.9999999922764402e-01  -1.7355844202752089e-08   0.0000000000000000e+00   0.0000000000000000e+00
0151   5.8398437500000000e-01   1.0000008643387410e+00   5.9999999923827019e-01  -1.8124703400444308e-08   0.0000000000000000e+00   0.0000000000000000e+00
0152   5.8789062500000000e-01   1.0000008517157504e+00   5.9999999924935865e-01  -1.8882669474446574e-08   0.0000000000000000e+00   0.0000000000000000e+00
0153   5.9179687500000000e-01   1.0000008385796488e+00   5.9999999926090430e-01  -1.9629283832101885e-08   0.0000000000000000e+00   0.0000000000000000e+00
0154   5.9570312500000000e-01   1.0000008249384114e+00   5.9999999927290137e-01  -2.0364096284727042e-08   0.0000000000000000e+00   0.0000000000000000e+00
0155   5.9960937500000000e-01   1.0000008108003340e+00   5.9999999928534409e-01  -2.1086660960500551e-08   0.0000000000000000e+00   0.0000000000000000e+00
0156   6.0351562500000000e-01   1.0000007961738702e+00   5.9999999929822634e-01  -2.1796540036750674e-08   0.0000000000000000e+00   0.0000000000000000e+00
0157   6.0742187500000000e-01   1.0000007810677580e+00   5.9999999931154158e-01  -2.2493302363729744e-08   0.0000000000000000e+00   0.0000000000000000e+00
0158   6.1132812500000000e-01   1.0000007654912391e+00   5.9999999932528347e-01  -2.3176523872040572e-08   0.0000000000000000e+00   0.0000000000000000e+00
0159   6.1523437500000000e-01   1.0000007494536169e+00   5.9999999933944548e-01  -2.3845787677248898e-08   0.0000000000000000e+00   0.0000000000000000e+00
0160   6.1914062500000000e-01   1.0000007329645577e+00   5.9999999935402004e-01  -2.4500685967821226e-08   0.0000000000000000e+00   0.0000000000000000e+00
0161   6.2304687500000000e-01   1.0000007160340101e+00   5.9999999936900017e-01  -2.5140816374136134e-08   0.0000000000000000e+00   0.0000000000000000e+00
0162   6.2695312500000000e-01   1.0000006986721364e+00   5.9999999938437798e-01  -2.5765787385413890e-08   0.0000000000000000e+00   0.0000000000000000e+00
0163   6.3085937500000000e-01   1.0000006808894877e+00   5.9999999940014559e-01  -2.6375214298305683e-08   0.0000000000000000e+00   0.0000000000000000e+00
0164   6.3476562500000000e-01   1.0000006626966673e+00   5.9999999941629423e-01  -2.6968720897361575e-08   0.0000000000000000e+00   0.0000000000000000e+00
0165   6.3867187500000000e-01   1.0000006441046791e+00   5.9999999943281546e-01  -2.7545941427884025e-08   0.0000000000000000e+00   0.0000000000000000e+00
0166   6.4257812500000000e-01   1.0000006251247335e+00   5.9999999944969973e-01  -2.8106517868777325e-08   0.0000000000000000e+00   0.0000000000000000e+00
0167   6.4648437500000000e-01   1.0000006057683040e+00   5.9999999946693716e-01  -2.8650102452542451e-08   0.0000000000000000e+00   0.0000000000000000e+00
0168   6.5039062500000000e-01   1.0000005860469370e+00   5.9999999948451754e-01  -2.9176357757610925e-08   0.0000000000000000e+00   0.0000000000000000e+00
0169   6.5429687500000000e-01   1.0000005659726412e+00   5.9999999950242955e-01  -2.9684955453289844e-08   0.0000000000000000e+00   0.0000000000000000e+00
0170   6.5820312500000000e-01   1.0000005455574228e+00   5.9999999952066185e-01  -3.0175578465979502e-08   0.0000000000000000e+00   0.0000000000000000e+00
0171   6.6210937500000000e-01   1.0000005248135930e+00   5.9999999953920236e-01  -3.0647919972225318e-08   0.0000000000000000e+00   0.0000000000000000e+00
0172   6.6601562500000000e-01   1.0000005037536550e+00   5.9999999955803851e-01  -3.1101684695135483e-08   0.0000000000000000e+00   0.0000000000000000e+00
0173   6.6992187500000000e-01   1.0000004823902802e+00   5.9999999957715622e-01  -3.1536588964729109e-08   0.0000000000000000e+00   0.0000000000000000e+00
0174   6.7382812500000000e-01   1.0000004607363475e+00   5.9999999959654138e-01  -3.1952361032354693e-08   0.0000000000000000e+00   0.0000000000000000e+00
0175   6.7773437500000000e-01   1.0000004388048795e+00   5.9999999961617845e-01  -3.2348741825361590e-08   0.0000000000000000e+00   0.0000000000000000e+00
0176   6.8164062500000000e-01   1.0000004166091523e+00   5.9999999963605211e-01  -3.2725485136006263e-08   0.0000000000000000e+00   0.0000000000000000e+00
0177   6.8554687500000000e-01   1.0000003941624187e+00   5.9999999965614592e-01  -3.3082356685694504e-08   0.0000000000000000e+00   0.0000000000000000e+00
0178   6.8945312500000000e-01   1.0000003714782804e+00   5.9999999967644235e-01  -3.3419136088050001e-08   0.0000000000000000e+00   0.0000000000000000e+00
0179   6.9335937500000000e-01   1.0000003485703797e+00   5.9999999969692386e-01  -3.3735617463631615e-08   0.0000000000000000e+00   0.0000000000000000e+00
0180   6.9726562500000000e-01   1.0000003254524423e+00   5.9999999971757012e-01  -3.4031610084620019e-08   0.0000000000000000e+00   0.0000000000000000e+00
0181   7.0117187500000000e-01   1.0000003021385049e+00   5.9999999973835938e-01  -3.4306939943576090e-08   0.0000000000000000e+00   0.0000000000000000e+00
0182   7.0507812500000000e-01   1.0000002786424840e+00   5.9999999975926877e-01  -3.4561450904998216e-08   0.0000000000000000e+00   0.0000000000000000e+00
0183   7.0898437500000000e-01   1.0000002549785862e+00   5.9999999978027607e-01  -3.4794998547261854e-08   0.0000000000000000e+00   0.0000000000000000e+00
0184   7.1289062500000000e-01   1.0000002311610579e+00   5.9999999980136165e-01  -3.5007454316884346e-08   0.0000000000000000e+00   0.0000000000000000e+00
0185   7.1679687500000000e-01   1.0000002072042267e+00   5.9999999982250352e-01  -3.5198701516216729e-08   0.0000000000000000e+00   0.0000000000000000e+00
0186   7.2070312500000000e-01   1.0000001831225043e+00   5.9999999984368146e-01  -3.5368647899509240e-08   0.0000000000000000e+00   0.0000000000000000e+00
0187   7.2460937500000000e-01   1.0000001589303475e+00   5.9999999986484054e-01  -3.5517216317823420e-08   0.0000000000000000e+00   0.0000000000000000e+00
0188   7.2851562500000000e-01   1.0000001346423546e+00   5.9999999988597719e-01  -3.5644403496552125e-08   0.0000000000000000e+00   0.0000000000000000e+00
0189   7.3242187500000000e-01   1.0000001102729179e+00   5.9999999990685060e-01  -3.5750162623877993e-08   0.0000000000000000e+00   0.0000000000000000e+00
0190   7.3632812500000000e-01   1.0000000858372184e+00   5.9999999992790465e-01  -3.5834684043596218e-08   0.0000000000000000e+00   0.0000000000000000e+00
0191   7.4023437500000000e-01   1.0000000613481606e+00   5.9999999994738029e-01  -3.5897793580947114e-08   0.0000000000000000e+00   0.0000000000000000e+00
0192   7.4414062500000000e-01   1.0000000368253781e+00   5.9999999997013120e-01  -3.5939833293524557e-08   0.0000000000000000e+00   0.0000000000000000e+00
0193   7.4804687500000000e-01   1.0000000122690449e+00   5.9999999998147835e-01  -3.5960865861432547e-08   0.0000000000000000e+00   0.0000000000000000e+00
0194   7.5195312500000000e-01   9.9999998773103460e-01   6.0000000001855058e-01  -3.5960833817265685e-08   0.0000000000000000e+00   0.0000000000000000e+00
0195   7.5585937500000000e-01   9.9999996317462969e-01   6.0000000002989440e-01  -3.5939739062971668e-08   0.0000000000000000e+00   0.0000000000000000e+00
0196   7.5976562500000000e-01   9.9999993865187808e-01   6.0000000005264653e-01  -3.5897637833957189e-08   0.0000000000000000e+00   0.0000000000000000e+00
0197   7.6367187500000000e-01   9.9999991416282663e-01   6.0000000007212173e-01  -3.5834468717960881e-08   0.0000000000000000e+00   0.0000000000000000e+00
0198   7.6757812500000000e-01   9.9999988972712284e-01   6.0000000009317478e-01  -3.5749889060961167e-08   0.0000000000000000e+00   0.0000000000000000e+00
0199   7.7148437500000000e-01   9.9999986535770380e-01   6.0000000011404730e-01  -3.5644073447735195e-08   0.0000000000000000e+00   0.0000000000000000e+00
0200   7.7539062500000000e-01   9.9999984106970929e-01   6.0000000013518251e-01  -3.5516832540337755e-08   0.0000000000000000e+00   0.0000000000000000e+00
0201   7.7929687500000000e-01   9.9999981687756467e-01   6.0000000015634036e-01  -3.5368211921167223e-08   0.0000000000000000e+00   0.0000000000000000e+00
0202   7.8320312500000000e-01   9.9999979279584994e-01   6.0000000017751720e-01  -3.5198215423648579e-08   0.0000000000000000e+00   0.0000000000000000e+00
0203   7.8710937500000000e-01   9.9999976883900132e-01   6.0000000019865785e-01  -3.5006919824156481e-08   0.0000000000000000e+00   0.0000000000000000e+00
0204   7.9101562500000000e-01   9.9999974502143252e-01   6.0000000021974231e-01  -3.4794417517453206e-08   0.0000000000000000e+00   0.0000000000000000e+00
0205   7.9492187500000000e-01   9.9999972135753201e-01   6.0000000024074829e-01  -3.4560825014892581e-08   0.0000000000000000e+00   0.0000000000000000e+00
0206   7.9882812500000000e-01   9.9999969786153942e-01   6.0000000026165656e-01  -3.4306270795430816e-08   0.0000000000000000e+00   0.0000000000000000e+00
0207   8.0273437500000000e-01   9.9999967454756267e-01   6.0000000028244471e-01  -3.4030899019888241e-08   0.0000000000000000e+00   0.0000000000000000e+00
0208   8.0664062500000000e-01   9.9999965142966507e-01   6.0000000030308975e-01  -3.3734866233563427e-08   0.0000000000000000e+00   0.0000000000000000e+00
0209   8.1054687500000000e-01   9.9999962852171387e-01   6.0000000032356970e-01  -3.3418346890945875e-08   0.0000000000000000e+00   0.0000000000000000e+00
0210   8.1445312500000000e-01   9.9999960583760528e-01   6.0000000034386469e-01  -3.3081531272770150e-08   0.0000000000000000e+00   0.0000000000000000e+00
0211   8.1835937500000000e-01   9.9999958339089934e-01   6.0000000036395706e-01  -3.2724625258468815e-08   0.0000000000000000e+00   0.0000000000000000e+00
0212   8.2226562500000000e-01   9.9999956119513911e-01   6.0000000038382895e-01  -3.2347850016777894e-08   0.0000000000000000e+00   0.0000000000000000e+00
0213   8.2617187500000000e-01   9.9999953926367435e-01   6.0000000040346457e-01  -3.1951438559590067e-08   0.0000000000000000e+00   0.0000000000000000e+00
0214   8.3007812500000000e-01   9.9999951760974315e-01   6.0000000042284807e-01  -3.1535638398590950e-08   0.0000000000000000e+00   0.0000000000000000e+00
0215   8.3398437500000000e-01   9.9999949624640683e-01   6.0000000044196389e-01  -3.1100707861313543e-08   0.0000000000000000e+00   0.0000000000000000e+00
0216   8.3789062500000000e-01   9.9999947518644783e-01   6.0000000046079804e-01  -3.0646918882689881e-08   0.0000000000000000e+00   0.0000000000000000e+00
0217   8.4179687500000000e-01   9.9999945444260108e-01   6.0000000047933633e-01  -3.0174555505257473e-08   0.0000000000000000e+00   0.0000000000000000e+00
0218   8.4570312500000000e-01   9.9999943402740288e-01   6.0000000049756641e-01  -2.9683912707862908e-08   0.0000000000000000e+00   0.0000000000000000e+00
0219   8.4960937500000000e-01   9.9999941395305192e-01   6.0000000051547642e-01  -2.9175297798293977e-08   0.0000000000000000e+00   0.0000000000000000e+00
0220   8.5351562500000000e-01   9.9999939423174411e-01   6.0000000053305469e-01  -2.8649026806993834e-08   0.0000000000000000e+00   0.0000000000000000e+00
0221   8.5742187500000000e-01   9.9999937487524460e-01   6.0000000055028990e-01  -2.8105429145079847e-08   0.0000000000000000e+00   0.0000000000000000e+00
0222   8.6132812500000000e-01   9.9999935589532218e-01   6.0000000056717184e-01  -2.7544841526268722e-08   0.0000000000000000e+00   0.0000000000000000e+00
0223   8.6523437500000000e-01   9.9999933730335100e-01   6.0000000058369085e-01  -2.6967612835743410e-08   0.0000000000000000e+00   0.0000000000000000e+00
0224   8.6914062500000000e-01   9.9999931911054440e-01   6.0000000059983738e-01  -2.6374100163215441e-08   0.0000000000000000e+00   0.0000000000000000e+00
0225   8.7304687500000000e-01   9.9999930132786097e-01   6.0000000061560277e-01  -2.5764669747714943e-08   0.0000000000000000e+00   0.0000000000000000e+00
0226   8.7695312500000000e-01   9.9999928396601201e-01   6.0000000063097847e-01  -2.5139697916472875e-08   0.0000000000000000e+00   0.0000000000000000e+00
0227   8.8085937500000000e-01   9.9999926703545572e-01   6.0000000064595660e-01  -2.4499568851265054e-08   0.0000000000000000e+00   0.0000000000000000e+00
0228   8.8476562500000000e-01   9.9999925054639505e-01   6.0000000066052883e-01  -2.3844675143298677e-08   0.0000000000000000e+00   0.0000000000000000e+00
0229   8.8867187500000000e-01   9.9999923450875716e-01   6.0000000067468828e-01  -2.3175417895505792e-08   0.0000000000000000e+00   0.0000000000000000e+00
0230   8.9257812500000000e-01   9.9999921893222732e-01   6.0000000068842785e-01  -2.2492205329240892e-08   0.0000000000000000e+00   0.0000000000000000e+00
0231   8.9648437500000000e-01   9.9999920382615792e-01   6.0000000070174098e-01  -2.1795454738762711e-08   0.0000000000000000e+00   0.0000000000000000e+00
0232   9.0039062500000000e-01   9.9999918919965769e-01   6.0000000071462078e-01  -2.1085589336586613e-08   0.0000000000000000e+00   0.0000000000000000e+00
0233   9.0429687500000000e-01   9.9999917506155300e-01   6.0000000072706150e-01  -2.0363040868557389e-08   0.0000000000000000e+00   0.0000000000000000e+00
0234   9.0820312500000000e-01   9.9999916142033873e-01   6.0000000073905624e-01  -1.9628247231864206e-08   0.0000000000000000e+00   0.0000000000000000e+00
0235   9.1210937500000000e-01   9.9999914828422665e-01   6.0000000075059956e-01  -1.8881653404188798e-08   0.0000000000000000e+00   0.0000000000000000e+00
0236   9.1601562500000000e-01   9.9999913566119492e-01   6.0000000076168603e-01  -1.8123710915419444e-08   0.0000000000000000e+00   0.0000000000000000e+00
0237   9.1992187500000000e-01   9.9999912355881371e-01   6.0000000077230975e-01  -1.7354877054263213e-08   0.0000000000000000e+00   0.0000000000000000e+00
0238   9.2382812500000000e-01   9.9999911198434321e-01   6.0000000078246563e-01  -1.6575616790392154e-08   0.0000000000000000e+00   0.0000000000000000e+00
0239   9.2773437500000000e-01   9.9999910094477495e-01   6.0000000079214855e-01  -1.5786398545403642e-08   0.0000000000000000e+00   0.0000000000000000e+00
0240   9.3164062500000000e-01   9.9999909044674584e-01   6.0000000080135363e-01  -1.4987698826855929e-08   0.0000000000000000e+00   0.0000000000000000e+00
0241   9.3554687500000000e-01   9.9999908049661579e-01   6.0000000081007632e-01  -1.4179996799598903e-08   0.0000000000000000e+00   0.0000000000000000e+00
0242   9.3945312500000000e-01   9.9999907110037234e-01   6.0000000081831184e-01  -1.3363779955875892e-08   0.0000000000000000e+00   0.0000000000000000e+00
0243   9.4335937500000000e-01   9.9999906226369006e-01   6.0000000082605609e-01  -1.2539537450459897e-08   0.0000000000000000e+00   0.0000000000000000e+00
0244   9.4726562500000000e-01   9.9999905399180411e-01   6.0000000083330485e-01  -1.1707765280030369e-08   0.0000000000000000e+00   0.0000000000000000e+00
0245   9.5117187500000000e-01   9.9999904628977621e-01   6.0000000084005378e-01  -1.0868962779009017e-08   0.0000000000000000e+00   0.0000000000000000e+00
0246   9.5507812500000000e-01   9.9999903916226762e-01   6.0000000084629990e-01  -1.0023633918651209e-08   0.0000000000000000e+00   0.0000000000000000e+00
0247   9.5898437500000000e-01   9.9999903261349854e-01   6.0000000085203908e-01  -9.1722859584012238e-09   0.0000000000000000e+00   0.0000000000000000e+00
0248   9.6289062500000000e-01   9.9999902664748641e-01   6.0000000085726890e-01  -8.3154302184423311e-09   0.0000000000000000e+00   0.0000000000000000e+00
0249   9.6679687500000000e-01   9.9999902126775519e-01   6.0000000086198613e-01  -7.4535809127537640e-09   0.0000000000000000e+00   0.0000000000000000e+00
0250   9.7070312500000000e-01   9.9999901647759537e-01   6.0000000086618865e-01  -6.5872559546967350e-09   0.0000000000000000e+00   0.0000000000000000e+00
0251   9.7460937500000000e-01   9.9999901227985577e-01   6.0000000086987304e-01  -5.7169732528587608e-09   0.0000000000000000e+00   0.0000000000000000e+00
0252   9.7851562500000000e-01   9.9999900867712599e-01   6.0000000087303917e-01  -4.8432623173111589e-09   0.0000000000000000e+00   0.0000000000000000e+00
0253   9.8242187500000000e-01   9.9999900567150990e-01   6.0000000087568439e-01  -3.9666276556529908e-09   0.0000000000000000e+00   0.0000000000000000e+00
0254   9.8632812500000000e-01   9.9999900326484104e-01   6.0000000087780536e-01  -3.0876525469728024e-09   0.0000000000000000e+00   0.0000000000000000e+00
0255   9.9023437500000000e-01   9.9999900145860920e-01   6.0000000087942296e-01  -2.2067030619100707e-09   0.0000000000000000e+00   0.0000000000000000e+00
0256   9.9414062500000000e-01   9.9999900025379640e-01   6.0000000088046213e-01  -1.3247263914949688e-09   0.0000000000000000e+00   0.0000000000000000e+00
0257   9.9804687500000000e-01   9.9999899965138750e-01   6.0000000088115180e-01  -4.4124375074475343e-10   0.0000000000000000e+00   0.0000000000000000e+00
