# Athena++ data at time=8.075191e+01  cycle=41345  variables=prim 
# i       x1v         rho          press          vel1         vel2         vel3     
0002   1.9531250000000000e-03   9.9999903482823160e-01   6.0000003605802754e-01  -1.8567293452185030e-11   0.0000000000000000e+00   0.0000000000000000e+00
0003   5.8593750000000000e-03   9.9999903541013191e-01   6.0000003603683261e-01  -2.9723058878521926e-11   0.0000000000000000e+00   0.0000000000000000e+00
0004   9.7656250000000000e-03   9.9999903657362088e-01   6.0000003599448404e-01  -5.2402664518772229e-11   0.0000000000000000e+00   0.0000000000000000e+00
0005   1.3671875000000000e-02   9.9999903831793846e-01   6.0000003593093143e-01  -7.1770531218697795e-11   0.0000000000000000e+00   0.0000000000000000e+00
0006   1.7578125000000000e-02   9.9999904064161471e-01   6.0000003584583350e-01  -9.2728073138219016e-11   0.0000000000000000e+00   0.0000000000000000e+00
0007   2.1484375000000000e-02   9.9999904354341773e-01   6.0000003573937244e-01  -1.1349788453494828e-10   0.0000000000000000e+00   0.0000000000000000e+00
0008   2.5390625000000000e-02   9.9999904702132403e-01   6.0000003561136217e-01  -1.3452398305467079e-10   0.0000000000000000e+00   0.0000000000000000e+00
0009   2.9296875000000000e-02   9.9999905107321629e-01   6.0000003546185576e-01  -1.5556128973497320e-10   0.0000000000000000e+00   0.0000000000000000e+00
0010   3.3203125000000000e-02   9.9999905569660807e-01   6.0000003529086487e-01  -1.7660387466341763e-10   0.0000000000000000e+00   0.0000000000000000e+00
0011   3.7109375000000000e-02   9.9999906088865964e-01   6.0000003509847410e-01  -1.9759277796533560e-10   0.0000000000000000e+00   0.0000000000000000e+00
0012   4.1015625000000000e-02   9.9999906664623062e-01   6.0000003488478548e-01  -2.1850659844886707e-10   0.0000000000000000e+00   0.0000000000000000e+00
0013   4.4921875000000000e-02   9.9999907296585089e-01   6.0000003464992502e-01  -2.3932131598599270e-10   0.0000000000000000e+00   0.0000000000000000e+00
0014   4.8828125000000000e-02   9.9999907984374081e-01   6.0000003439403204e-01  -2.6001683450639141e-10   0.0000000000000000e+00   0.0000000000000000e+00
0015   5.2734375000000000e-02   9.9999908727573017e-01   6.0000003411725944e-01  -2.8057093453947549e-10   0.0000000000000000e+00   0.0000000000000000e+00
0016   5.6640625000000000e-02   9.9999909525735187e-01   6.0000003381977463e-01  -3.0096079088786932e-10   0.0000000000000000e+00   0.0000000000000000e+00
0017   6.0546875000000000e-02   9.9999910378380030e-01   6.0000003350176134e-01  -3.2116516328742533e-10   0.0000000000000000e+00   0.0000000000000000e+00
0018   6.4453125000000000e-02   9.9999911284993781e-01   6.0000003316341943e-01  -3.4116532294089018e-10   0.0000000000000000e+00   0.0000000000000000e+00
0019   6.8359375000000000e-02   9.9999912245033806e-01   6.0000003280496395e-01  -3.6094478961382766e-10   0.0000000000000000e+00   0.0000000000000000e+00
0020   7.2265625000000000e-02   9.9999913257923456e-01   6.0000003242662314e-01  -3.8048810301288385e-10   0.0000000000000000e+00   0.0000000000000000e+00
0021   7.6171875000000000e-02   9.9999914323048000e-01   6.0000003202863861e-01  -3.9978153457641198e-10   0.0000000000000000e+00   0.0000000000000000e+00
0022   8.0078125000000000e-02   9.9999915439774167e-01   6.0000003161126347e-01  -4.1881160445830887e-10   0.0000000000000000e+00   0.0000000000000000e+00
0023   8.3984375000000000e-02   9.9999916607426942e-01   6.0000003117476264e-01  -4.3756553928235868e-10   0.0000000000000000e+00   0.0000000000000000e+00
0024   8.7890625000000000e-02   9.9999917825303597e-01   6.0000003071941233e-01  -4.5603147273613155e-10   0.0000000000000000e+00   0.0000000000000000e+00
0025   9.1796875000000000e-02   9.9999919092675416e-01   6.0000003024549986e-01  -4.7419864997408367e-10   0.0000000000000000e+00   0.0000000000000000e+00
0026   9.5703125000000000e-02   9.9999920408777165e-01   6.0000002975332356e-01  -4.9205733795263740e-10   0.0000000000000000e+00   0.0000000000000000e+00
0027   9.9609375000000000e-02   9.9999921772821498e-01   6.0000002924319107e-01  -5.0959717515959231e-10   0.0000000000000000e+00   0.0000000000000000e+00
0028   1.0351562500000000e-01   9.9999923183982298e-01   6.0000002871542113e-01  -5.2680999634753744e-10   0.0000000000000000e+00   0.0000000000000000e+00
0029   1.0742187500000000e-01   9.9999924641412419e-01   6.0000002817034137e-01  -5.4368658903784163e-10   0.0000000000000000e+00   0.0000000000000000e+00
0030   1.1132812500000000e-01   9.9999926144235007e-01   6.0000002760828808e-01  -5.6021922929943627e-10   0.0000000000000000e+00   0.0000000000000000e+00
0031   1.1523437500000000e-01   9.9999927691546919e-01   6.0000002702960742e-01  -5.7639949082097655e-10   0.0000000000000000e+00   0.0000000000000000e+00
0032   1.1914062500000000e-01   9.9999929282414990e-01   6.0000002643465478e-01  -5.9222008254342921e-10   0.0000000000000000e+00   0.0000000000000000e+00
0033   1.2304687500000000e-01   9.9999930915882218e-01   6.0000002582379341e-01  -6.0767371091368738e-10   0.0000000000000000e+00   0.0000000000000000e+00
0034   1.2695312500000000e-01   9.9999932590965124e-01   6.0000002519739548e-01  -6.2275299052589964e-10   0.0000000000000000e+00   0.0000000000000000e+00
0035   1.3085937500000000e-01   9.9999934306656979e-01   6.0000002455584123e-01  -6.3745028563185260e-10   0.0000000000000000e+00   0.0000000000000000e+00
0036   1.3476562500000000e-01   9.9999936061919203e-01   6.0000002389951967e-01  -6.5175919641722639e-10   0.0000000000000000e+00   0.0000000000000000e+00
0037   1.3867187500000000e-01   9.9999937855699106e-01   6.0000002322882728e-01  -6.6567221357792999e-10   0.0000000000000000e+00   0.0000000000000000e+00
0038   1.4257812500000000e-01   9.9999939686915451e-01   6.0000002254416840e-01  -6.7918270036216052e-10   0.0000000000000000e+00   0.0000000000000000e+00
0039   1.4648437500000000e-01   9.9999941554463923e-01   6.0000002184595558e-01  -6.9228367652247694e-10   0.0000000000000000e+00   0.0000000000000000e+00
0040   1.5039062500000000e-01   9.9999943457221818e-01   6.0000002113460837e-01  -7.0496806128661538e-10   0.0000000000000000e+00   0.0000000000000000e+00
0041   1.5429687500000000e-01   9.9999945394039058e-01   6.0000002041055400e-01  -7.1722985388968734e-10   0.0000000000000000e+00   0.0000000000000000e+00
0042   1.5820312500000000e-01   9.9999947363751485e-01   6.0000001967422700e-01  -7.2906125950531755e-10   0.0000000000000000e+00   0.0000000000000000e+00
0043   1.6210937500000000e-01   9.9999949365172447e-01   6.0000001892606947e-01  -7.4045686292389675e-10   0.0000000000000000e+00   0.0000000000000000e+00
0044   1.6601562500000000e-01   9.9999951397096798e-01   6.0000001816652937e-01  -7.5140923990699018e-10   0.0000000000000000e+00   0.0000000000000000e+00
0045   1.6992187500000000e-01   9.9999953458299273e-01   6.0000001739606201e-01  -7.6191269692509932e-10   0.0000000000000000e+00   0.0000000000000000e+00
0046   1.7382812500000000e-01   9.9999955547536279e-01   6.0000001661512969e-01  -7.7196079589764215e-10   0.0000000000000000e+00   0.0000000000000000e+00
0047   1.7773437500000000e-01   9.9999957663552674e-01   6.0000001582420059e-01  -7.8154783487010072e-10   0.0000000000000000e+00   0.0000000000000000e+00
0048   1.8164062500000000e-01   9.9999959805070859e-01   6.0000001502374900e-01  -7.9066810026220233e-10   0.0000000000000000e+00   0.0000000000000000e+00
0049   1.8554687500000000e-01   9.9999961970803009e-01   6.0000001421425464e-01  -7.9931493984042630e-10   0.0000000000000000e+00   0.0000000000000000e+00
0050   1.8945312500000000e-01   9.9999964159442289e-01   6.0000001339620346e-01  -8.0748401544339712e-10   0.0000000000000000e+00   0.0000000000000000e+00
0051   1.9335937500000000e-01   9.9999966369669457e-01   6.0000001257008695e-01  -8.1517004311290942e-10   0.0000000000000000e+00   0.0000000000000000e+00
0052   1.9726562500000000e-01   9.9999968600155476e-01   6.0000001173640050e-01  -8.2236786216372085e-10   0.0000000000000000e+00   0.0000000000000000e+00
0053   2.0117187500000000e-01   9.9999970849555431e-01   6.0000001089564536e-01  -8.2907284097021498e-10   0.0000000000000000e+00   0.0000000000000000e+00
0054   2.0507812500000000e-01   9.9999973116515395e-01   6.0000001004832693e-01  -8.3528110388259014e-10   0.0000000000000000e+00   0.0000000000000000e+00
0055   2.0898437500000000e-01   9.9999975399669938e-01   6.0000000919495466e-01  -8.4098827537621082e-10   0.0000000000000000e+00   0.0000000000000000e+00
0056   2.1289062500000000e-01   9.9999977697640441e-01   6.0000000833604150e-01  -8.4619039256216417e-10   0.0000000000000000e+00   0.0000000000000000e+00
0057   2.1679687500000000e-01   9.9999980009046663e-01   6.0000000747210469e-01  -8.5088519783688316e-10   0.0000000000000000e+00   0.0000000000000000e+00
0058   2.2070312500000000e-01   9.9999982332490134e-01   6.0000000660366470e-01  -8.5506911751424206e-10   0.0000000000000000e+00   0.0000000000000000e+00
0059   2.2460937500000000e-01   9.9999984666578934e-01   6.0000000573124257e-01  -8.5873961290347746e-10   0.0000000000000000e+00   0.0000000000000000e+00
0060   2.2851562500000000e-01   9.9999987009906233e-01   6.0000000485537053e-01  -8.6189526671309011e-10   0.0000000000000000e+00   0.0000000000000000e+00
0061   2.3242187500000000e-01   9.9999989361054409e-01   6.0000000397655673e-01  -8.6453390211937023e-10   0.0000000000000000e+00   0.0000000000000000e+00
0062   2.3632812500000000e-01   9.9999991718614878e-01   6.0000000309538726e-01  -8.6665167958420478e-10   0.0000000000000000e+00   0.0000000000000000e+00
0063   2.4023437500000000e-01   9.9999994081150667e-01   6.0000000221223371e-01  -8.6826980523239143e-10   0.0000000000000000e+00   0.0000000000000000e+00
0064   2.4414062500000000e-01   9.9999996447283379e-01   6.0000000132804054e-01  -8.6931289937471449e-10   0.0000000000000000e+00   0.0000000000000000e+00
0065   2.4804687500000000e-01   9.9999998815484559e-01   6.0000000044235169e-01  -8.7000995685462722e-10   0.0000000000000000e+00   0.0000000000000000e+00
0066   2.5195312500000000e-01   1.0000000118452335e+00   5.9999999955762495e-01  -8.7002104600494117e-10   0.0000000000000000e+00   0.0000000000000000e+00
0067   2.5585937500000000e-01   1.0000000355272352e+00   5.9999999867193654e-01  -8.6934598274418686e-10   0.0000000000000000e+00   0.0000000000000000e+00
0068   2.5976562500000000e-01   1.0000000591885454e+00   5.9999999778774349e-01  -8.6832477759985661e-10   0.0000000000000000e+00   0.0000000000000000e+00
0069   2.6367187500000000e-01   1.0000000828139111e+00   5.9999999690458961e-01  -8.6672844008951867e-10   0.0000000000000000e+00   0.0000000000000000e+00
0070   2.6757812500000000e-01   1.0000001063895321e+00   5.9999999602342025e-01  -8.6463276403345574e-10   0.0000000000000000e+00   0.0000000000000000e+00
0071   2.7148437500000000e-01   1.0000001299010064e+00   5.9999999514460656e-01  -8.6201621229379351e-10   0.0000000000000000e+00   0.0000000000000000e+00
0072   2.7539062500000000e-01   1.0000001533342686e+00   5.9999999426873452e-01  -8.5888233060248855e-10   0.0000000000000000e+00   0.0000000000000000e+00
0073   2.7929687500000000e-01   1.0000001766751478e+00   5.9999999339631260e-01  -8.5523307642927359e-10   0.0000000000000000e+00   0.0000000000000000e+00
0074   2.8320312500000000e-01   1.0000001999096122e+00   5.9999999252787273e-01  -8.5106987118317907e-10   0.0000000000000000e+00   0.0000000000000000e+00
0075   2.8710937500000000e-01   1.0000002230236564e+00   5.9999999166393614e-01  -8.4639548112645871e-10   0.0000000000000000e+00   0.0000000000000000e+00
0076   2.9101562500000000e-01   1.0000002460033608e+00   5.9999999080502353e-01  -8.4121288780285938e-10   0.0000000000000000e+00   0.0000000000000000e+00
0077   2.9492187500000000e-01   1.0000002688348910e+00   5.9999998995165116e-01  -8.3552472523158884e-10   0.0000000000000000e+00   0.0000000000000000e+00
0078   2.9882812500000000e-01   1.0000002915045105e+00   5.9999998910433294e-01  -8.2933522083820823e-10   0.0000000000000000e+00   0.0000000000000000e+00
0079   3.0273437500000000e-01   1.0000003139984937e+00   5.9999998826357814e-01  -8.2264763610977307e-10   0.0000000000000000e+00   0.0000000000000000e+00
0080   3.0664062500000000e-01   1.0000003363033256e+00   5.9999998742989191e-01  -8.1546666983247714e-10   0.0000000000000000e+00   0.0000000000000000e+00
0081   3.1054687500000000e-01   1.0000003584056634e+00   5.9999998660377529e-01  -8.0779650994104023e-10   0.0000000000000000e+00   0.0000000000000000e+00
0082   3.1445312500000000e-01   1.0000003802920381e+00   5.9999998578572433e-01  -7.9964213408016393e-10   0.0000000000000000e+00   0.0000000000000000e+00
0083   3.1835937500000000e-01   1.0000004019493232e+00   5.9999998497623042e-01  -7.9100890380985318e-10   0.0000000000000000e+00   0.0000000000000000e+00
0084   3.2226562500000000e-01   1.0000004233645021e+00   5.9999998417577882e-01  -7.8190145827423101e-10   0.0000000000000000e+00   0.0000000000000000e+00
0085   3.2617187500000000e-01   1.0000004445246826e+00   5.9999998338484961e-01  -7.7232634070955997e-10   0.0000000000000000e+00   0.0000000000000000e+00
0086   3.3007812500000000e-01   1.0000004654170673e+00   5.9999998260391751e-01  -7.6228870846293682e-10   0.0000000000000000e+00   0.0000000000000000e+00
0087   3.3398437500000000e-01   1.0000004860290934e+00   5.9999998183345038e-01  -7.5179504829077147e-10   0.0000000000000000e+00   0.0000000000000000e+00
0088   3.3789062500000000e-01   1.0000005063482744e+00   5.9999998107391017e-01  -7.4085139070447630e-10   0.0000000000000000e+00   0.0000000000000000e+00
0089   3.4179687500000000e-01   1.0000005263625082e+00   5.9999998032575219e-01  -7.2946369208643279e-10   0.0000000000000000e+00   0.0000000000000000e+00
0090   3.4570312500000000e-01   1.0000005460596491e+00   5.9999997958942497e-01  -7.1763919226404868e-10   0.0000000000000000e+00   0.0000000000000000e+00
0091   3.4960937500000000e-01   1.0000005654278106e+00   5.9999997886537015e-01  -7.0538405323687556e-10   0.0000000000000000e+00   0.0000000000000000e+00
0092   3.5351562500000000e-01   1.0000005844553717e+00   5.9999997815402217e-01  -6.9270502814071839e-10   0.0000000000000000e+00   0.0000000000000000e+00
0093   3.5742187500000000e-01   1.0000006031308699e+00   5.9999997745580880e-01  -6.7960886412756941e-10   0.0000000000000000e+00   0.0000000000000000e+00
0094   3.6132812500000000e-01   1.0000006214430111e+00   5.9999997677114958e-01  -6.6610204694028573e-10   0.0000000000000000e+00   0.0000000000000000e+00
0095   3.6523437500000000e-01   1.0000006393808298e+00   5.9999997610045674e-01  -6.5219185572743410e-10   0.0000000000000000e+00   0.0000000000000000e+00
0096   3.6914062500000000e-01   1.0000006569334419e+00   5.9999997544413486e-01  -6.3788503965181196e-10   0.0000000000000000e+00   0.0000000000000000e+00
0097   3.7304687500000000e-01   1.0000006740903506e+00   5.9999997480258027e-01  -6.2318866137795326e-10   0.0000000000000000e+00   0.0000000000000000e+00
0098   3.7695312500000000e-01   1.0000006908411758e+00   5.9999997417618189e-01  -6.0811001507777488e-10   0.0000000000000000e+00   0.0000000000000000e+00
0099   3.8085937500000000e-01   1.0000007071758497e+00   5.9999997356532031e-01  -5.9265546980687099e-10   0.0000000000000000e+00   0.0000000000000000e+00
0100   3.8476562500000000e-01   1.0000007230845316e+00   5.9999997297036733e-01  -5.7683296959528954e-10   0.0000000000000000e+00   0.0000000000000000e+00
0101   3.8867187500000000e-01   1.0000007385576362e+00   5.9999997239168656e-01  -5.6064980757347023e-10   0.0000000000000000e+00   0.0000000000000000e+00
0102   3.9257812500000000e-01   1.0000007535858808e+00   5.9999997182963316e-01  -5.4411368397635176e-10   0.0000000000000000e+00   0.0000000000000000e+00
0103   3.9648437500000000e-01   1.0000007681601590e+00   5.9999997128455285e-01  -5.2723205561688711e-10   0.0000000000000000e+00   0.0000000000000000e+00
0104   4.0039062500000000e-01   1.0000007822717594e+00   5.9999997075678257e-01  -5.1001361401865914e-10   0.0000000000000000e+00   0.0000000000000000e+00
0105   4.0429687500000000e-01   1.0000007959121957e+00   5.9999997024665053e-01  -4.9246663900086723e-10   0.0000000000000000e+00   0.0000000000000000e+00
0106   4.0820312500000000e-01   1.0000008090731998e+00   5.9999996975447412e-01  -4.7460026299307417e-10   0.0000000000000000e+00   0.0000000000000000e+00
0107   4.1210937500000000e-01   1.0000008217469347e+00   5.9999996928056187e-01  -4.5642387718749630e-10   0.0000000000000000e+00   0.0000000000000000e+00
0108   4.1601562500000000e-01   1.0000008339256998e+00   5.9999996882521167e-01  -4.3794784611038449e-10   0.0000000000000000e+00   0.0000000000000000e+00
0109   4.1992187500000000e-01   1.0000008456022513e+00   5.9999996838871117e-01  -4.1918247547789595e-10   0.0000000000000000e+00   0.0000000000000000e+00
0110   4.2382812500000000e-01   1.0000008567695020e+00   5.9999996797133615e-01  -4.0014000191378882e-10   0.0000000000000000e+00   0.0000000000000000e+00
0111   4.2773437500000000e-01   1.0000008674207379e+00   5.9999996757335183e-01  -3.8083289831865915e-10   0.0000000000000000e+00   0.0000000000000000e+00
0112   4.3164062500000000e-01   1.0000008775496041e+00   5.9999996719501125e-01  -3.6127486546584082e-10   0.0000000000000000e+00   0.0000000000000000e+00
0113   4.3554687500000000e-01   1.0000008871499897e+00   5.9999996683655532e-01  -3.4148003895426650e-10   0.0000000000000000e+00   0.0000000000000000e+00
0114   4.3945312500000000e-01   1.0000008962161695e+00   5.9999996649821341e-01  -3.2146361534503758e-10   0.0000000000000000e+00   0.0000000000000000e+00
0115   4.4335937500000000e-01   1.0000009047425951e+00   5.9999996618020013e-01  -3.0124155019283484e-10   0.0000000000000000e+00   0.0000000000000000e+00
0116   4.4726562500000000e-01   1.0000009127242131e+00   5.9999996588271542e-01  -2.8083383573896100e-10   0.0000000000000000e+00   0.0000000000000000e+00
0117   4.5117187500000000e-01   1.0000009201562126e+00   5.9999996560594260e-01  -2.6026096373619887e-10   0.0000000000000000e+00   0.0000000000000000e+00
0118   4.5507812500000000e-01   1.0000009270341061e+00   5.9999996535004951e-01  -2.3954627743069770e-10   0.0000000000000000e+00   0.0000000000000000e+00
0119   4.5898437500000000e-01   1.0000009333537132e+00   5.9999996511518916e-01  -2.1871173184781475e-10   0.0000000000000000e+00   0.0000000000000000e+00
0120   4.6289062500000000e-01   1.0000009391112989e+00   5.9999996490150032e-01  -1.9777812715194372e-10   0.0000000000000000e+00   0.0000000000000000e+00
0121   4.6679687500000000e-01   1.0000009443033537e+00   5.9999996470910932e-01  -1.7676888350031713e-10   0.0000000000000000e+00   0.0000000000000000e+00
0122   4.7070312500000000e-01   1.0000009489267212e+00   5.9999996453811766e-01  -1.5570632950848063e-10   0.0000000000000000e+00   0.0000000000000000e+00
0123   4.7460937500000000e-01   1.0000009529786189e+00   5.9999996438861092e-01  -1.3464871306326621e-10   0.0000000000000000e+00   0.0000000000000000e+00
0124   4.7851562500000000e-01   1.0000009564565242e+00   5.9999996426060009e-01  -1.1360255606381852e-10   0.0000000000000000e+00   0.0000000000000000e+00
0125   4.8242187500000000e-01   1.0000009593583044e+00   5.9999996415413825e-01  -9.2813417167083222e-11   0.0000000000000000e+00   0.0000000000000000e+00
0126   4.8632812500000000e-01   1.0000009616820047e+00   5.9999996406903977e-01  -7.1835971410076923e-11   0.0000000000000000e+00   0.0000000000000000e+00
0127   4.9023437500000000e-01   1.0000009634263312e+00   5.9999996400548683e-01  -5.2449218847961869e-11   0.0000000000000000e+00   0.0000000000000000e+00
0128   4.9414062500000000e-01   1.0000009645898087e+00   5.9999996396313804e-01  -2.9750707306157757e-11   0.0000000000000000e+00   0.0000000000000000e+00
0129   4.9804687500000000e-01   1.0000009651716881e+00   5.9999996394194244e-01  -1.8575908482488139e-11   0.0000000000000000e+00   0.0000000000000000e+00
0130   5.0195312500000000e-01   1.0000009651716746e+00   5.9999996394194222e-01   1.8575386901070906e-11   0.0000000000000000e+00   0.0000000000000000e+00
0131   5.0585937500000000e-01   1.0000009645898043e+00   5.9999996396313782e-01   2.9749775911491927e-11   0.0000000000000000e+00   0.0000000000000000e+00
0132   5.0976562500000000e-01   1.0000009634262876e+00   5.9999996400548661e-01   5.2448510987829993e-11   0.0000000000000000e+00   0.0000000000000000e+00
0133   5.1367187500000000e-01   1.0000009616819925e+00   5.9999996406903933e-01   7.1835449828687035e-11   0.0000000000000000e+00   0.0000000000000000e+00
0134   5.1757812500000000e-01   1.0000009593582875e+00   5.9999996415413759e-01   9.2812932841436889e-11   0.0000000000000000e+00   0.0000000000000000e+00
0135   5.2148437500000000e-01   1.0000009564565280e+00   5.9999996426059898e-01   1.1360207173809679e-10   0.0000000000000000e+00   0.0000000000000000e+00
0136   5.2539062500000000e-01   1.0000009529785887e+00   5.9999996438860970e-01   1.3464819148184862e-10   0.0000000000000000e+00   0.0000000000000000e+00
0137   5.2929687500000000e-01   1.0000009489266917e+00   5.9999996453811633e-01   1.5570610597304088e-10   0.0000000000000000e+00   0.0000000000000000e+00
0138   5.3320312500000000e-01   1.0000009443033262e+00   5.9999996470910755e-01   1.7676858545330710e-10   0.0000000000000000e+00   0.0000000000000000e+00
0139   5.3710937500000000e-01   1.0000009391113180e+00   5.9999996490149854e-01   1.9777801538377284e-10   0.0000000000000000e+00   0.0000000000000000e+00
0140   5.4101562500000000e-01   1.0000009333537057e+00   5.9999996511518749e-01   2.1871158282381953e-10   0.0000000000000000e+00   0.0000000000000000e+00
0141   5.4492187500000000e-01   1.0000009270340853e+00   5.9999996535004818e-01   2.3954601663948738e-10   0.0000000000000000e+00   0.0000000000000000e+00
0142   5.4882812500000000e-01   1.0000009201562061e+00   5.9999996560594182e-01   2.6026062843345020e-10   0.0000000000000000e+00   0.0000000000000000e+00
0143   5.5273437500000000e-01   1.0000009127242167e+00   5.9999996588271443e-01   2.8083323964624960e-10   0.0000000000000000e+00   0.0000000000000000e+00
0144   5.5664062500000000e-01   1.0000009047425948e+00   5.9999996618019924e-01   3.0124132665732883e-10   0.0000000000000000e+00   0.0000000000000000e+00
0145   5.6054687500000000e-01   1.0000008962161477e+00   5.9999996649821263e-01   3.2146320553108857e-10   0.0000000000000000e+00   0.0000000000000000e+00
0146   5.6445312500000000e-01   1.0000008871499979e+00   5.9999996683655465e-01   3.4148022523215130e-10   0.0000000000000000e+00   0.0000000000000000e+00
0147   5.6835937500000000e-01   1.0000008775495903e+00   5.9999996719501036e-01   3.6127542430129031e-10   0.0000000000000000e+00   0.0000000000000000e+00
0148   5.7226562500000000e-01   1.0000008674207352e+00   5.9999996757335128e-01   3.8083371794438529e-10   0.0000000000000000e+00   0.0000000000000000e+00
0149   5.7617187500000000e-01   1.0000008567694429e+00   5.9999996797133570e-01   4.0014104507419865e-10   0.0000000000000000e+00   0.0000000000000000e+00
0150   5.8007812500000000e-01   1.0000008456022396e+00   5.9999996838871061e-01   4.1918329510370280e-10   0.0000000000000000e+00   0.0000000000000000e+00
0151   5.8398437500000000e-01   1.0000008339256736e+00   5.9999996882521167e-01   4.3794892652636551e-10   0.0000000000000000e+00   0.0000000000000000e+00
0152   5.8789062500000000e-01   1.0000008217469059e+00   5.9999996928056210e-01   4.5642488309229151e-10   0.0000000000000000e+00   0.0000000000000000e+00
0153   5.9179687500000000e-01   1.0000008090731982e+00   5.9999996975447456e-01   4.7460134340938296e-10   0.0000000000000000e+00   0.0000000000000000e+00
0154   5.9570312500000000e-01   1.0000007959121617e+00   5.9999997024665108e-01   4.9246745862685652e-10   0.0000000000000000e+00   0.0000000000000000e+00
0155   5.9960937500000000e-01   1.0000007822717609e+00   5.9999997075678346e-01   5.1001398657528146e-10   0.0000000000000000e+00   0.0000000000000000e+00
0156   6.0351562500000000e-01   1.0000007681601750e+00   5.9999997128455373e-01   5.2723239091771082e-10   0.0000000000000000e+00   0.0000000000000000e+00
0157   6.0742187500000000e-01   1.0000007535858597e+00   5.9999997182963372e-01   5.4411390751020025e-10   0.0000000000000000e+00   0.0000000000000000e+00
0158   6.1132812500000000e-01   1.0000007385576370e+00   5.9999997239168723e-01   5.6065021738608886e-10   0.0000000000000000e+00   0.0000000000000000e+00
0159   6.1523437500000000e-01   1.0000007230845258e+00   5.9999997297036800e-01   5.7683330489671058e-10   0.0000000000000000e+00   0.0000000000000000e+00
0160   6.1914062500000000e-01   1.0000007071758183e+00   5.9999997356532064e-01   5.9265524627129297e-10   0.0000000000000000e+00   0.0000000000000000e+00
0161   6.2304687500000000e-01   1.0000006908411618e+00   5.9999997417618200e-01   6.0810971703095180e-10   0.0000000000000000e+00   0.0000000000000000e+00
0162   6.2695312500000000e-01   1.0000006740903455e+00   5.9999997480258016e-01   6.2318873588883943e-10   0.0000000000000000e+00   0.0000000000000000e+00
0163   6.3085937500000000e-01   1.0000006569334718e+00   5.9999997544413430e-01   6.3788552397590726e-10   0.0000000000000000e+00   0.0000000000000000e+00
0164   6.3476562500000000e-01   1.0000006393808305e+00   5.9999997610045608e-01   6.5219237730744444e-10   0.0000000000000000e+00   0.0000000000000000e+00
0165   6.3867187500000000e-01   1.0000006214430268e+00   5.9999997677114869e-01   6.6610271754354782e-10   0.0000000000000000e+00   0.0000000000000000e+00
0166   6.4257812500000000e-01   1.0000006031308672e+00   5.9999997745580780e-01   6.7960931119630192e-10   0.0000000000000000e+00   0.0000000000000000e+00
0167   6.4648437500000000e-01   1.0000005844553876e+00   5.9999997815402140e-01   6.9270562423217986e-10   0.0000000000000000e+00   0.0000000000000000e+00
0168   6.5039062500000000e-01   1.0000005654278123e+00   5.9999997886536904e-01   7.0538476109541110e-10   0.0000000000000000e+00   0.0000000000000000e+00
0169   6.5429687500000000e-01   1.0000005460596388e+00   5.9999997958942375e-01   7.1764016091325403e-10   0.0000000000000000e+00   0.0000000000000000e+00
0170   6.5820312500000000e-01   1.0000005263625105e+00   5.9999998032575108e-01   7.2946492152616899e-10   0.0000000000000000e+00   0.0000000000000000e+00
0171   6.6210937500000000e-01   1.0000005063482977e+00   5.9999998107390906e-01   7.4085232209816386e-10   0.0000000000000000e+00   0.0000000000000000e+00
0172   6.6601562500000000e-01   1.0000004860290874e+00   5.9999998183344938e-01   7.5179624047451198e-10   0.0000000000000000e+00   0.0000000000000000e+00
0173   6.6992187500000000e-01   1.0000004654170633e+00   5.9999998260391652e-01   7.6229019869336226e-10   0.0000000000000000e+00   0.0000000000000000e+00
0174   6.7382812500000000e-01   1.0000004445246886e+00   5.9999998338484872e-01   7.7232783093934021e-10   0.0000000000000000e+00   0.0000000000000000e+00
0175   6.7773437500000000e-01   1.0000004233645181e+00   5.9999998417577760e-01   7.8190306027216470e-10   0.0000000000000000e+00   0.0000000000000000e+00
0176   6.8164062500000000e-01   1.0000004019493283e+00   5.9999998497622919e-01   7.9101035678484873e-10   0.0000000000000000e+00   0.0000000000000000e+00
0177   6.8554687500000000e-01   1.0000003802920163e+00   5.9999998578572322e-01   7.9964399686868905e-10   0.0000000000000000e+00   0.0000000000000000e+00
0178   6.8945312500000000e-01   1.0000003584056489e+00   5.9999998660377407e-01   8.0779818645077721e-10   0.0000000000000000e+00   0.0000000000000000e+00
0179   6.9335937500000000e-01   1.0000003363033536e+00   5.9999998742989069e-01   8.1546849536482562e-10   0.0000000000000000e+00   0.0000000000000000e+00
0180   6.9726562500000000e-01   1.0000003139984817e+00   5.9999998826357681e-01   8.2264968517686961e-10   0.0000000000000000e+00   0.0000000000000000e+00
0181   7.0117187500000000e-01   1.0000002915044979e+00   5.9999998910433183e-01   8.2933704637080528e-10   0.0000000000000000e+00   0.0000000000000000e+00
0182   7.0507812500000000e-01   1.0000002688349090e+00   5.9999998995165005e-01   8.3552669978751601e-10   0.0000000000000000e+00   0.0000000000000000e+00
0183   7.0898437500000000e-01   1.0000002460033774e+00   5.9999999080502220e-01   8.4121460156886141e-10   0.0000000000000000e+00   0.0000000000000000e+00
0184   7.1289062500000000e-01   1.0000002230236453e+00   5.9999999166393492e-01   8.4639745568209130e-10   0.0000000000000000e+00   0.0000000000000000e+00
0185   7.1679687500000000e-01   1.0000001999096320e+00   5.9999999252787140e-01   8.5107158494858087e-10   0.0000000000000000e+00   0.0000000000000000e+00
0186   7.2070312500000000e-01   1.0000001766751485e+00   5.9999999339631094e-01   8.5523479019527624e-10   0.0000000000000000e+00   0.0000000000000000e+00
0187   7.2460937500000000e-01   1.0000001533342597e+00   5.9999999426873274e-01   8.5888378357767353e-10   0.0000000000000000e+00   0.0000000000000000e+00
0188   7.2851562500000000e-01   1.0000001299010171e+00   5.9999999514460478e-01   8.6201773978135595e-10   0.0000000000000000e+00   0.0000000000000000e+00
0189   7.3242187500000000e-01   1.0000001063895048e+00   5.9999999602341858e-01   8.6463432877622361e-10   0.0000000000000000e+00   0.0000000000000000e+00
0190   7.3632812500000000e-01   1.0000000828139284e+00   5.9999999690458783e-01   8.6672985580954723e-10   0.0000000000000000e+00   0.0000000000000000e+00
0191   7.4023437500000000e-01   1.0000000591885538e+00   5.9999999778774182e-01   8.6832615606354662e-10   0.0000000000000000e+00   0.0000000000000000e+00
0192   7.4414062500000000e-01   1.0000000355272374e+00   5.9999999867193521e-01   8.6934698864991058e-10   0.0000000000000000e+00   0.0000000000000000e+00
0193   7.4804687500000000e-01   1.0000000118452246e+00   5.9999999955762329e-01   8.7002164209732960e-10   0.0000000000000000e+00   0.0000000000000000e+00
0194   7.5195312500000000e-01   9.9999998815486335e-01   6.0000000044235025e-01   8.7001029215694637e-10   0.0000000000000000e+00   0.0000000000000000e+00
0195   7.5585937500000000e-01   9.9999996447282347e-01   6.0000000132803921e-01   8.6931330918787421e-10   0.0000000000000000e+00   0.0000000000000000e+00
0196   7.5976562500000000e-01   9.9999994081150034e-01   6.0000000221223260e-01   8.6826961895419090e-10   0.0000000000000000e+00   0.0000000000000000e+00
0197   7.6367187500000000e-01   9.9999991718613290e-01   6.0000000309538626e-01   8.6665100898019751e-10   0.0000000000000000e+00   0.0000000000000000e+00
0198   7.6757812500000000e-01   9.9999989361052943e-01   6.0000000397655573e-01   8.6453289621329537e-10   0.0000000000000000e+00   0.0000000000000000e+00
0199   7.7148437500000000e-01   9.9999987009906510e-01   6.0000000485536975e-01   8.6189400001628196e-10   0.0000000000000000e+00   0.0000000000000000e+00
0200   7.7539062500000000e-01   9.9999984666580755e-01   6.0000000573124213e-01   8.5873804815988190e-10   0.0000000000000000e+00   0.0000000000000000e+00
0201   7.7929687500000000e-01   9.9999982332492865e-01   6.0000000660366437e-01   8.5506759002679253e-10   0.0000000000000000e+00   0.0000000000000000e+00
0202   7.8320312500000000e-01   9.9999980009046319e-01   6.0000000747210447e-01   8.5088352132602794e-10   0.0000000000000000e+00   0.0000000000000000e+00
0203   7.8710937500000000e-01   9.9999977697640596e-01   6.0000000833604139e-01   8.4618901409824586e-10   0.0000000000000000e+00   0.0000000000000000e+00
0204   7.9101562500000000e-01   9.9999975399669316e-01   6.0000000919495466e-01   8.4098678514422737e-10   0.0000000000000000e+00   0.0000000000000000e+00
0205   7.9492187500000000e-01   9.9999973116515983e-01   6.0000001004832737e-01   8.3528006071991947e-10   0.0000000000000000e+00   0.0000000000000000e+00
0206   7.9882812500000000e-01   9.9999970849557174e-01   6.0000001089564614e-01   8.2907243115655213e-10   0.0000000000000000e+00   0.0000000000000000e+00
0207   8.0273437500000000e-01   9.9999968600154887e-01   6.0000001173640161e-01   8.2236763862948834e-10   0.0000000000000000e+00   0.0000000000000000e+00
0208   8.0664062500000000e-01   9.9999966369670146e-01   6.0000001257008850e-01   8.1517060195036416e-10   0.0000000000000000e+00   0.0000000000000000e+00
0209   8.1054687500000000e-01   9.9999964159440757e-01   6.0000001339620546e-01   8.0748479781534214e-10   0.0000000000000000e+00   0.0000000000000000e+00
0210   8.1445312500000000e-01   9.9999961970801587e-01   6.0000001421425642e-01   7.9931590849158225e-10   0.0000000000000000e+00   0.0000000000000000e+00
0211   8.1835937500000000e-01   9.9999959805070870e-01   6.0000001502375089e-01   7.9066903165780523e-10   0.0000000000000000e+00   0.0000000000000000e+00
0212   8.2226562500000000e-01   9.9999957663552785e-01   6.0000001582420259e-01   7.8154910156786137e-10   0.0000000000000000e+00   0.0000000000000000e+00
0213   8.2617187500000000e-01   9.9999955547536734e-01   6.0000001661513158e-01   7.7196262143226569e-10   0.0000000000000000e+00   0.0000000000000000e+00
0214   8.3007812500000000e-01   9.9999953458297386e-01   6.0000001739606346e-01   7.6191407539083577e-10   0.0000000000000000e+00   0.0000000000000000e+00
0215   8.3398437500000000e-01   9.9999951397097220e-01   6.0000001816653048e-01   7.5141069288396838e-10   0.0000000000000000e+00   0.0000000000000000e+00
0216   8.3789062500000000e-01   9.9999949365172880e-01   6.0000001892607024e-01   7.4045812962161304e-10   0.0000000000000000e+00   0.0000000000000000e+00
0217   8.4179687500000000e-01   9.9999947363751807e-01   6.0000001967422800e-01   7.2906293601678438e-10   0.0000000000000000e+00   0.0000000000000000e+00
0218   8.4570312500000000e-01   9.9999945394040290e-01   6.0000002041055467e-01   7.1723082254133495e-10   0.0000000000000000e+00   0.0000000000000000e+00
0219   8.4960937500000000e-01   9.9999943457219609e-01   6.0000002113460871e-01   7.0496936524039953e-10   0.0000000000000000e+00   0.0000000000000000e+00
0220   8.5351562500000000e-01   9.9999941554464289e-01   6.0000002184595569e-01   6.9228475694126334e-10   0.0000000000000000e+00   0.0000000000000000e+00
0221   8.5742187500000000e-01   9.9999939686913508e-01   6.0000002254416829e-01   6.7918370626967353e-10   0.0000000000000000e+00   0.0000000000000000e+00
0222   8.6132812500000000e-01   9.9999937855698895e-01   6.0000002322882684e-01   6.6567314497380783e-10   0.0000000000000000e+00   0.0000000000000000e+00
0223   8.6523437500000000e-01   9.9999936061917027e-01   6.0000002389951923e-01   6.5175994153443541e-10   0.0000000000000000e+00   0.0000000000000000e+00
0224   8.6914062500000000e-01   9.9999934306655003e-01   6.0000002455584045e-01   6.3745140330753972e-10   0.0000000000000000e+00   0.0000000000000000e+00
0225   8.7304687500000000e-01   9.9999932590966123e-01   6.0000002519739426e-01   6.2275354936388388e-10   0.0000000000000000e+00   0.0000000000000000e+00
0226   8.7695312500000000e-01   9.9999930915882584e-01   6.0000002582379175e-01   6.0767456779810748e-10   0.0000000000000000e+00   0.0000000000000000e+00
0227   8.8085937500000000e-01   9.9999929282413957e-01   6.0000002643465300e-01   5.9222071589336502e-10   0.0000000000000000e+00   0.0000000000000000e+00
0228   8.8476562500000000e-01   9.9999927691547863e-01   6.0000002702960564e-01   5.7639956533282545e-10   0.0000000000000000e+00   0.0000000000000000e+00
0229   8.8867187500000000e-01   9.9999926144234208e-01   6.0000002760828608e-01   5.6021881948624088e-10   0.0000000000000000e+00   0.0000000000000000e+00
0230   8.9257812500000000e-01   9.9999924641412730e-01   6.0000002817033937e-01   5.4368588117849845e-10   0.0000000000000000e+00   0.0000000000000000e+00
0231   8.9648437500000000e-01   9.9999923183981798e-01   6.0000002871541935e-01   5.2680872965083641e-10   0.0000000000000000e+00   0.0000000000000000e+00
0232   9.0039062500000000e-01   9.9999921772821199e-01   6.0000002924318918e-01   5.0959572218353941e-10   0.0000000000000000e+00   0.0000000000000000e+00
0233   9.0429687500000000e-01   9.9999920408779741e-01   6.0000002975332167e-01   4.9205540065091922e-10   0.0000000000000000e+00   0.0000000000000000e+00
0234   9.0820312500000000e-01   9.9999919092676370e-01   6.0000003024549831e-01   4.7419701071879689e-10   0.0000000000000000e+00   0.0000000000000000e+00
0235   9.1210937500000000e-01   9.9999917825303619e-01   6.0000003071941099e-01   4.5602927464349441e-10   0.0000000000000000e+00   0.0000000000000000e+00
0236   9.1601562500000000e-01   9.9999916607425676e-01   6.0000003117476142e-01   4.3756345295737847e-10   0.0000000000000000e+00   0.0000000000000000e+00
0237   9.1992187500000000e-01   9.9999915439775178e-01   6.0000003161126259e-01   4.1880940636568565e-10   0.0000000000000000e+00   0.0000000000000000e+00
0238   9.2382812500000000e-01   9.9999914323050010e-01   6.0000003202863794e-01   3.9977933648377246e-10   0.0000000000000000e+00   0.0000000000000000e+00
0239   9.2773437500000000e-01   9.9999913257922646e-01   6.0000003242662292e-01   3.8048597943225443e-10   0.0000000000000000e+00   0.0000000000000000e+00
0240   9.3164062500000000e-01   9.9999912245034861e-01   6.0000003280496406e-01   3.6094240524238833e-10   0.0000000000000000e+00   0.0000000000000000e+00
0241   9.3554687500000000e-01   9.9999911284994303e-01   6.0000003316341999e-01   3.4116316210436516e-10   0.0000000000000000e+00   0.0000000000000000e+00
0242   9.3945312500000000e-01   9.9999910378379486e-01   6.0000003350176245e-01   3.2116318872997108e-10   0.0000000000000000e+00   0.0000000000000000e+00
0243   9.4335937500000000e-01   9.9999909525736197e-01   6.0000003381977585e-01   3.0095874181858391e-10   0.0000000000000000e+00   0.0000000000000000e+00
0244   9.4726562500000000e-01   9.9999908727573550e-01   6.0000003411726055e-01   2.8056910900510346e-10   0.0000000000000000e+00   0.0000000000000000e+00
0245   9.5117187500000000e-01   9.9999907984374070e-01   6.0000003439403315e-01   2.6001497171608666e-10   0.0000000000000000e+00   0.0000000000000000e+00
0246   9.5507812500000000e-01   9.9999907296586787e-01   6.0000003464992624e-01   2.3931971398650045e-10   0.0000000000000000e+00   0.0000000000000000e+00
0247   9.5898437500000000e-01   9.9999906664622185e-01   6.0000003488478659e-01   2.1850488468196251e-10   0.0000000000000000e+00   0.0000000000000000e+00
0248   9.6289062500000000e-01   9.9999906088865675e-01   6.0000003509847522e-01   1.9759110145438582e-10   0.0000000000000000e+00   0.0000000000000000e+00
0249   9.6679687500000000e-01   9.9999905569659764e-01   6.0000003529086576e-01   1.7660193736157222e-10   0.0000000000000000e+00   0.0000000000000000e+00
0250   9.7070312500000000e-01   9.9999905107321896e-01   6.0000003546185676e-01   1.5555965047960929e-10   0.0000000000000000e+00   0.0000000000000000e+00
0251   9.7460937500000000e-01   9.9999904702130704e-01   6.0000003561136273e-01   1.3452185947368830e-10   0.0000000000000000e+00   0.0000000000000000e+00
0252   9.7851562500000000e-01   9.9999904354341673e-01   6.0000003573937288e-01   1.1349583546556482e-10   0.0000000000000000e+00   0.0000000000000000e+00
0253   9.8242187500000000e-01   9.9999904064161427e-01   6.0000003584583383e-01   9.2726471138789738e-11   0.0000000000000000e+00   0.0000000000000000e+00
0254   9.8632812500000000e-01   9.9999903831792458e-01   6.0000003593093154e-01   7.1768817451827606e-11   0.0000000000000000e+00   0.0000000000000000e+00
0255   9.9023437500000000e-01   9.9999903657363076e-01   6.0000003599448404e-01   5.2400764472747733e-11   0.0000000000000000e+00   0.0000000000000000e+00
0256   9.9414062500000000e-01   9.9999903541013369e-01   6.0000003603683238e-01   2.9721345111633662e-11   0.0000000000000000e+00   0.0000000000000000e+00
0257   9.9804687500000000e-01   9.9999903482821928e-01   6.0000003605802754e-01   1.8564834568835047e-11   0.0000000000000000e+00   0.0000000000000000e+00
