# Athena++ data at time=3.500194e+01  cycle=17921  variables=prim 
# i       x1v         rho          press          vel1         vel2         vel3     
0002   1.9531250000000000e-03   9.9999899963560801e-01   6.0000000086537497e-01   4.4278833258266729e-10   0.0000000000000000e+00   0.0000000000000000e+00
0003   5.8593750000000000e-03   9.9999900023803157e-01   6.0000000086469263e-01   1.3293533204308259e-09   0.0000000000000000e+00   0.0000000000000000e+00
0004   9.7656250000000000e-03   9.9999900144284271e-01   6.0000000086366867e-01   2.2144098346773282e-09   0.0000000000000000e+00   0.0000000000000000e+00
0005   1.3671875000000000e-02   9.9999900324910773e-01   6.0000000086207328e-01   3.0984311841058581e-09   0.0000000000000000e+00   0.0000000000000000e+00
0006   1.7578125000000000e-02   9.9999900565579625e-01   6.0000000085998229e-01   3.9804666707373383e-09   0.0000000000000000e+00   0.0000000000000000e+00
0007   2.1484375000000000e-02   9.9999900866144853e-01   6.0000000085737371e-01   4.8601474272620946e-09   0.0000000000000000e+00   0.0000000000000000e+00
0008   2.5390625000000000e-02   9.9999901226424381e-01   6.0000000085425154e-01   5.7368861475415626e-09   0.0000000000000000e+00   0.0000000000000000e+00
0009   2.9296875000000000e-02   9.9999901646201372e-01   6.0000000085061755e-01   6.6101741482638639e-09   0.0000000000000000e+00   0.0000000000000000e+00
0010   3.3203125000000000e-02   9.9999902125224693e-01   6.0000000084647243e-01   7.4794787494436233e-09   0.0000000000000000e+00   0.0000000000000000e+00
0011   3.7109375000000000e-02   9.9999902663202822e-01   6.0000000084181870e-01   8.3442780530084777e-09   0.0000000000000000e+00   0.0000000000000000e+00
0012   4.1015625000000000e-02   9.9999903259813772e-01   6.0000000083665905e-01   9.2040505286715760e-09   0.0000000000000000e+00   0.0000000000000000e+00
0013   4.4921875000000000e-02   9.9999903914695321e-01   6.0000000083099569e-01   1.0058277823972146e-08   0.0000000000000000e+00   0.0000000000000000e+00
0014   4.8828125000000000e-02   9.9999904627457126e-01   6.0000000082483196e-01   1.0906445784215761e-08   0.0000000000000000e+00   0.0000000000000000e+00
0015   5.2734375000000000e-02   9.9999905397667488e-01   6.0000000081817106e-01   1.1748042750726979e-08   0.0000000000000000e+00   0.0000000000000000e+00
0016   5.6640625000000000e-02   9.9999906224862423e-01   6.0000000081101745e-01   1.2582561470716850e-08   0.0000000000000000e+00   0.0000000000000000e+00
0017   6.0546875000000000e-02   9.9999907108544417e-01   6.0000000080337490e-01   1.3409498732160921e-08   0.0000000000000000e+00   0.0000000000000000e+00
0018   6.4453125000000000e-02   9.9999908048180131e-01   6.0000000079524851e-01   1.4228357045178772e-08   0.0000000000000000e+00   0.0000000000000000e+00
0019   6.8359375000000000e-02   9.9999909043204804e-01   6.0000000078664284e-01   1.5038641924475341e-08   0.0000000000000000e+00   0.0000000000000000e+00
0020   7.2265625000000000e-02   9.9999910093017741e-01   6.0000000077756310e-01   1.5839866061178204e-08   0.0000000000000000e+00   0.0000000000000000e+00
0021   7.6171875000000000e-02   9.9999911196987490e-01   6.0000000076801507e-01   1.6631546934537053e-08   0.0000000000000000e+00   0.0000000000000000e+00
0022   8.0078125000000000e-02   9.9999912354449016e-01   6.0000000075800464e-01   1.7413208071408486e-08   0.0000000000000000e+00   0.0000000000000000e+00
0023   8.3984375000000000e-02   9.9999913564705711e-01   6.0000000074753812e-01   1.8184378961065238e-08   0.0000000000000000e+00   0.0000000000000000e+00
0024   8.7890625000000000e-02   9.9999914827026704e-01   6.0000000073662230e-01   1.8944596344836846e-08   0.0000000000000000e+00   0.0000000000000000e+00
0025   9.1796875000000000e-02   9.9999916140653666e-01   6.0000000072526427e-01   1.9693402707753945e-08   0.0000000000000000e+00   0.0000000000000000e+00
0026   9.5703125000000000e-02   9.9999917504793889e-01   6.0000000071347082e-01   2.0430349087894128e-08   0.0000000000000000e+00   0.0000000000000000e+00
0027   9.9609375000000000e-02   9.9999918918627639e-01   6.0000000070124992e-01   2.1154993038326584e-08   0.0000000000000000e+00   0.0000000000000000e+00
0028   1.0351562500000000e-01   9.9999920381302365e-01   6.0000000068860926e-01   2.1866900086800222e-08   0.0000000000000000e+00   0.0000000000000000e+00
0029   1.0742187500000000e-01   9.9999921891933596e-01   6.0000000067555692e-01   2.2565644371336647e-08   0.0000000000000000e+00   0.0000000000000000e+00
0030   1.1132812500000000e-01   9.9999923449616979e-01   6.0000000066210080e-01   2.3250806402494696e-08   0.0000000000000000e+00   0.0000000000000000e+00
0031   1.1523437500000000e-01   9.9999925053410987e-01   6.0000000064824932e-01   2.3921977154351962e-08   0.0000000000000000e+00   0.0000000000000000e+00
0032   1.1914062500000000e-01   9.9999926702350317e-01   6.0000000063401071e-01   2.4578754475846661e-08   0.0000000000000000e+00   0.0000000000000000e+00
0033   1.2304687500000000e-01   9.9999928395443216e-01   6.0000000061939329e-01   2.5220745606990754e-08   0.0000000000000000e+00   0.0000000000000000e+00
0034   1.2695312500000000e-01   9.9999930131666814e-01   6.0000000060440539e-01   2.5847565666229862e-08   0.0000000000000000e+00   0.0000000000000000e+00
0035   1.3085937500000000e-01   9.9999931909976969e-01   6.0000000058905500e-01   2.6458839783491090e-08   0.0000000000000000e+00   0.0000000000000000e+00
0036   1.3476562500000000e-01   9.9999933729301815e-01   6.0000000057335046e-01   2.7054201055071028e-08   0.0000000000000000e+00   0.0000000000000000e+00
0037   1.3867187500000000e-01   9.9999935588545463e-01   6.0000000055729974e-01   2.7633291063521433e-08   0.0000000000000000e+00   0.0000000000000000e+00
0038   1.4257812500000000e-01   9.9999937486588708e-01   6.0000000054091063e-01   2.8195761136866627e-08   0.0000000000000000e+00   0.0000000000000000e+00
0039   1.4648437500000000e-01   9.9999939422286033e-01   6.0000000052419111e-01   2.8741271366556558e-08   0.0000000000000000e+00   0.0000000000000000e+00
0040   1.5039062500000000e-01   9.9999941394474057e-01   6.0000000050714897e-01   2.9269490513516688e-08   0.0000000000000000e+00   0.0000000000000000e+00
0041   1.5429687500000000e-01   9.9999943401961500e-01   6.0000000048979174e-01   2.9780096541386452e-08   0.0000000000000000e+00   0.0000000000000000e+00
0042   1.5820312500000000e-01   9.9999945443540561e-01   6.0000000047212720e-01   3.0272775988535810e-08   0.0000000000000000e+00   0.0000000000000000e+00
0043   1.6210937500000000e-01   9.9999947517980581e-01   6.0000000045416324e-01   3.0747225606295139e-08   0.0000000000000000e+00   0.0000000000000000e+00
0044   1.6601562500000000e-01   9.9999949624032436e-01   6.0000000043590718e-01   3.1203150041553060e-08   0.0000000000000000e+00   0.0000000000000000e+00
0045   1.6992187500000000e-01   9.9999951760427241e-01   6.0000000041736767e-01   3.1640263983433619e-08   0.0000000000000000e+00   0.0000000000000000e+00
0046   1.7382812500000000e-01   9.9999953925877016e-01   6.0000000039855383e-01   3.2058292477718776e-08   0.0000000000000000e+00   0.0000000000000000e+00
0047   1.7773437500000000e-01   9.9999956119078404e-01   6.0000000037947510e-01   3.2456970042260434e-08   0.0000000000000000e+00   0.0000000000000000e+00
0048   1.8164062500000000e-01   9.9999958338707662e-01   6.0000000036014145e-01   3.2836041824545679e-08   0.0000000000000000e+00   0.0000000000000000e+00
0049   1.8554687500000000e-01   9.9999960583431435e-01   6.0000000034056400e-01   3.3195262703182399e-08   0.0000000000000000e+00   0.0000000000000000e+00
0050   1.8945312500000000e-01   9.9999962851894941e-01   6.0000000032075462e-01   3.3534399139223317e-08   0.0000000000000000e+00   0.0000000000000000e+00
0051   1.9335937500000000e-01   9.9999965142730662e-01   6.0000000030072687e-01   3.3853229939885866e-08   0.0000000000000000e+00   0.0000000000000000e+00
0052   1.9726562500000000e-01   9.9999967454562155e-01   6.0000000028049616e-01   3.4151547238551588e-08   0.0000000000000000e+00   0.0000000000000000e+00
0053   2.0117187500000000e-01   9.9999969785996401e-01   6.0000000026008171e-01   3.4429158957670969e-08   0.0000000000000000e+00   0.0000000000000000e+00
0054   2.0507812500000000e-01   9.9999972135630699e-01   6.0000000023950373e-01   3.4685886681797658e-08   0.0000000000000000e+00   0.0000000000000000e+00
0055   2.0898437500000000e-01   9.9999974502049194e-01   6.0000000021878341e-01   3.4921567882086212e-08   0.0000000000000000e+00   0.0000000000000000e+00
0056   2.1289062500000000e-01   9.9999976883827058e-01   6.0000000019794009e-01   3.5136051166428492e-08   0.0000000000000000e+00   0.0000000000000000e+00
0057   2.1679687500000000e-01   9.9999979279532003e-01   6.0000000017699651e-01   3.5329198600611616e-08   0.0000000000000000e+00   0.0000000000000000e+00
0058   2.2070312500000000e-01   9.9999981687719608e-01   6.0000000015597510e-01   3.5500897335777583e-08   0.0000000000000000e+00   0.0000000000000000e+00
0059   2.2460937500000000e-01   9.9999984106945883e-01   6.0000000013493560e-01   3.5651050737542797e-08   0.0000000000000000e+00   0.0000000000000000e+00
0060   2.2851562500000000e-01   9.9999986535754393e-01   6.0000000011388532e-01   3.5779636940295698e-08   0.0000000000000000e+00   0.0000000000000000e+00
0061   2.3242187500000000e-01   9.9999988972701781e-01   6.0000000009307297e-01   3.5886593036838742e-08   0.0000000000000000e+00   0.0000000000000000e+00
0062   2.3632812500000000e-01   9.9999991416278033e-01   6.0000000007205456e-01   3.5972097933943286e-08   0.0000000000000000e+00   0.0000000000000000e+00
0063   2.4023437500000000e-01   9.9999993865185965e-01   6.0000000005261744e-01   3.6035960466076081e-08   0.0000000000000000e+00   0.0000000000000000e+00
0064   2.4414062500000000e-01   9.9999996317459994e-01   6.0000000002984688e-01   3.6078521910244155e-08   0.0000000000000000e+00   0.0000000000000000e+00
0065   2.4804687500000000e-01   9.9999998773109733e-01   6.0000000001863929e-01   3.6099824086918189e-08   0.0000000000000000e+00   0.0000000000000000e+00
0066   2.5195312500000000e-01   1.0000000122689230e+00   5.9999999998134312e-01   3.6099828148591996e-08   0.0000000000000000e+00   0.0000000000000000e+00
0067   2.5585937500000000e-01   1.0000000368254027e+00   5.9999999997013520e-01   3.6078534614933087e-08   0.0000000000000000e+00   0.0000000000000000e+00
0068   2.5976562500000000e-01   1.0000000613481332e+00   5.9999999994736519e-01   3.6035981553721283e-08   0.0000000000000000e+00   0.0000000000000000e+00
0069   2.6367187500000000e-01   1.0000000858372255e+00   5.9999999992792874e-01   3.5972127664934651e-08   0.0000000000000000e+00   0.0000000000000000e+00
0070   2.6757812500000000e-01   1.0000001102729874e+00   5.9999999990691044e-01   3.5886631560178523e-08   0.0000000000000000e+00   0.0000000000000000e+00
0071   2.7148437500000000e-01   1.0000001346424747e+00   5.9999999988609776e-01   3.5779684144026596e-08   0.0000000000000000e+00   0.0000000000000000e+00
0072   2.7539062500000000e-01   1.0000001589305489e+00   5.9999999986504782e-01   3.5651106733327271e-08   0.0000000000000000e+00   0.0000000000000000e+00
0073   2.7929687500000000e-01   1.0000001831228120e+00   5.9999999984400809e-01   3.5500962496071333e-08   0.0000000000000000e+00   0.0000000000000000e+00
0074   2.8320312500000000e-01   1.0000002072046996e+00   5.9999999982298691e-01   3.5329272627307809e-08   0.0000000000000000e+00   0.0000000000000000e+00
0075   2.8710937500000000e-01   1.0000002311617331e+00   5.9999999980204322e-01   3.5136133686933050e-08   0.0000000000000000e+00   0.0000000000000000e+00
0076   2.9101562500000000e-01   1.0000002549795202e+00   5.9999999978120000e-01   3.4921659082668279e-08   0.0000000000000000e+00   0.0000000000000000e+00
0077   2.9492187500000000e-01   1.0000002786436963e+00   5.9999999976047980e-01   3.4685986786002304e-08   0.0000000000000000e+00   0.0000000000000000e+00
0078   2.9882812500000000e-01   1.0000003021400543e+00   5.9999999973990203e-01   3.4429267071386897e-08   0.0000000000000000e+00   0.0000000000000000e+00
0079   3.0273437500000000e-01   1.0000003254543746e+00   5.9999999971948748e-01   3.4151663734383477e-08   0.0000000000000000e+00   0.0000000000000000e+00
0080   3.0664062500000000e-01   1.0000003485726789e+00   5.9999999969925677e-01   3.3853354445333904e-08   0.0000000000000000e+00   0.0000000000000000e+00
0081   3.1054687500000000e-01   1.0000003714810748e+00   5.9999999967922857e-01   3.3534531468076357e-08   0.0000000000000000e+00   0.0000000000000000e+00
0082   3.1445312500000000e-01   1.0000003941657030e+00   5.9999999965941875e-01   3.3195402557467961e-08   0.0000000000000000e+00   0.0000000000000000e+00
0083   3.1835937500000000e-01   1.0000004166129166e+00   5.9999999963984074e-01   3.2836188794523731e-08   0.0000000000000000e+00   0.0000000000000000e+00
0084   3.2226562500000000e-01   1.0000004388092223e+00   5.9999999962050676e-01   3.2457123718189184e-08   0.0000000000000000e+00   0.0000000000000000e+00
0085   3.2617187500000000e-01   1.0000004607412194e+00   5.9999999960142703e-01   3.2058452412594586e-08   0.0000000000000000e+00   0.0000000000000000e+00
0086   3.3007812500000000e-01   1.0000004823957371e+00   5.9999999958261230e-01   3.1640429283176341e-08   0.0000000000000000e+00   0.0000000000000000e+00
0087   3.3398437500000000e-01   1.0000005037596891e+00   5.9999999956407235e-01   3.1203320296399726e-08   0.0000000000000000e+00   0.0000000000000000e+00
0088   3.3789062500000000e-01   1.0000005248201862e+00   5.9999999954581562e-01   3.0747400480987440e-08   0.0000000000000000e+00   0.0000000000000000e+00
0089   3.4179687500000000e-01   1.0000005455645913e+00   5.9999999952785077e-01   3.0272954812500421e-08   0.0000000000000000e+00   0.0000000000000000e+00
0090   3.4570312500000000e-01   1.0000005659803963e+00   5.9999999951018557e-01   2.9780278345994445e-08   0.0000000000000000e+00   0.0000000000000000e+00
0091   3.4960937500000000e-01   1.0000005860552654e+00   5.9999999949282812e-01   2.9269674814456975e-08   0.0000000000000000e+00   0.0000000000000000e+00
0092   3.5351562500000000e-01   1.0000006057771513e+00   5.9999999947578575e-01   2.8741457679507230e-08   0.0000000000000000e+00   0.0000000000000000e+00
0093   3.5742187500000000e-01   1.0000006251341127e+00   5.9999999945906601e-01   2.8195948940245383e-08   0.0000000000000000e+00   0.0000000000000000e+00
0094   3.6132812500000000e-01   1.0000006441145373e+00   5.9999999944267679e-01   2.7633479910249181e-08   0.0000000000000000e+00   0.0000000000000000e+00
0095   3.6523437500000000e-01   1.0000006627070019e+00   5.9999999942662574e-01   2.7054390535319681e-08   0.0000000000000000e+00   0.0000000000000000e+00
0096   3.6914062500000000e-01   1.0000006809002382e+00   5.9999999941092097e-01   2.6459030009012340e-08   0.0000000000000000e+00   0.0000000000000000e+00
0097   3.7304687500000000e-01   1.0000006986833438e+00   5.9999999939557058e-01   2.5847755966399949e-08   0.0000000000000000e+00   0.0000000000000000e+00
0098   3.7695312500000000e-01   1.0000007160455706e+00   5.9999999938058257e-01   2.5220935124907370e-08   0.0000000000000000e+00   0.0000000000000000e+00
0099   3.8085937500000000e-01   1.0000007329764995e+00   5.9999999936596504e-01   2.4578943435023641e-08   0.0000000000000000e+00   0.0000000000000000e+00
0100   3.8476562500000000e-01   1.0000007494658782e+00   5.9999999935172632e-01   2.3922165070447132e-08   0.0000000000000000e+00   0.0000000000000000e+00
0101   3.8867187500000000e-01   1.0000007655038341e+00   5.9999999933787462e-01   2.3250993126467371e-08   0.0000000000000000e+00   0.0000000000000000e+00
0102   3.9257812500000000e-01   1.0000007810806599e+00   5.9999999932441817e-01   2.2565828897266626e-08   0.0000000000000000e+00   0.0000000000000000e+00
0103   3.9648437500000000e-01   1.0000007961869908e+00   5.9999999931136550e-01   2.1867082712723627e-08   0.0000000000000000e+00   0.0000000000000000e+00
0104   4.0039062500000000e-01   1.0000008108137182e+00   5.9999999929872450e-01   2.1155172907351059e-08   0.0000000000000000e+00   0.0000000000000000e+00
0105   4.0429687500000000e-01   1.0000008249520520e+00   5.9999999928650349e-01   2.0430526162758516e-08   0.0000000000000000e+00   0.0000000000000000e+00
0106   4.0820312500000000e-01   1.0000008385934560e+00   5.9999999927470982e-01   1.9693576988456051e-08   0.0000000000000000e+00   0.0000000000000000e+00
0107   4.1210937500000000e-01   1.0000008517297276e+00   5.9999999926335124e-01   1.8944767421562577e-08   0.0000000000000000e+00   0.0000000000000000e+00
0108   4.1601562500000000e-01   1.0000008643529466e+00   5.9999999925243508e-01   1.8184546759305918e-08   0.0000000000000000e+00   0.0000000000000000e+00
0109   4.1992187500000000e-01   1.0000008764555259e+00   5.9999999924196812e-01   1.7413372069586818e-08   0.0000000000000000e+00   0.0000000000000000e+00
0110   4.2382812500000000e-01   1.0000008880301294e+00   5.9999999923195713e-01   1.6631706834613501e-08   0.0000000000000000e+00   0.0000000000000000e+00
0111   4.2773437500000000e-01   1.0000008990698148e+00   5.9999999922240843e-01   1.5840021267066820e-08   0.0000000000000000e+00   0.0000000000000000e+00
0112   4.3164062500000000e-01   1.0000009095679452e+00   5.9999999921332769e-01   1.5038791765579443e-08   0.0000000000000000e+00   0.0000000000000000e+00
0113   4.3554687500000000e-01   1.0000009195182029e+00   5.9999999920472102e-01   1.4228500925413013e-08   0.0000000000000000e+00   0.0000000000000000e+00
0114   4.3945312500000000e-01   1.0000009289145715e+00   5.9999999919659353e-01   1.3409636577022925e-08   0.0000000000000000e+00   0.0000000000000000e+00
0115   4.4335937500000000e-01   1.0000009377513610e+00   5.9999999918895075e-01   1.2582692162540817e-08   0.0000000000000000e+00   0.0000000000000000e+00
0116   4.4726562500000000e-01   1.0000009460233181e+00   5.9999999918179669e-01   1.1748166326775612e-08   0.0000000000000000e+00   0.0000000000000000e+00
0117   4.5117187500000000e-01   1.0000009537254309e+00   5.9999999917513558e-01   1.0906561722914556e-08   0.0000000000000000e+00   0.0000000000000000e+00
0118   4.5507812500000000e-01   1.0000009608530473e+00   5.9999999916897140e-01   1.0058385864536690e-08   0.0000000000000000e+00   0.0000000000000000e+00
0119   4.5898437500000000e-01   1.0000009674018693e+00   5.9999999916330748e-01   9.2041502612930866e-09   0.0000000000000000e+00   0.0000000000000000e+00
0120   4.6289062500000000e-01   1.0000009733679667e+00   5.9999999915814717e-01   8.3443686953205386e-09   0.0000000000000000e+00   0.0000000000000000e+00
0121   4.6679687500000000e-01   1.0000009787477535e+00   5.9999999915349311e-01   7.4795602641940449e-09   0.0000000000000000e+00   0.0000000000000000e+00
0122   4.7070312500000000e-01   1.0000009835379688e+00   5.9999999914934776e-01   6.6102466099661443e-09   0.0000000000000000e+00   0.0000000000000000e+00
0123   4.7460937500000000e-01   1.0000009877357434e+00   5.9999999914571345e-01   5.7369492954108664e-09   0.0000000000000000e+00   0.0000000000000000e+00
0124   4.7851562500000000e-01   1.0000009913385357e+00   5.9999999914259117e-01   4.8602012612902335e-09   0.0000000000000000e+00   0.0000000000000000e+00
0125   4.8242187500000000e-01   1.0000009943441874e+00   5.9999999913998303e-01   3.9805110046756358e-09   0.0000000000000000e+00   0.0000000000000000e+00
0126   4.8632812500000000e-01   1.0000009967508821e+00   5.9999999913789226e-01   3.0984659061027312e-09   0.0000000000000000e+00   0.0000000000000000e+00
0127   4.9023437500000000e-01   1.0000009985571556e+00   5.9999999913629753e-01   2.2144351312509366e-09   0.0000000000000000e+00   0.0000000000000000e+00
0128   4.9414062500000000e-01   1.0000009997619723e+00   5.9999999913527413e-01   1.3293690419616071e-09   0.0000000000000000e+00   0.0000000000000000e+00
0129   4.9804687500000000e-01   1.0000010003643740e+00   5.9999999913459190e-01   4.4279500206726675e-10   0.0000000000000000e+00   0.0000000000000000e+00
0130   5.0195312500000000e-01   1.0000010003643687e+00   5.9999999913459201e-01  -4.4279187258419581e-10   0.0000000000000000e+00   0.0000000000000000e+00
0131   5.0585937500000000e-01   1.0000009997619685e+00   5.9999999913527435e-01  -1.3293659497342871e-09   0.0000000000000000e+00   0.0000000000000000e+00
0132   5.0976562500000000e-01   1.0000009985571401e+00   5.9999999913629820e-01  -2.2144320017678777e-09   0.0000000000000000e+00   0.0000000000000000e+00
0133   5.1367187500000000e-01   1.0000009967508832e+00   5.9999999913789370e-01  -3.0984625903408855e-09   0.0000000000000000e+00   0.0000000000000000e+00
0134   5.1757812500000000e-01   1.0000009943441819e+00   5.9999999913998470e-01  -3.9805080987270482e-09   0.0000000000000000e+00   0.0000000000000000e+00
0135   5.2148437500000000e-01   1.0000009913385384e+00   5.9999999914259283e-01  -4.8601983553416327e-09   0.0000000000000000e+00   0.0000000000000000e+00
0136   5.2539062500000000e-01   1.0000009877357392e+00   5.9999999914571489e-01  -5.7369467992754989e-09   0.0000000000000000e+00   0.0000000000000000e+00
0137   5.2929687500000000e-01   1.0000009835379573e+00   5.9999999914934887e-01  -6.6102443746211156e-09   0.0000000000000000e+00   0.0000000000000000e+00
0138   5.3320312500000000e-01   1.0000009787477673e+00   5.9999999915349445e-01  -7.4795587367082124e-09   0.0000000000000000e+00   0.0000000000000000e+00
0139   5.3710937500000000e-01   1.0000009733679738e+00   5.9999999915814839e-01  -8.3443673913691807e-09   0.0000000000000000e+00   0.0000000000000000e+00
0140   5.4101562500000000e-01   1.0000009674018715e+00   5.9999999916330871e-01  -9.2041489573417354e-09   0.0000000000000000e+00   0.0000000000000000e+00
0141   5.4492187500000000e-01   1.0000009608530398e+00   5.9999999916897251e-01  -1.0058385417467826e-08   0.0000000000000000e+00   0.0000000000000000e+00
0142   5.4882812500000000e-01   1.0000009537254293e+00   5.9999999917513658e-01  -1.0906561611147348e-08   0.0000000000000000e+00   0.0000000000000000e+00
0143   5.5273437500000000e-01   1.0000009460233115e+00   5.9999999918179747e-01  -1.1748166475798514e-08   0.0000000000000000e+00   0.0000000000000000e+00
0144   5.5664062500000000e-01   1.0000009377513683e+00   5.9999999918895153e-01  -1.2582692311563727e-08   0.0000000000000000e+00   0.0000000000000000e+00
0145   5.6054687500000000e-01   1.0000009289145513e+00   5.9999999919659441e-01  -1.3409636726045989e-08   0.0000000000000000e+00   0.0000000000000000e+00
0146   5.6445312500000000e-01   1.0000009195181896e+00   5.9999999920472147e-01  -1.4228501223459325e-08   0.0000000000000000e+00   0.0000000000000000e+00
0147   5.6835937500000000e-01   1.0000009095679390e+00   5.9999999921332781e-01  -1.5038792212648581e-08   0.0000000000000000e+00   0.0000000000000000e+00
0148   5.7226562500000000e-01   1.0000008990698148e+00   5.9999999922240832e-01  -1.5840021714135796e-08   0.0000000000000000e+00   0.0000000000000000e+00
0149   5.7617187500000000e-01   1.0000008880301061e+00   5.9999999923195690e-01  -1.6631707169915705e-08   0.0000000000000000e+00   0.0000000000000000e+00
0150   5.8007812500000000e-01   1.0000008764555093e+00   5.9999999924196790e-01  -1.7413372591167691e-08   0.0000000000000000e+00   0.0000000000000000e+00
0151   5.8398437500000000e-01   1.0000008643529332e+00   5.9999999925243475e-01  -1.8184546833817643e-08   0.0000000000000000e+00   0.0000000000000000e+00
0152   5.8789062500000000e-01   1.0000008517297050e+00   5.9999999926335101e-01  -1.8944767533330173e-08   0.0000000000000000e+00   0.0000000000000000e+00
0153   5.9179687500000000e-01   1.0000008385934516e+00   5.9999999927470948e-01  -1.9693577025711783e-08   0.0000000000000000e+00   0.0000000000000000e+00
0154   5.9570312500000000e-01   1.0000008249520382e+00   5.9999999928650316e-01  -2.0430526349037532e-08   0.0000000000000000e+00   0.0000000000000000e+00
0155   5.9960937500000000e-01   1.0000008108137277e+00   5.9999999929872427e-01  -2.1155172832839426e-08   0.0000000000000000e+00   0.0000000000000000e+00
0156   6.0351562500000000e-01   1.0000007961869877e+00   5.9999999931136505e-01  -2.1867082340166237e-08   0.0000000000000000e+00   0.0000000000000000e+00
0157   6.0742187500000000e-01   1.0000007810806657e+00   5.9999999932441772e-01  -2.2565828524708876e-08   0.0000000000000000e+00   0.0000000000000000e+00
0158   6.1132812500000000e-01   1.0000007655038232e+00   5.9999999933787418e-01  -2.3250992567631230e-08   0.0000000000000000e+00   0.0000000000000000e+00
0159   6.1523437500000000e-01   1.0000007494658869e+00   5.9999999935172588e-01  -2.3922164623377709e-08   0.0000000000000000e+00   0.0000000000000000e+00
0160   6.1914062500000000e-01   1.0000007329764793e+00   5.9999999936596471e-01  -2.4578943174233979e-08   0.0000000000000000e+00   0.0000000000000000e+00
0161   6.2304687500000000e-01   1.0000007160455731e+00   5.9999999938058235e-01  -2.5220934640582335e-08   0.0000000000000000e+00   0.0000000000000000e+00
0162   6.2695312500000000e-01   1.0000006986833336e+00   5.9999999939557047e-01  -2.5847755444819652e-08   0.0000000000000000e+00   0.0000000000000000e+00
0163   6.3085937500000000e-01   1.0000006809002397e+00   5.9999999941092086e-01  -2.6459029636454619e-08   0.0000000000000000e+00   0.0000000000000000e+00
0164   6.3476562500000000e-01   1.0000006627069782e+00   5.9999999942662563e-01  -2.7054389939228113e-08   0.0000000000000000e+00   0.0000000000000000e+00
0165   6.3867187500000000e-01   1.0000006441145510e+00   5.9999999944267646e-01  -2.7633479276900822e-08   0.0000000000000000e+00   0.0000000000000000e+00
0166   6.4257812500000000e-01   1.0000006251341149e+00   5.9999999945906579e-01  -2.8195948120618448e-08   0.0000000000000000e+00   0.0000000000000000e+00
0167   6.4648437500000000e-01   1.0000006057771391e+00   5.9999999947578597e-01  -2.8741456971648116e-08   0.0000000000000000e+00   0.0000000000000000e+00
0168   6.5039062500000000e-01   1.0000005860552512e+00   5.9999999949282856e-01  -2.9269674032086441e-08   0.0000000000000000e+00   0.0000000000000000e+00
0169   6.5429687500000000e-01   1.0000005659803908e+00   5.9999999951018623e-01  -2.9780277824414019e-08   0.0000000000000000e+00   0.0000000000000000e+00
0170   6.5820312500000000e-01   1.0000005455645902e+00   5.9999999952785144e-01  -3.0272954477198524e-08   0.0000000000000000e+00   0.0000000000000000e+00
0171   6.6210937500000000e-01   1.0000005248201955e+00   5.9999999954581629e-01  -3.0747400406475612e-08   0.0000000000000000e+00   0.0000000000000000e+00
0172   6.6601562500000000e-01   1.0000005037596875e+00   5.9999999956407291e-01  -3.1203320706213549e-08   0.0000000000000000e+00   0.0000000000000000e+00
0173   6.6992187500000000e-01   1.0000004823957391e+00   5.9999999958261319e-01  -3.1640430028291730e-08   0.0000000000000000e+00   0.0000000000000000e+00
0174   6.7382812500000000e-01   1.0000004607412383e+00   5.9999999960142780e-01  -3.2058453194965654e-08   0.0000000000000000e+00   0.0000000000000000e+00
0175   6.7773437500000000e-01   1.0000004388092223e+00   5.9999999962050710e-01  -3.2457124575071967e-08   0.0000000000000000e+00   0.0000000000000000e+00
0176   6.8164062500000000e-01   1.0000004166129250e+00   5.9999999963984130e-01  -3.2836189502383143e-08   0.0000000000000000e+00   0.0000000000000000e+00
0177   6.8554687500000000e-01   1.0000003941656901e+00   5.9999999965941886e-01  -3.3195403414350915e-08   0.0000000000000000e+00   0.0000000000000000e+00
0178   6.8945312500000000e-01   1.0000003714810659e+00   5.9999999967922846e-01  -3.3534532473982517e-08   0.0000000000000000e+00   0.0000000000000000e+00
0179   6.9335937500000000e-01   1.0000003485727069e+00   5.9999999969925677e-01  -3.3853355413983312e-08   0.0000000000000000e+00   0.0000000000000000e+00
0180   6.9726562500000000e-01   1.0000003254543814e+00   5.9999999971948770e-01  -3.4151664479498369e-08   0.0000000000000000e+00   0.0000000000000000e+00
0181   7.0117187500000000e-01   1.0000003021400448e+00   5.9999999973990203e-01  -3.4429267741991147e-08   0.0000000000000000e+00   0.0000000000000000e+00
0182   7.0507812500000000e-01   1.0000002786437014e+00   5.9999999976047969e-01  -3.4685987642884768e-08   0.0000000000000000e+00   0.0000000000000000e+00
0183   7.0898437500000000e-01   1.0000002549795255e+00   5.9999999978119989e-01  -3.4921659865039115e-08   0.0000000000000000e+00   0.0000000000000000e+00
0184   7.1289062500000000e-01   1.0000002311617324e+00   5.9999999980204310e-01  -3.5136134283025902e-08   0.0000000000000000e+00   0.0000000000000000e+00
0185   7.1679687500000000e-01   1.0000002072047049e+00   5.9999999982298657e-01  -3.5329272962609520e-08   0.0000000000000000e+00   0.0000000000000000e+00
0186   7.2070312500000000e-01   1.0000001831228109e+00   5.9999999984400765e-01  -3.5500962682350442e-08   0.0000000000000000e+00   0.0000000000000000e+00
0187   7.2460937500000000e-01   1.0000001589305469e+00   5.9999999986504748e-01  -3.5651107031373879e-08   0.0000000000000000e+00   0.0000000000000000e+00
0188   7.2851562500000000e-01   1.0000001346424690e+00   5.9999999988609765e-01  -3.5779684479328539e-08   0.0000000000000000e+00   0.0000000000000000e+00
0189   7.3242187500000000e-01   1.0000001102729648e+00   5.9999999990691033e-01  -3.5886631634690946e-08   0.0000000000000000e+00   0.0000000000000000e+00
0190   7.3632812500000000e-01   1.0000000858372455e+00   5.9999999992792852e-01  -3.5972127962980009e-08   0.0000000000000000e+00   0.0000000000000000e+00
0191   7.4023437500000000e-01   1.0000000613481410e+00   5.9999999994736530e-01  -3.6035981739999544e-08   0.0000000000000000e+00   0.0000000000000000e+00
0192   7.4414062500000000e-01   1.0000000368254056e+00   5.9999999997013542e-01  -3.6078534726700554e-08   0.0000000000000000e+00   0.0000000000000000e+00
0193   7.4804687500000000e-01   1.0000000122689108e+00   5.9999999998134346e-01  -3.6099828558406521e-08   0.0000000000000000e+00   0.0000000000000000e+00
0194   7.5195312500000000e-01   9.9999998773109944e-01   6.0000000001864007e-01  -3.6099824645754952e-08   0.0000000000000000e+00   0.0000000000000000e+00
0195   7.5585937500000000e-01   9.9999996317458950e-01   6.0000000002984766e-01  -3.6078522580848967e-08   0.0000000000000000e+00   0.0000000000000000e+00
0196   7.5976562500000000e-01   9.9999993865185099e-01   6.0000000005261822e-01  -3.6035961248447704e-08   0.0000000000000000e+00   0.0000000000000000e+00
0197   7.6367187500000000e-01   9.9999991416276701e-01   6.0000000007205545e-01  -3.5972098790826644e-08   0.0000000000000000e+00   0.0000000000000000e+00
0198   7.6757812500000000e-01   9.9999988972701703e-01   6.0000000009307386e-01  -3.5886593819210226e-08   0.0000000000000000e+00   0.0000000000000000e+00
0199   7.7148437500000000e-01   9.9999986535753582e-01   6.0000000011388666e-01  -3.5779637424621481e-08   0.0000000000000000e+00   0.0000000000000000e+00
0200   7.7539062500000000e-01   9.9999984106946815e-01   6.0000000013493660e-01  -3.5651051296379898e-08   0.0000000000000000e+00   0.0000000000000000e+00
0201   7.7929687500000000e-01   9.9999981687720818e-01   6.0000000015597632e-01  -3.5500898080892912e-08   0.0000000000000000e+00   0.0000000000000000e+00
0202   7.8320312500000000e-01   9.9999979279531803e-01   6.0000000017699784e-01  -3.5329199233960246e-08   0.0000000000000000e+00   0.0000000000000000e+00
0203   7.8710937500000000e-01   9.9999976883828390e-01   6.0000000019794120e-01  -3.5136051650753223e-08   0.0000000000000000e+00   0.0000000000000000e+00
0204   7.9101562500000000e-01   9.9999974502049027e-01   6.0000000021878463e-01  -3.4921568515434889e-08   0.0000000000000000e+00   0.0000000000000000e+00
0205   7.9492187500000000e-01   9.9999972135631243e-01   6.0000000023950484e-01  -3.4685887538681446e-08   0.0000000000000000e+00   0.0000000000000000e+00
0206   7.9882812500000000e-01   9.9999969785997878e-01   6.0000000026008238e-01  -3.4429159591019480e-08   0.0000000000000000e+00   0.0000000000000000e+00
0207   8.0273437500000000e-01   9.9999967454562411e-01   6.0000000028049683e-01  -3.4151548132690439e-08   0.0000000000000000e+00   0.0000000000000000e+00
0208   8.0664062500000000e-01   9.9999965142731173e-01   6.0000000030072720e-01  -3.3853230685001552e-08   0.0000000000000000e+00   0.0000000000000000e+00
0209   8.1054687500000000e-01   9.9999962851893864e-01   6.0000000032075507e-01  -3.3534399921595708e-08   0.0000000000000000e+00   0.0000000000000000e+00
0210   8.1445312500000000e-01   9.9999960583430836e-01   6.0000000034056478e-01  -3.3195263075740821e-08   0.0000000000000000e+00   0.0000000000000000e+00
0211   8.1835937500000000e-01   9.9999958338708028e-01   6.0000000036014223e-01  -3.2836042159847654e-08   0.0000000000000000e+00   0.0000000000000000e+00
0212   8.2226562500000000e-01   9.9999956119078715e-01   6.0000000037947565e-01  -3.2456970265794950e-08   0.0000000000000000e+00   0.0000000000000000e+00
0213   8.2617187500000000e-01   9.9999953925877194e-01   6.0000000039855450e-01  -3.2058292365951408e-08   0.0000000000000000e+00   0.0000000000000000e+00
0214   8.3007812500000000e-01   9.9999951760426653e-01   6.0000000041736845e-01  -3.1640263424596505e-08   0.0000000000000000e+00   0.0000000000000000e+00
0215   8.3398437500000000e-01   9.9999949624033335e-01   6.0000000043590795e-01  -3.1203149594482937e-08   0.0000000000000000e+00   0.0000000000000000e+00
0216   8.3789062500000000e-01   9.9999947517980603e-01   6.0000000045416380e-01  -3.0747225233737312e-08   0.0000000000000000e+00   0.0000000000000000e+00
0217   8.4179687500000000e-01   9.9999945443540950e-01   6.0000000047212809e-01  -3.0272775839512790e-08   0.0000000000000000e+00   0.0000000000000000e+00
0218   8.4570312500000000e-01   9.9999943401962410e-01   6.0000000048979252e-01  -2.9780096057060755e-08   0.0000000000000000e+00   0.0000000000000000e+00
0219   8.4960937500000000e-01   9.9999941394473457e-01   6.0000000050714963e-01  -2.9269490215470557e-08   0.0000000000000000e+00   0.0000000000000000e+00
0220   8.5351562500000000e-01   9.9999939422286477e-01   6.0000000052419156e-01  -2.8741271068510119e-08   0.0000000000000000e+00   0.0000000000000000e+00
0221   8.5742187500000000e-01   9.9999937486586754e-01   6.0000000054091096e-01  -2.8195761248634723e-08   0.0000000000000000e+00   0.0000000000000000e+00
0222   8.6132812500000000e-01   9.9999935588545141e-01   6.0000000055729985e-01  -2.7633291175289025e-08   0.0000000000000000e+00   0.0000000000000000e+00
0223   8.6523437500000000e-01   9.9999933729300883e-01   6.0000000057335046e-01  -2.7054201315861736e-08   0.0000000000000000e+00   0.0000000000000000e+00
0224   8.6914062500000000e-01   9.9999931909976958e-01   6.0000000058905489e-01  -2.6458840230560642e-08   0.0000000000000000e+00   0.0000000000000000e+00
0225   8.7304687500000000e-01   9.9999930131667036e-01   6.0000000060440506e-01  -2.5847566038787936e-08   0.0000000000000000e+00   0.0000000000000000e+00
0226   8.7695312500000000e-01   9.9999928395442350e-01   6.0000000061939318e-01  -2.5220745793269989e-08   0.0000000000000000e+00   0.0000000000000000e+00
0227   8.8085937500000000e-01   9.9999926702349529e-01   6.0000000063401060e-01  -2.4578754885660478e-08   0.0000000000000000e+00   0.0000000000000000e+00
0228   8.8476562500000000e-01   9.9999925053412286e-01   6.0000000064824921e-01  -2.3921977824956648e-08   0.0000000000000000e+00   0.0000000000000000e+00
0229   8.8867187500000000e-01   9.9999923449616579e-01   6.0000000066210069e-01  -2.3250807147610991e-08   0.0000000000000000e+00   0.0000000000000000e+00
0230   8.9257812500000000e-01   9.9999921891934851e-01   6.0000000067555670e-01  -2.2565644781150166e-08   0.0000000000000000e+00   0.0000000000000000e+00
0231   8.9648437500000000e-01   9.9999920381301388e-01   6.0000000068860893e-01  -2.1866900794660984e-08   0.0000000000000000e+00   0.0000000000000000e+00
0232   9.0039062500000000e-01   9.9999918918628161e-01   6.0000000070124948e-01  -2.1154993597163728e-08   0.0000000000000000e+00   0.0000000000000000e+00
0233   9.0429687500000000e-01   9.9999917504794955e-01   6.0000000071347015e-01  -2.0430349572219808e-08   0.0000000000000000e+00   0.0000000000000000e+00
0234   9.0820312500000000e-01   9.9999916140653933e-01   6.0000000072526360e-01  -1.9693403266591271e-08   0.0000000000000000e+00   0.0000000000000000e+00
0235   9.1210937500000000e-01   9.9999914827027458e-01   6.0000000073662163e-01  -1.8944596382092634e-08   0.0000000000000000e+00   0.0000000000000000e+00
0236   9.1601562500000000e-01   9.9999913564705134e-01   6.0000000074753757e-01  -1.8184378923809645e-08   0.0000000000000000e+00   0.0000000000000000e+00
0237   9.1992187500000000e-01   9.9999912354450160e-01   6.0000000075800375e-01  -1.7413208071408264e-08   0.0000000000000000e+00   0.0000000000000000e+00
0238   9.2382812500000000e-01   9.9999911196988589e-01   6.0000000076801430e-01  -1.6631546934536947e-08   0.0000000000000000e+00   0.0000000000000000e+00
0239   9.2773437500000000e-01   9.9999910093018762e-01   6.0000000077756255e-01  -1.5839866247457213e-08   0.0000000000000000e+00   0.0000000000000000e+00
0240   9.3164062500000000e-01   9.9999909043204616e-01   6.0000000078664228e-01  -1.5038641514661319e-08   0.0000000000000000e+00   0.0000000000000000e+00
0241   9.3554687500000000e-01   9.9999908048180175e-01   6.0000000079524796e-01  -1.4228356449085554e-08   0.0000000000000000e+00   0.0000000000000000e+00
0242   9.3945312500000000e-01   9.9999907108544306e-01   6.0000000080337457e-01  -1.3409498210579438e-08   0.0000000000000000e+00   0.0000000000000000e+00
0243   9.4335937500000000e-01   9.9999906224862878e-01   6.0000000081101712e-01  -1.2582561172670302e-08   0.0000000000000000e+00   0.0000000000000000e+00
0244   9.4726562500000000e-01   9.9999905397667532e-01   6.0000000081817073e-01  -1.1748042452680477e-08   0.0000000000000000e+00   0.0000000000000000e+00
0245   9.5117187500000000e-01   9.9999904627456249e-01   6.0000000082483140e-01  -1.0906445970495005e-08   0.0000000000000000e+00   0.0000000000000000e+00
0246   9.5507812500000000e-01   9.9999903914696742e-01   6.0000000083099525e-01  -1.0058278271041935e-08   0.0000000000000000e+00   0.0000000000000000e+00
0247   9.5898437500000000e-01   9.9999903259812972e-01   6.0000000083665894e-01  -9.2040507894624094e-09   0.0000000000000000e+00   0.0000000000000000e+00
0248   9.6289062500000000e-01   9.9999902663203000e-01   6.0000000084181915e-01  -8.3442786118458910e-09   0.0000000000000000e+00   0.0000000000000000e+00
0249   9.6679687500000000e-01   9.9999902125223794e-01   6.0000000084647287e-01  -7.4794792710253613e-09   0.0000000000000000e+00   0.0000000000000000e+00
0250   9.7070312500000000e-01   9.9999901646202061e-01   6.0000000085061844e-01  -6.6101746325896079e-09   0.0000000000000000e+00   0.0000000000000000e+00
0251   9.7460937500000000e-01   9.9999901226424048e-01   6.0000000085425242e-01  -5.7368867063790149e-09   0.0000000000000000e+00   0.0000000000000000e+00
0252   9.7851562500000000e-01   9.9999900866144920e-01   6.0000000085737459e-01  -4.8601482468903413e-09   0.0000000000000000e+00   0.0000000000000000e+00
0253   9.8242187500000000e-01   9.9999900565579791e-01   6.0000000085998273e-01  -3.9804675648771709e-09   0.0000000000000000e+00   0.0000000000000000e+00
0254   9.8632812500000000e-01   9.9999900324910229e-01   6.0000000086207372e-01  -3.0984318174549599e-09   0.0000000000000000e+00   0.0000000000000000e+00
0255   9.9023437500000000e-01   9.9999900144285070e-01   6.0000000086366878e-01  -2.2144105052822287e-09   0.0000000000000000e+00   0.0000000000000000e+00
0256   9.9414062500000000e-01   9.9999900023803245e-01   6.0000000086469241e-01  -1.3293539537799008e-09   0.0000000000000000e+00   0.0000000000000000e+00
0257   9.9804687500000000e-01   9.9999899963560834e-01   6.0000000086537486e-01  -4.4278896593175425e-10   0.0000000000000000e+00   0.0000000000000000e+00
