# Athena++ data at time=2.125194e+01  cycle=10881  variables=prim 
# i       x1v         rho          press          vel1         vel2         vel3     
0002   1.9531250000000000e-03   9.9999896265714083e-01   5.9999996388686960e-01   1.8708080870899182e-11   0.0000000000000000e+00   0.0000000000000000e+00
0003   5.8593750000000000e-03   9.9999896328159354e-01   5.9999996390822219e-01   2.9957241458626144e-11   0.0000000000000000e+00   0.0000000000000000e+00
0004   9.7656250000000000e-03   9.9999896453010317e-01   5.9999996395089072e-01   5.2797711999961729e-11   0.0000000000000000e+00   0.0000000000000000e+00
0005   1.3671875000000000e-02   9.9999896640198183e-01   5.9999996401491040e-01   7.2288316504373495e-11   0.0000000000000000e+00   0.0000000000000000e+00
0006   1.7578125000000000e-02   9.9999896889647255e-01   5.9999996410062140e-01   9.3354980340465962e-11   0.0000000000000000e+00   0.0000000000000000e+00
0007   2.1484375000000000e-02   9.9999897201193833e-01   5.9999996420782509e-01   1.1420383939293184e-10   0.0000000000000000e+00   0.0000000000000000e+00
0008   2.5390625000000000e-02   9.9999897574672370e-01   5.9999996433669467e-01   1.3527763778641536e-10   0.0000000000000000e+00   0.0000000000000000e+00
0009   2.9296875000000000e-02   9.9999898009859323e-01   5.9999996448715953e-01   1.5632524292663838e-10   0.0000000000000000e+00   0.0000000000000000e+00
0010   3.3203125000000000e-02   9.9999898506499418e-01   5.9999996465919059e-01   1.7733958117458473e-10   0.0000000000000000e+00   0.0000000000000000e+00
0011   3.7109375000000000e-02   9.9999899064291919e-01   5.9999996485268303e-01   1.9826013173120073e-10   0.0000000000000000e+00   0.0000000000000000e+00
0012   4.1015625000000000e-02   9.9999899682902482e-01   5.9999996506751585e-01   2.1906545034820607e-10   0.0000000000000000e+00   0.0000000000000000e+00
0013   4.4921875000000000e-02   9.9999900361953509e-01   5.9999996530354383e-01   2.3973350772401625e-10   0.0000000000000000e+00   0.0000000000000000e+00
0014   4.8828125000000000e-02   9.9999901101037891e-01   5.9999996556060919e-01   2.6024621148781924e-10   0.0000000000000000e+00   0.0000000000000000e+00
0015   5.2734375000000000e-02   9.9999901899707699e-01   5.9999996583854209e-01   2.8058498477228395e-10   0.0000000000000000e+00   0.0000000000000000e+00
0016   5.6640625000000000e-02   9.9999902757479597e-01   5.9999996613715978e-01   3.0073163291488571e-10   0.0000000000000000e+00   0.0000000000000000e+00
0017   6.0546875000000000e-02   9.9999903673836266e-01   5.9999996645626619e-01   3.2066958033284867e-10   0.0000000000000000e+00   0.0000000000000000e+00
0018   6.4453125000000000e-02   9.9999904648223359e-01   5.9999996679565126e-01   3.4038544013139775e-10   0.0000000000000000e+00   0.0000000000000000e+00
0019   6.8359375000000000e-02   9.9999905680051937e-01   5.9999996715509152e-01   3.5986774951908627e-10   0.0000000000000000e+00   0.0000000000000000e+00
0020   7.2265625000000000e-02   9.9999906768699454e-01   5.9999996753435381e-01   3.7910726703591298e-10   0.0000000000000000e+00   0.0000000000000000e+00
0021   7.6171875000000000e-02   9.9999907913507913e-01   5.9999996793319399e-01   3.9809551564595131e-10   0.0000000000000000e+00   0.0000000000000000e+00
0022   8.0078125000000000e-02   9.9999909113786722e-01   5.9999996835135905e-01   4.1682354607858219e-10   0.0000000000000000e+00   0.0000000000000000e+00
0023   8.3984375000000000e-02   9.9999910368812794e-01   5.9999996878858652e-01   4.3528330461270376e-10   0.0000000000000000e+00   0.0000000000000000e+00
0024   8.7890625000000000e-02   9.9999911677827347e-01   5.9999996924460475e-01   4.5346720894673145e-10   0.0000000000000000e+00   0.0000000000000000e+00
0025   9.1796875000000000e-02   9.9999913040042021e-01   5.9999996971913261e-01   4.7136753398101975e-10   0.0000000000000000e+00   0.0000000000000000e+00
0026   9.5703125000000000e-02   9.9999914454636341e-01   5.9999997021187967e-01   4.8897601716033502e-10   0.0000000000000000e+00   0.0000000000000000e+00
0027   9.9609375000000000e-02   9.9999915920758453e-01   5.9999997072254618e-01   5.0628562051177349e-10   0.0000000000000000e+00   0.0000000000000000e+00
0028   1.0351562500000000e-01   9.9999917437524533e-01   5.9999997125082294e-01   5.2328830200320835e-10   0.0000000000000000e+00   0.0000000000000000e+00
0029   1.0742187500000000e-01   9.9999919004017856e-01   5.9999997179639231e-01   5.3997557662459582e-10   0.0000000000000000e+00   0.0000000000000000e+00
0030   1.1132812500000000e-01   9.9999920619300608e-01   5.9999997235892721e-01   5.5633866302499577e-10   0.0000000000000000e+00   0.0000000000000000e+00
0031   1.1523437500000000e-01   9.9999922282395592e-01   5.9999997293809015e-01   5.7236929597879323e-10   0.0000000000000000e+00   0.0000000000000000e+00
0032   1.1914062500000000e-01   9.9999923992303563e-01   5.9999997353353518e-01   5.8805796326326313e-10   0.0000000000000000e+00   0.0000000000000000e+00
0033   1.2304687500000000e-01   9.9999925747994134e-01   5.9999997414490613e-01   6.0339638461623289e-10   0.0000000000000000e+00   0.0000000000000000e+00
0034   1.2695312500000000e-01   9.9999927548409551e-01   5.9999997477183831e-01   6.1837503044209637e-10   0.0000000000000000e+00   0.0000000000000000e+00
0035   1.3085937500000000e-01   9.9999929392466713e-01   5.9999997541395655e-01   6.3298439797918089e-10   0.0000000000000000e+00   0.0000000000000000e+00
0036   1.3476562500000000e-01   9.9999931279053944e-01   5.9999997607087685e-01   6.4721587213924103e-10   0.0000000000000000e+00   0.0000000000000000e+00
0037   1.3867187500000000e-01   9.9999933207035396e-01   5.9999997674220584e-01   6.6106015906890253e-10   0.0000000000000000e+00   0.0000000000000000e+00
0038   1.4257812500000000e-01   9.9999935175250676e-01   5.9999997742754185e-01   6.7450835908860011e-10   0.0000000000000000e+00   0.0000000000000000e+00
0039   1.4648437500000000e-01   9.9999937182513199e-01   5.9999997812647321e-01   6.8755172976233811e-10   0.0000000000000000e+00   0.0000000000000000e+00
0040   1.5039062500000000e-01   9.9999939227615842e-01   5.9999997883858058e-01   7.0018263511304510e-10   0.0000000000000000e+00   0.0000000000000000e+00
0041   1.5429687500000000e-01   9.9999941309324702e-01   5.9999997956343587e-01   7.1239194937102309e-10   0.0000000000000000e+00   0.0000000000000000e+00
0042   1.5820312500000000e-01   9.9999943426386284e-01   5.9999998030060309e-01   7.2417260164619829e-10   0.0000000000000000e+00   0.0000000000000000e+00
0043   1.6210937500000000e-01   9.9999945577526805e-01   5.9999998104963870e-01   7.3551707876289213e-10   0.0000000000000000e+00   0.0000000000000000e+00
0044   1.6601562500000000e-01   9.9999947761449715e-01   5.9999998181009129e-01   7.4641797655710181e-10   0.0000000000000000e+00   0.0000000000000000e+00
0045   1.6992187500000000e-01   9.9999949976838376e-01   5.9999998258150311e-01   7.5686850730104581e-10   0.0000000000000000e+00   0.0000000000000000e+00
0046   1.7382812500000000e-01   9.9999952222360766e-01   5.9999998336340921e-01   7.6686244156817975e-10   0.0000000000000000e+00   0.0000000000000000e+00
0047   1.7773437500000000e-01   9.9999954496662569e-01   5.9999998415533795e-01   7.7639352169662686e-10   0.0000000000000000e+00   0.0000000000000000e+00
0048   1.8164062500000000e-01   9.9999956798372414e-01   5.9999998495681262e-01   7.8545583698227098e-10   0.0000000000000000e+00   0.0000000000000000e+00
0049   1.8554687500000000e-01   9.9999959126107274e-01   5.9999998576734948e-01   7.9404434089237710e-10   0.0000000000000000e+00   0.0000000000000000e+00
0050   1.8945312500000000e-01   9.9999961478462285e-01   5.9999998658646037e-01   8.0215361015532996e-10   0.0000000000000000e+00   0.0000000000000000e+00
0051   1.9335937500000000e-01   9.9999963854020202e-01   5.9999998741365179e-01   8.0977935360382458e-10   0.0000000000000000e+00   0.0000000000000000e+00
0052   1.9726562500000000e-01   9.9999966251352213e-01   5.9999998824842482e-01   8.1691682152844490e-10   0.0000000000000000e+00   0.0000000000000000e+00
0053   2.0117187500000000e-01   9.9999968669012862e-01   5.9999998909027663e-01   8.2356189011880861e-10   0.0000000000000000e+00   0.0000000000000000e+00
0054   2.0507812500000000e-01   9.9999971105546970e-01   5.9999998993869974e-01   8.2971139338681121e-10   0.0000000000000000e+00   0.0000000000000000e+00
0055   2.0898437500000000e-01   9.9999973559486111e-01   5.9999999079318345e-01   8.3536162208768990e-10   0.0000000000000000e+00   0.0000000000000000e+00
0056   2.1289062500000000e-01   9.9999976029351045e-01   5.9999999165321283e-01   8.4050878967340688e-10   0.0000000000000000e+00   0.0000000000000000e+00
0057   2.1679687500000000e-01   9.9999978513655619e-01   5.9999999251826985e-01   8.4515098089758696e-10   0.0000000000000000e+00   0.0000000000000000e+00
0058   2.2070312500000000e-01   9.9999981010901706e-01   5.9999999338783305e-01   8.4928543579744006e-10   0.0000000000000000e+00   0.0000000000000000e+00
0059   2.2460937500000000e-01   9.9999983519587343e-01   5.9999999426138062e-01   8.5290977513639726e-10   0.0000000000000000e+00   0.0000000000000000e+00
0060   2.2851562500000000e-01   9.9999986038200206e-01   5.9999999513837965e-01   8.5602332982935807e-10   0.0000000000000000e+00   0.0000000000000000e+00
0061   2.3242187500000000e-01   9.9999988565222786e-01   5.9999999601832177e-01   8.5862365675063494e-10   0.0000000000000000e+00   0.0000000000000000e+00
0062   2.3632812500000000e-01   9.9999991099130769e-01   5.9999999690061978e-01   8.6070811319418769e-10   0.0000000000000000e+00   0.0000000000000000e+00
0063   2.4023437500000000e-01   9.9999993638410833e-01   5.9999999778490365e-01   8.6229747967375227e-10   0.0000000000000000e+00   0.0000000000000000e+00
0064   2.4414062500000000e-01   9.9999996181494077e-01   5.9999999867022402e-01   8.6331684666513730e-10   0.0000000000000000e+00   0.0000000000000000e+00
0065   2.4804687500000000e-01   9.9999998726946826e-01   5.9999999955704941e-01   8.6399565369789095e-10   0.0000000000000000e+00   0.0000000000000000e+00
0066   2.5195312500000000e-01   1.0000000127304371e+00   6.0000000044289514e-01   8.6399320253953559e-10   0.0000000000000000e+00   0.0000000000000000e+00
0067   2.5585937500000000e-01   1.0000000381849559e+00   6.0000000132972098e-01   8.6330964014139716e-10   0.0000000000000000e+00   0.0000000000000000e+00
0068   2.5976562500000000e-01   1.0000000636157813e+00   6.0000000221504168e-01   8.6228513897754974e-10   0.0000000000000000e+00   0.0000000000000000e+00
0069   2.6367187500000000e-01   1.0000000890085858e+00   6.0000000309932544e-01   8.6069088873287582e-10   0.0000000000000000e+00   0.0000000000000000e+00
0070   2.6757812500000000e-01   1.0000001143476682e+00   6.0000000398162356e-01   8.5860112419868694e-10   0.0000000000000000e+00   0.0000000000000000e+00
0071   2.7148437500000000e-01   1.0000001396179077e+00   6.0000000486156591e-01   8.5599543333526301e-10   0.0000000000000000e+00   0.0000000000000000e+00
0072   2.7539062500000000e-01   1.0000001648040311e+00   6.0000000573856527e-01   8.5287652931885937e-10   0.0000000000000000e+00   0.0000000000000000e+00
0073   2.7929687500000000e-01   1.0000001898908857e+00   6.0000000661211350e-01   8.4924688854349049e-10   0.0000000000000000e+00   0.0000000000000000e+00
0074   2.8320312500000000e-01   1.0000002148633524e+00   6.0000000748167726e-01   8.4510695263820959e-10   0.0000000000000000e+00   0.0000000000000000e+00
0075   2.8710937500000000e-01   1.0000002397063867e+00   6.0000000834673550e-01   8.4045991661743510e-10   0.0000000000000000e+00   0.0000000000000000e+00
0076   2.9101562500000000e-01   1.0000002644050521e+00   6.0000000920676555e-01   8.3530749351560132e-10   0.0000000000000000e+00   0.0000000000000000e+00
0077   2.9492187500000000e-01   1.0000002889444324e+00   6.0000001006125026e-01   8.2965263806855033e-10   0.0000000000000000e+00   0.0000000000000000e+00
0078   2.9882812500000000e-01   1.0000003133097892e+00   6.0000001090967436e-01   8.2349883520373508e-10   0.0000000000000000e+00   0.0000000000000000e+00
0079   3.0273437500000000e-01   1.0000003374863820e+00   6.0000001175152740e-01   8.1684900833053576e-10   0.0000000000000000e+00   0.0000000000000000e+00
0080   3.0664062500000000e-01   1.0000003614597102e+00   6.0000001258630153e-01   8.0970725148626152e-10   0.0000000000000000e+00   0.0000000000000000e+00
0081   3.1054687500000000e-01   1.0000003852153174e+00   6.0000001341349407e-01   8.0207764800627124e-10   0.0000000000000000e+00   0.0000000000000000e+00
0082   3.1445312500000000e-01   1.0000004087388685e+00   6.0000001423260607e-01   7.9396472097786526e-10   0.0000000000000000e+00   0.0000000000000000e+00
0083   3.1835937500000000e-01   1.0000004320161984e+00   6.0000001504314449e-01   7.8537320569192082e-10   0.0000000000000000e+00   0.0000000000000000e+00
0084   3.2226562500000000e-01   1.0000004550333195e+00   6.0000001584462037e-01   7.7630848536727311e-10   0.0000000000000000e+00   0.0000000000000000e+00
0085   3.2617187500000000e-01   1.0000004777763227e+00   6.0000001663655034e-01   7.6677530584842446e-10   0.0000000000000000e+00   0.0000000000000000e+00
0086   3.3007812500000000e-01   1.0000005002315635e+00   6.0000001741845754e-01   7.5677964986871097e-10   0.0000000000000000e+00   0.0000000000000000e+00
0087   3.3398437500000000e-01   1.0000005223854633e+00   6.0000001818987070e-01   7.4632747472957550e-10   0.0000000000000000e+00   0.0000000000000000e+00
0088   3.3789062500000000e-01   1.0000005442246847e+00   6.0000001895032462e-01   7.3542504497218674e-10   0.0000000000000000e+00   0.0000000000000000e+00
0089   3.4179687500000000e-01   1.0000005657360855e+00   6.0000001969936123e-01   7.2407929538262419e-10   0.0000000000000000e+00   0.0000000000000000e+00
0090   3.4570312500000000e-01   1.0000005869067250e+00   6.0000002043652978e-01   7.1229710676292138e-10   0.0000000000000000e+00   0.0000000000000000e+00
0091   3.4960937500000000e-01   1.0000006077238104e+00   6.0000002116138618e-01   7.0008621422872615e-10   0.0000000000000000e+00   0.0000000000000000e+00
0092   3.5351562500000000e-01   1.0000006281748517e+00   6.0000002187349477e-01   6.8745413433609135e-10   0.0000000000000000e+00   0.0000000000000000e+00
0093   3.5742187500000000e-01   1.0000006482474693e+00   6.0000002257242746e-01   6.7440928378379621e-10   0.0000000000000000e+00   0.0000000000000000e+00
0094   3.6132812500000000e-01   1.0000006679296174e+00   6.0000002325776480e-01   6.6095996814074782e-10   0.0000000000000000e+00   0.0000000000000000e+00
0095   3.6523437500000000e-01   1.0000006872094580e+00   6.0000002392909557e-01   6.4711489177302030e-10   0.0000000000000000e+00   0.0000000000000000e+00
0096   3.6914062500000000e-01   1.0000007060753215e+00   6.0000002458601742e-01   6.3288254393465543e-10   0.0000000000000000e+00   0.0000000000000000e+00
0097   3.7304687500000000e-01   1.0000007245159024e+00   6.0000002522813689e-01   6.1827251611581992e-10   0.0000000000000000e+00   0.0000000000000000e+00
0098   3.7695312500000000e-01   1.0000007425200623e+00   6.0000002585507028e-01   6.0329357222307372e-10   0.0000000000000000e+00   0.0000000000000000e+00
0099   3.8085937500000000e-01   1.0000007600769829e+00   6.0000002646644279e-01   5.8795495422634104e-10   0.0000000000000000e+00   0.0000000000000000e+00
0100   3.8476562500000000e-01   1.0000007771760500e+00   6.0000002706188926e-01   5.7226608015834382e-10   0.0000000000000000e+00   0.0000000000000000e+00
0101   3.8867187500000000e-01   1.0000007938070166e+00   6.0000002764105376e-01   5.5623590129418101e-10   0.0000000000000000e+00   0.0000000000000000e+00
0102   3.9257812500000000e-01   1.0000008099598356e+00   6.0000002820358966e-01   5.3987340888743495e-10   0.0000000000000000e+00   0.0000000000000000e+00
0103   3.9648437500000000e-01   1.0000008256247948e+00   6.0000002874916047e-01   5.2318709251366508e-10   0.0000000000000000e+00   0.0000000000000000e+00
0104   4.0039062500000000e-01   1.0000008407924483e+00   6.0000002927743890e-01   5.0618595807225753e-10   0.0000000000000000e+00   0.0000000000000000e+00
0105   4.0429687500000000e-01   1.0000008554536683e+00   6.0000002978810674e-01   4.8887804471718017e-10   0.0000000000000000e+00   0.0000000000000000e+00
0106   4.0820312500000000e-01   1.0000008695996203e+00   6.0000003028085536e-01   4.7127113509746716e-10   0.0000000000000000e+00   0.0000000000000000e+00
0107   4.1210937500000000e-01   1.0000008832217739e+00   6.0000003075538455e-01   4.5337312566967593e-10   0.0000000000000000e+00   0.0000000000000000e+00
0108   4.1601562500000000e-01   1.0000008963119329e+00   6.0000003121140433e-01   4.3519175919476915e-10   0.0000000000000000e+00   0.0000000000000000e+00
0109   4.1992187500000000e-01   1.0000009088622068e+00   6.0000003164863347e-01   4.1673465097579586e-10   0.0000000000000000e+00   0.0000000000000000e+00
0110   4.2382812500000000e-01   1.0000009208649838e+00   6.0000003206680030e-01   3.9800945997503510e-10   0.0000000000000000e+00   0.0000000000000000e+00
0111   4.2773437500000000e-01   1.0000009323130701e+00   6.0000003246564193e-01   3.7902476381544658e-10   0.0000000000000000e+00   0.0000000000000000e+00
0112   4.3164062500000000e-01   1.0000009431995514e+00   6.0000003284490544e-01   3.5978850835003678e-10   0.0000000000000000e+00   0.0000000000000000e+00
0113   4.3554687500000000e-01   1.0000009535178500e+00   6.0000003320434692e-01   3.4030980661216596e-10   0.0000000000000000e+00   0.0000000000000000e+00
0114   4.3945312500000000e-01   1.0000009632617408e+00   6.0000003354373288e-01   3.2059812640025375e-10   0.0000000000000000e+00   0.0000000000000000e+00
0115   4.4335937500000000e-01   1.0000009724252759e+00   6.0000003386284029e-01   3.0066459815140926e-10   0.0000000000000000e+00   0.0000000000000000e+00
0116   4.4726562500000000e-01   1.0000009810030075e+00   6.0000003416145886e-01   2.8052216477614508e-10   0.0000000000000000e+00   0.0000000000000000e+00
0117   4.5117187500000000e-01   1.0000009889897192e+00   6.0000003443939232e-01   2.6018762860366468e-10   0.0000000000000000e+00   0.0000000000000000e+00
0118   4.5507812500000000e-01   1.0000009963805543e+00   6.0000003469645846e-01   2.3967933665397227e-10   0.0000000000000000e+00   0.0000000000000000e+00
0119   4.5898437500000000e-01   1.0000010031710764e+00   6.0000003493248710e-01   2.1901568296672928e-10   0.0000000000000000e+00   0.0000000000000000e+00
0120   4.6289062500000000e-01   1.0000010093571776e+00   6.0000003514732048e-01   1.9821494975233024e-10   0.0000000000000000e+00   0.0000000000000000e+00
0121   4.6679687500000000e-01   1.0000010149351115e+00   6.0000003534081370e-01   1.7729902094305171e-10   0.0000000000000000e+00   0.0000000000000000e+00
0122   4.7070312500000000e-01   1.0000010199015010e+00   6.0000003551284520e-01   1.5628971709124151e-10   0.0000000000000000e+00   0.0000000000000000e+00
0123   4.7460937500000000e-01   1.0000010242533777e+00   6.0000003566331050e-01   1.3524629604962518e-10   0.0000000000000000e+00   0.0000000000000000e+00
0124   4.7851562500000000e-01   1.0000010279881575e+00   6.0000003579218042e-01   1.1417780994337632e-10   0.0000000000000000e+00   0.0000000000000000e+00
0125   4.8242187500000000e-01   1.0000010311036223e+00   6.0000003589938433e-01   9.3333569327852197e-11   0.0000000000000000e+00   0.0000000000000000e+00
0126   4.8632812500000000e-01   1.0000010335981127e+00   6.0000003598509533e-01   7.2271915472938719e-11   0.0000000000000000e+00   0.0000000000000000e+00
0127   4.9023437500000000e-01   1.0000010354700006e+00   6.0000003604911534e-01   5.2785371686646326e-11   0.0000000000000000e+00   0.0000000000000000e+00
0128   4.9414062500000000e-01   1.0000010367185106e+00   6.0000003609178376e-01   2.9950113270950814e-11   0.0000000000000000e+00   0.0000000000000000e+00
0129   4.9804687500000000e-01   1.0000010373429598e+00   6.0000003611313646e-01   1.8705426621707370e-11   0.0000000000000000e+00   0.0000000000000000e+00
0130   5.0195312500000000e-01   1.0000010373429506e+00   6.0000003611313635e-01  -1.8704830529419862e-11   0.0000000000000000e+00   0.0000000000000000e+00
0131   5.0585937500000000e-01   1.0000010367185070e+00   6.0000003609178343e-01  -2.9949852480408854e-11   0.0000000000000000e+00   0.0000000000000000e+00
0132   5.0976562500000000e-01   1.0000010354699953e+00   6.0000003604911478e-01  -5.2785595220837096e-11   0.0000000000000000e+00   0.0000000000000000e+00
0133   5.1367187500000000e-01   1.0000010335981149e+00   6.0000003598509477e-01  -7.2271915472647034e-11   0.0000000000000000e+00   0.0000000000000000e+00
0134   5.1757812500000000e-01   1.0000010311036183e+00   6.0000003589938367e-01  -9.3334053652292797e-11   0.0000000000000000e+00   0.0000000000000000e+00
0135   5.2148437500000000e-01   1.0000010279881582e+00   6.0000003579217986e-01  -1.1417840603506217e-10   0.0000000000000000e+00   0.0000000000000000e+00
0136   5.2539062500000000e-01   1.0000010242533706e+00   6.0000003566330984e-01  -1.3524674311830677e-10   0.0000000000000000e+00   0.0000000000000000e+00
0137   5.2929687500000000e-01   1.0000010199014902e+00   6.0000003551284464e-01  -1.5629027592721445e-10   0.0000000000000000e+00   0.0000000000000000e+00
0138   5.3320312500000000e-01   1.0000010149351144e+00   6.0000003534081314e-01  -1.7729961703488081e-10   0.0000000000000000e+00   0.0000000000000000e+00
0139   5.3710937500000000e-01   1.0000010093571756e+00   6.0000003514732037e-01  -1.9821580663426460e-10   0.0000000000000000e+00   0.0000000000000000e+00
0140   5.4101562500000000e-01   1.0000010031710760e+00   6.0000003493248710e-01  -2.1901631631420487e-10   0.0000000000000000e+00   0.0000000000000000e+00
0141   5.4492187500000000e-01   1.0000009963805585e+00   6.0000003469645879e-01  -2.3967978372279908e-10   0.0000000000000000e+00   0.0000000000000000e+00
0142   5.4882812500000000e-01   1.0000009889897157e+00   6.0000003443939265e-01  -2.6018829920693266e-10   0.0000000000000000e+00   0.0000000000000000e+00
0143   5.5273437500000000e-01   1.0000009810029997e+00   6.0000003416145908e-01  -2.8052238831026546e-10   0.0000000000000000e+00   0.0000000000000000e+00
0144   5.5664062500000000e-01   1.0000009724252836e+00   6.0000003386284084e-01  -3.0066459815115982e-10   0.0000000000000000e+00   0.0000000000000000e+00
0145   5.6054687500000000e-01   1.0000009632617155e+00   6.0000003354373355e-01  -3.2059834993435748e-10   0.0000000000000000e+00   0.0000000000000000e+00
0146   5.6445312500000000e-01   1.0000009535178407e+00   6.0000003320434758e-01  -3.4030988112345595e-10   0.0000000000000000e+00   0.0000000000000000e+00
0147   5.6835937500000000e-01   1.0000009431995343e+00   6.0000003284490588e-01  -3.5978824755951224e-10   0.0000000000000000e+00   0.0000000000000000e+00
0148   5.7226562500000000e-01   1.0000009323130694e+00   6.0000003246564249e-01  -3.7902424223468960e-10   0.0000000000000000e+00   0.0000000000000000e+00
0149   5.7617187500000000e-01   1.0000009208649769e+00   6.0000003206680075e-01  -3.9800912467303942e-10   0.0000000000000000e+00   0.0000000000000000e+00
0150   5.8007812500000000e-01   1.0000009088621906e+00   6.0000003164863414e-01  -4.1673439018520644e-10   0.0000000000000000e+00   0.0000000000000000e+00
0151   5.8398437500000000e-01   1.0000008963119220e+00   6.0000003121140499e-01  -4.3519179645032044e-10   0.0000000000000000e+00   0.0000000000000000e+00
0152   5.8789062500000000e-01   1.0000008832217613e+00   6.0000003075538488e-01  -4.5337320018095883e-10   0.0000000000000000e+00   0.0000000000000000e+00
0153   5.9179687500000000e-01   1.0000008695996103e+00   6.0000003028085558e-01  -4.7127120960864201e-10   0.0000000000000000e+00   0.0000000000000000e+00
0154   5.9570312500000000e-01   1.0000008554536701e+00   6.0000002978810707e-01  -4.8887823099570734e-10   0.0000000000000000e+00   0.0000000000000000e+00
0155   5.9960937500000000e-01   1.0000008407924479e+00   6.0000002927743912e-01  -5.0618629337393686e-10   0.0000000000000000e+00   0.0000000000000000e+00
0156   6.0351562500000000e-01   1.0000008256247865e+00   6.0000002874916059e-01  -5.2318794939598289e-10   0.0000000000000000e+00   0.0000000000000000e+00
0157   6.0742187500000000e-01   1.0000008099598456e+00   6.0000002820358944e-01  -5.3987415400239022e-10   0.0000000000000000e+00   0.0000000000000000e+00
0158   6.1132812500000000e-01   1.0000007938070172e+00   6.0000002764105353e-01  -5.5623690719952908e-10   0.0000000000000000e+00   0.0000000000000000e+00
0159   6.1523437500000000e-01   1.0000007771760537e+00   6.0000002706188926e-01  -5.7226693704058046e-10   0.0000000000000000e+00   0.0000000000000000e+00
0160   6.1914062500000000e-01   1.0000007600769643e+00   6.0000002646644290e-01  -5.8795596013179706e-10   0.0000000000000000e+00   0.0000000000000000e+00
0161   6.2304687500000000e-01   1.0000007425200559e+00   6.0000002585507051e-01  -6.0329413105920879e-10   0.0000000000000000e+00   0.0000000000000000e+00
0162   6.2695312500000000e-01   1.0000007245158951e+00   6.0000002522813722e-01  -6.1827303769628325e-10   0.0000000000000000e+00   0.0000000000000000e+00
0163   6.3085937500000000e-01   1.0000007060753318e+00   6.0000002458601742e-01  -6.3288310277088253e-10   0.0000000000000000e+00   0.0000000000000000e+00
0164   6.3476562500000000e-01   1.0000006872094469e+00   6.0000002392909590e-01  -6.4711515256315193e-10   0.0000000000000000e+00   0.0000000000000000e+00
0165   6.3867187500000000e-01   1.0000006679296245e+00   6.0000002325776558e-01  -6.6096026618666948e-10   0.0000000000000000e+00   0.0000000000000000e+00
0166   6.4257812500000000e-01   1.0000006482474726e+00   6.0000002257242846e-01  -6.7440976810852059e-10   0.0000000000000000e+00   0.0000000000000000e+00
0167   6.4648437500000000e-01   1.0000006281748319e+00   6.0000002187349566e-01  -6.8745458140518451e-10   0.0000000000000000e+00   0.0000000000000000e+00
0168   6.5039062500000000e-01   1.0000006077238048e+00   6.0000002116138695e-01  -7.0008643776331993e-10   0.0000000000000000e+00   0.0000000000000000e+00
0169   6.5429687500000000e-01   1.0000005869067239e+00   6.0000002043653045e-01  -7.1229747932051782e-10   0.0000000000000000e+00   0.0000000000000000e+00
0170   6.5820312500000000e-01   1.0000005657360884e+00   6.0000001969936201e-01  -7.2407951891706804e-10   0.0000000000000000e+00   0.0000000000000000e+00
0171   6.6210937500000000e-01   1.0000005442246873e+00   6.0000001895032518e-01  -7.3542493320469329e-10   0.0000000000000000e+00   0.0000000000000000e+00
0172   6.6601562500000000e-01   1.0000005223854553e+00   6.0000001818987114e-01  -7.4632754924114015e-10   0.0000000000000000e+00   0.0000000000000000e+00
0173   6.6992187500000000e-01   1.0000005002315555e+00   6.0000001741845799e-01  -7.5677972438013821e-10   0.0000000000000000e+00   0.0000000000000000e+00
0174   6.7382812500000000e-01   1.0000004777763389e+00   6.0000001663655023e-01  -7.6677564115071187e-10   0.0000000000000000e+00   0.0000000000000000e+00
0175   6.7773437500000000e-01   1.0000004550333190e+00   6.0000001584462004e-01  -7.7630896969228606e-10   0.0000000000000000e+00   0.0000000000000000e+00
0176   6.8164062500000000e-01   1.0000004320162004e+00   6.0000001504314426e-01  -7.8537413708609663e-10   0.0000000000000000e+00   0.0000000000000000e+00
0177   6.8554687500000000e-01   1.0000004087388443e+00   6.0000001423260574e-01  -7.9396546609295432e-10   0.0000000000000000e+00   0.0000000000000000e+00
0178   6.8945312500000000e-01   1.0000003852153079e+00   6.0000001341349318e-01  -8.0207843037730398e-10   0.0000000000000000e+00   0.0000000000000000e+00
0179   6.9335937500000000e-01   1.0000003614597230e+00   6.0000001258630065e-01  -8.0970769855582028e-10   0.0000000000000000e+00   0.0000000000000000e+00
0180   6.9726562500000000e-01   1.0000003374863935e+00   6.0000001175152629e-01  -8.1684956716685095e-10   0.0000000000000000e+00   0.0000000000000000e+00
0181   7.0117187500000000e-01   1.0000003133097861e+00   6.0000001090967359e-01  -8.2349935678441069e-10   0.0000000000000000e+00   0.0000000000000000e+00
0182   7.0507812500000000e-01   1.0000002889444366e+00   6.0000001006124926e-01  -8.2965308513757318e-10   0.0000000000000000e+00   0.0000000000000000e+00
0183   7.0898437500000000e-01   1.0000002644050492e+00   6.0000000920676466e-01  -8.3530790332893330e-10   0.0000000000000000e+00   0.0000000000000000e+00
0184   7.1289062500000000e-01   1.0000002397063832e+00   6.0000000834673484e-01  -8.4046021466389691e-10   0.0000000000000000e+00   0.0000000000000000e+00
0185   7.1679687500000000e-01   1.0000002148633571e+00   6.0000000748167692e-01  -8.4510713891676973e-10   0.0000000000000000e+00   0.0000000000000000e+00
0186   7.2070312500000000e-01   1.0000001898908764e+00   6.0000000661211328e-01  -8.4924707482253650e-10   0.0000000000000000e+00   0.0000000000000000e+00
0187   7.2460937500000000e-01   1.0000001648040300e+00   6.0000000573856538e-01  -8.5287682736489518e-10   0.0000000000000000e+00   0.0000000000000000e+00
0188   7.2851562500000000e-01   1.0000001396178984e+00   6.0000000486156579e-01  -8.5599543333492934e-10   0.0000000000000000e+00   0.0000000000000000e+00
0189   7.3242187500000000e-01   1.0000001143476449e+00   6.0000000398162412e-01  -8.5860108694278306e-10   0.0000000000000000e+00   0.0000000000000000e+00
0190   7.3632812500000000e-01   1.0000000890086016e+00   6.0000000309932622e-01  -8.6069070245373851e-10   0.0000000000000000e+00   0.0000000000000000e+00
0191   7.4023437500000000e-01   1.0000000636157800e+00   6.0000000221504257e-01  -8.6228491544258735e-10   0.0000000000000000e+00   0.0000000000000000e+00
0192   7.4414062500000000e-01   1.0000000381849543e+00   6.0000000132972220e-01  -8.6330904404887731e-10   0.0000000000000000e+00   0.0000000000000000e+00
0193   7.4804687500000000e-01   1.0000000127304267e+00   6.0000000044289659e-01  -8.6399282998208371e-10   0.0000000000000000e+00   0.0000000000000000e+00
0194   7.5195312500000000e-01   9.9999998726947636e-01   5.9999999955705119e-01  -8.6399479681476467e-10   0.0000000000000000e+00   0.0000000000000000e+00
0195   7.5585937500000000e-01   9.9999996181493078e-01   5.9999999867022569e-01  -8.6331598978210139e-10   0.0000000000000000e+00   0.0000000000000000e+00
0196   7.5976562500000000e-01   9.9999993638410500e-01   5.9999999778490520e-01  -8.6229658553447200e-10   0.0000000000000000e+00   0.0000000000000000e+00
0197   7.6367187500000000e-01   9.9999991099130014e-01   5.9999999690062145e-01  -8.6070699552020672e-10   0.0000000000000000e+00   0.0000000000000000e+00
0198   7.6757812500000000e-01   9.9999988565223219e-01   5.9999999601832343e-01  -8.5862287437877202e-10   0.0000000000000000e+00   0.0000000000000000e+00
0199   7.7148437500000000e-01   9.9999986038199318e-01   5.9999999513838143e-01  -8.5602236117872004e-10   0.0000000000000000e+00   0.0000000000000000e+00
0200   7.7539062500000000e-01   9.9999983519587732e-01   5.9999999426138206e-01  -8.5290876923061585e-10   0.0000000000000000e+00   0.0000000000000000e+00
0201   7.7929687500000000e-01   9.9999981010902717e-01   5.9999999338783427e-01  -8.4928416910030569e-10   0.0000000000000000e+00   0.0000000000000000e+00
0202   7.8320312500000000e-01   9.9999978513655352e-01   5.9999999251827074e-01  -8.4514952792157564e-10   0.0000000000000000e+00   0.0000000000000000e+00
0203   7.8710937500000000e-01   9.9999976029352222e-01   5.9999999165321349e-01  -8.4050748572082606e-10   0.0000000000000000e+00   0.0000000000000000e+00
0204   7.9101562500000000e-01   9.9999973559485578e-01   5.9999999079318389e-01  -8.3536009460002789e-10   0.0000000000000000e+00   0.0000000000000000e+00
0205   7.9492187500000000e-01   9.9999971105547625e-01   5.9999998993869974e-01  -8.2971035022468483e-10   0.0000000000000000e+00   0.0000000000000000e+00
0206   7.9882812500000000e-01   9.9999968669013906e-01   5.9999998909027641e-01  -8.2356114500329345e-10   0.0000000000000000e+00   0.0000000000000000e+00
0207   8.0273437500000000e-01   9.9999966251352135e-01   5.9999998824842438e-01  -8.1691618817975359e-10   0.0000000000000000e+00   0.0000000000000000e+00
0208   8.0664062500000000e-01   9.9999963854020890e-01   5.9999998741365113e-01  -8.0977857123203900e-10   0.0000000000000000e+00   0.0000000000000000e+00
0209   8.1054687500000000e-01   9.9999961478461508e-01   5.9999998658645970e-01  -8.0215338662089458e-10   0.0000000000000000e+00   0.0000000000000000e+00
0210   8.1445312500000000e-01   9.9999959126106730e-01   5.9999998576734848e-01  -7.9404396833444887e-10   0.0000000000000000e+00   0.0000000000000000e+00
0211   8.1835937500000000e-01   9.9999956798372691e-01   5.9999998495681151e-01  -7.8545565070339133e-10   0.0000000000000000e+00   0.0000000000000000e+00
0212   8.2226562500000000e-01   9.9999954496662291e-01   5.9999998415533695e-01  -7.7639303737093675e-10   0.0000000000000000e+00   0.0000000000000000e+00
0213   8.2617187500000000e-01   9.9999952222360522e-01   5.9999998336340832e-01  -7.6686232980101490e-10   0.0000000000000000e+00   0.0000000000000000e+00
0214   8.3007812500000000e-01   9.9999949976838121e-01   5.9999998258150256e-01  -7.5686847004516737e-10   0.0000000000000000e+00   0.0000000000000000e+00
0215   8.3398437500000000e-01   9.9999947761450214e-01   5.9999998181009107e-01  -7.4641779027812808e-10   0.0000000000000000e+00   0.0000000000000000e+00
0216   8.3789062500000000e-01   9.9999945577526239e-01   5.9999998104963848e-01  -7.3551719053066899e-10   0.0000000000000000e+00   0.0000000000000000e+00
0217   8.4179687500000000e-01   9.9999943426387072e-01   5.9999998030060309e-01  -7.2417267615816423e-10   0.0000000000000000e+00   0.0000000000000000e+00
0218   8.4570312500000000e-01   9.9999941309324925e-01   5.9999997956343598e-01  -7.1239221016184903e-10   0.0000000000000000e+00   0.0000000000000000e+00
0219   8.4960937500000000e-01   9.9999939227615453e-01   5.9999997883858092e-01  -7.0018256060168930e-10   0.0000000000000000e+00   0.0000000000000000e+00
0220   8.5351562500000000e-01   9.9999937182513476e-01   5.9999997812647377e-01  -6.8755195329747152e-10   0.0000000000000000e+00   0.0000000000000000e+00
0221   8.5742187500000000e-01   9.9999935175249843e-01   5.9999997742754230e-01  -6.7450828457726448e-10   0.0000000000000000e+00   0.0000000000000000e+00
0222   8.6132812500000000e-01   9.9999933207035241e-01   5.9999997674220684e-01  -6.6105993553418922e-10   0.0000000000000000e+00   0.0000000000000000e+00
0223   8.6523437500000000e-01   9.9999931279053311e-01   5.9999997607087752e-01  -6.4721557409273176e-10   0.0000000000000000e+00   0.0000000000000000e+00
0224   8.6914062500000000e-01   9.9999929392466580e-01   5.9999997541395711e-01  -6.3298439797916186e-10   0.0000000000000000e+00   0.0000000000000000e+00
0225   8.7304687500000000e-01   9.9999927548410006e-01   5.9999997477183897e-01  -6.1837484416326295e-10   0.0000000000000000e+00   0.0000000000000000e+00
0226   8.7695312500000000e-01   9.9999925747993967e-01   5.9999997414490702e-01  -6.0339627284887014e-10   0.0000000000000000e+00   0.0000000000000000e+00
0227   8.8085937500000000e-01   9.9999923992302886e-01   5.9999997353353574e-01  -5.8805773972829608e-10   0.0000000000000000e+00   0.0000000000000000e+00
0228   8.8476562500000000e-01   9.9999922282396669e-01   5.9999997293809082e-01  -5.7236851360704321e-10   0.0000000000000000e+00   0.0000000000000000e+00
0229   8.8867187500000000e-01   9.9999920619300142e-01   5.9999997235892777e-01  -5.5633810418784905e-10   0.0000000000000000e+00   0.0000000000000000e+00
0230   8.9257812500000000e-01   9.9999919004019000e-01   5.9999997179639308e-01  -5.3997498053152186e-10   0.0000000000000000e+00   0.0000000000000000e+00
0231   8.9648437500000000e-01   9.9999917437523678e-01   5.9999997125082338e-01  -5.2328804121275846e-10   0.0000000000000000e+00   0.0000000000000000e+00
0232   9.0039062500000000e-01   9.9999915920758875e-01   5.9999997072254629e-01  -5.0628562051199197e-10   0.0000000000000000e+00   0.0000000000000000e+00
0233   9.0429687500000000e-01   9.9999914454637340e-01   5.9999997021188001e-01  -4.8897638971901197e-10   0.0000000000000000e+00   0.0000000000000000e+00
0234   9.0820312500000000e-01   9.9999913040042376e-01   5.9999996971913305e-01  -4.7136775751623289e-10   0.0000000000000000e+00   0.0000000000000000e+00
0235   9.1210937500000000e-01   9.9999911677827247e-01   5.9999996924460519e-01  -4.5346776778432795e-10   0.0000000000000000e+00   0.0000000000000000e+00
0236   9.1601562500000000e-01   9.9999910368811917e-01   5.9999996878858675e-01  -4.3528382619447651e-10   0.0000000000000000e+00   0.0000000000000000e+00
0237   9.1992187500000000e-01   9.9999909113787444e-01   5.9999996835135905e-01  -4.1682399314861301e-10   0.0000000000000000e+00   0.0000000000000000e+00
0238   9.2382812500000000e-01   9.9999907913509145e-01   5.9999996793319388e-01  -3.9809592546023434e-10   0.0000000000000000e+00   0.0000000000000000e+00
0239   9.2773437500000000e-01   9.9999906768699842e-01   5.9999996753435336e-01  -3.7910752782698677e-10   0.0000000000000000e+00   0.0000000000000000e+00
0240   9.3164062500000000e-01   9.9999905680051904e-01   5.9999996715509141e-01  -3.5986801031012495e-10   0.0000000000000000e+00   0.0000000000000000e+00
0241   9.3554687500000000e-01   9.9999904648223259e-01   5.9999996679565093e-01  -3.4038547738738630e-10   0.0000000000000000e+00   0.0000000000000000e+00
0242   9.3945312500000000e-01   9.9999903673836499e-01   5.9999996645626619e-01  -3.2066972935635363e-10   0.0000000000000000e+00   0.0000000000000000e+00
0243   9.4335937500000000e-01   9.9999902757479198e-01   5.9999996613715967e-01  -3.0073222900832818e-10   0.0000000000000000e+00   0.0000000000000000e+00
0244   9.4726562500000000e-01   9.9999901899707300e-01   5.9999996583854198e-01  -2.8058543184243513e-10   0.0000000000000000e+00   0.0000000000000000e+00
0245   9.5117187500000000e-01   9.9999901101037125e-01   5.9999996556060931e-01  -2.6024643502301195e-10   0.0000000000000000e+00   0.0000000000000000e+00
0246   9.5507812500000000e-01   9.9999900361954719e-01   5.9999996530354394e-01  -2.3973373125923533e-10   0.0000000000000000e+00   0.0000000000000000e+00
0247   9.5898437500000000e-01   9.9999899682901849e-01   5.9999996506751618e-01  -2.1906552486011199e-10   0.0000000000000000e+00   0.0000000000000000e+00
0248   9.6289062500000000e-01   9.9999899064292386e-01   5.9999996485268314e-01  -1.9826031801059736e-10   0.0000000000000000e+00   0.0000000000000000e+00
0249   9.6679687500000000e-01   9.9999898506498719e-01   5.9999996465919092e-01  -1.7733935763994318e-10   0.0000000000000000e+00   0.0000000000000000e+00
0250   9.7070312500000000e-01   9.9999898009859434e-01   5.9999996448715986e-01  -1.5632509390364717e-10   0.0000000000000000e+00   0.0000000000000000e+00
0251   9.7460937500000000e-01   9.9999897574672214e-01   5.9999996433669522e-01  -1.3527696718181552e-10   0.0000000000000000e+00   0.0000000000000000e+00
0252   9.7851562500000000e-01   9.9999897201193066e-01   5.9999996420782564e-01  -1.1420350409084130e-10   0.0000000000000000e+00   0.0000000000000000e+00
0253   9.8242187500000000e-01   9.9999896889647277e-01   5.9999996410062206e-01  -9.3354756805795123e-11   0.0000000000000000e+00   0.0000000000000000e+00
0254   9.8632812500000000e-01   9.9999896640197816e-01   5.9999996401491118e-01  -7.2288204737180247e-11   0.0000000000000000e+00   0.0000000000000000e+00
0255   9.9023437500000000e-01   9.9999896453010406e-01   5.9999996395089128e-01  -5.2796892372076816e-11   0.0000000000000000e+00   0.0000000000000000e+00
0256   9.9414062500000000e-01   9.9999896328159676e-01   5.9999996390822263e-01  -2.9956757133174148e-11   0.0000000000000000e+00   0.0000000000000000e+00
0257   9.9804687500000000e-01   9.9999896265714061e-01   5.9999996388686960e-01  -1.8707484777969868e-11   0.0000000000000000e+00   0.0000000000000000e+00
