# Athena++ data at time=4.125193e+01  cycle=21121  variables=prim 
# i       x1v         rho          press          vel1         vel2         vel3     
0002   1.9531250000000000e-03   9.9999896267632715e-01   5.9999996390605936e-01   1.8636512624147218e-11   0.0000000000000000e+00   0.0000000000000000e+00
0003   5.8593750000000000e-03   9.9999896330071347e-01   5.9999996392733823e-01   2.9832583893185296e-11   0.0000000000000000e+00   0.0000000000000000e+00
0004   9.7656250000000000e-03   9.9999896454906478e-01   5.9999996396985655e-01   5.2589229963010988e-11   0.0000000000000000e+00   0.0000000000000000e+00
0005   1.3671875000000000e-02   9.9999896642072761e-01   5.9999996403365874e-01   7.2015234854727758e-11   0.0000000000000000e+00   0.0000000000000000e+00
0006   1.7578125000000000e-02   9.9999896891493845e-01   5.9999996411908596e-01   9.3024677205943620e-11   0.0000000000000000e+00   0.0000000000000000e+00
0007   2.1484375000000000e-02   9.9999897203006127e-01   5.9999996422594881e-01   1.1383226205630256e-10   0.0000000000000000e+00   0.0000000000000000e+00
0008   2.5390625000000000e-02   9.9999897576445340e-01   5.9999996435442793e-01   1.3488140456911136e-10   0.0000000000000000e+00   0.0000000000000000e+00
0009   2.9296875000000000e-02   9.9999898011589006e-01   5.9999996450446258e-01   1.5592480988835291e-10   0.0000000000000000e+00   0.0000000000000000e+00
0010   3.3203125000000000e-02   9.9999898508183882e-01   5.9999996467603356e-01   1.7695454789247932e-10   0.0000000000000000e+00   0.0000000000000000e+00
0011   3.7109375000000000e-02   9.9999899065929054e-01   5.9999996486904639e-01   1.9791143938672547e-10   0.0000000000000000e+00   0.0000000000000000e+00
0012   4.1015625000000000e-02   9.9999899684489824e-01   5.9999996508339049e-01   2.1877303460965366e-10   0.0000000000000000e+00   0.0000000000000000e+00
0013   4.4921875000000000e-02   9.9999900363491800e-01   5.9999996531893063e-01   2.3951614971993311e-10   0.0000000000000000e+00   0.0000000000000000e+00
0014   4.8828125000000000e-02   9.9999901102528399e-01   5.9999996557551849e-01   2.6012131427006475e-10   0.0000000000000000e+00   0.0000000000000000e+00
0015   5.2734375000000000e-02   9.9999901901151977e-01   5.9999996585299209e-01   2.8056674777750667e-10   0.0000000000000000e+00   0.0000000000000000e+00
0016   5.6640625000000000e-02   9.9999902758880910e-01   5.9999996615117623e-01   3.0083198335738405e-10   0.0000000000000000e+00   0.0000000000000000e+00
0017   6.0546875000000000e-02   9.9999903675197599e-01   5.9999996646987996e-01   3.2089731631744749e-10   0.0000000000000000e+00   0.0000000000000000e+00
0018   6.4453125000000000e-02   9.9999904649547433e-01   5.9999996680889678e-01   3.4074600711502434e-10   0.0000000000000000e+00   0.0000000000000000e+00
0019   6.8359375000000000e-02   9.9999905681343093e-01   5.9999996716800619e-01   3.6036365012145877e-10   0.0000000000000000e+00   0.0000000000000000e+00
0020   7.2265625000000000e-02   9.9999906769961244e-01   5.9999996754697549e-01   3.7973809829142493e-10   0.0000000000000000e+00   0.0000000000000000e+00
0021   7.6171875000000000e-02   9.9999907914743769e-01   5.9999996794555988e-01   3.9885752192995689e-10   0.0000000000000000e+00   0.0000000000000000e+00
0022   8.0078125000000000e-02   9.9999909115001240e-01   5.9999996836350467e-01   4.1771129561510120e-10   0.0000000000000000e+00   0.0000000000000000e+00
0023   8.3984375000000000e-02   9.9999910370008005e-01   5.9999996880054374e-01   4.3628857179537607e-10   0.0000000000000000e+00   0.0000000000000000e+00
0024   8.7890625000000000e-02   9.9999911679006148e-01   5.9999996925640120e-01   4.5458042731070684e-10   0.0000000000000000e+00   0.0000000000000000e+00
0025   9.1796875000000000e-02   9.9999913041207755e-01   5.9999996973079084e-01   4.7257790796640276e-10   0.0000000000000000e+00   0.0000000000000000e+00
0026   9.5703125000000000e-02   9.9999914455789740e-01   5.9999997022341689e-01   4.9027241624612847e-10   0.0000000000000000e+00   0.0000000000000000e+00
0027   9.9609375000000000e-02   9.9999915921901272e-01   5.9999997073397393e-01   5.0765706353627365e-10   0.0000000000000000e+00   0.0000000000000000e+00
0028   1.0351562500000000e-01   9.9999917438657093e-01   5.9999997126214810e-01   5.2472287674005394e-10   0.0000000000000000e+00   0.0000000000000000e+00
0029   1.0742187500000000e-01   9.9999919005140603e-01   5.9999997180761533e-01   5.4146297317204689e-10   0.0000000000000000e+00   0.0000000000000000e+00
0030   1.1132812500000000e-01   9.9999920620411786e-01   5.9999997237004365e-01   5.5786976398644065e-10   0.0000000000000000e+00   0.0000000000000000e+00
0031   1.1523437500000000e-01   9.9999922283495701e-01   5.9999997294909113e-01   5.7393513329307044e-10   0.0000000000000000e+00   0.0000000000000000e+00
0032   1.1914062500000000e-01   9.9999923993390338e-01   5.9999997354440759e-01   5.8965176726874180e-10   0.0000000000000000e+00   0.0000000000000000e+00
0033   1.2304687500000000e-01   9.9999925749067486e-01   5.9999997415563466e-01   6.0501209381099910e-10   0.0000000000000000e+00   0.0000000000000000e+00
0034   1.2695312500000000e-01   9.9999927549466505e-01   5.9999997478240441e-01   6.2000788757094052e-10   0.0000000000000000e+00   0.0000000000000000e+00
0035   1.3085937500000000e-01   9.9999929393505060e-01   5.9999997542434058e-01   6.3463158337491387e-10   0.0000000000000000e+00   0.0000000000000000e+00
0036   1.3476562500000000e-01   9.9999931280072019e-01   5.9999997608105826e-01   6.4887490171555322e-10   0.0000000000000000e+00   0.0000000000000000e+00
0037   1.3867187500000000e-01   9.9999933208031244e-01   5.9999997675216388e-01   6.6273026277831942e-10   0.0000000000000000e+00   0.0000000000000000e+00
0038   1.4257812500000000e-01   9.9999935176222321e-01   5.9999997743725597e-01   6.7618940049667981e-10   0.0000000000000000e+00   0.0000000000000000e+00
0039   1.4648437500000000e-01   9.9999937183458121e-01   5.9999997813592421e-01   6.8924439231837219e-10   0.0000000000000000e+00   0.0000000000000000e+00
0040   1.5039062500000000e-01   9.9999939228533152e-01   5.9999997884775069e-01   7.0188752800332311e-10   0.0000000000000000e+00   0.0000000000000000e+00
0041   1.5429687500000000e-01   9.9999941310211926e-01   5.9999997957230844e-01   7.1411050164988502e-10   0.0000000000000000e+00   0.0000000000000000e+00
0042   1.5820312500000000e-01   9.9999943427242999e-01   5.9999998030916368e-01   7.2590639162390234e-10   0.0000000000000000e+00   0.0000000000000000e+00
0043   1.6210937500000000e-01   9.9999945578350236e-01   5.9999998105787489e-01   7.3726723790397167e-10   0.0000000000000000e+00   0.0000000000000000e+00
0044   1.6601562500000000e-01   9.9999947762238950e-01   5.9999998181799230e-01   7.4818630714727294e-10   0.0000000000000000e+00   0.0000000000000000e+00
0045   1.6992187500000000e-01   9.9999949977594382e-01   5.9999998258906018e-01   7.5865617848376696e-10   0.0000000000000000e+00   0.0000000000000000e+00
0046   1.7382812500000000e-01   9.9999952223081001e-01   5.9999998337061511e-01   7.6867010110542031e-10   0.0000000000000000e+00   0.0000000000000000e+00
0047   1.7773437500000000e-01   9.9999954497347110e-01   5.9999998416218758e-01   7.7822159400551787e-10   0.0000000000000000e+00   0.0000000000000000e+00
0048   1.8164062500000000e-01   9.9999956799021361e-01   5.9999998496330165e-01   7.8730478391742611e-10   0.0000000000000000e+00   0.0000000000000000e+00
0049   1.8554687500000000e-01   9.9999959126720284e-01   5.9999998577347513e-01   7.9591380485315020e-10   0.0000000000000000e+00   0.0000000000000000e+00
0050   1.8945312500000000e-01   9.9999961479038790e-01   5.9999998659222020e-01   8.0404368077438902e-10   0.0000000000000000e+00   0.0000000000000000e+00
0051   1.9335937500000000e-01   9.9999963854559615e-01   5.9999998741904403e-01   8.1168885397156839e-10   0.0000000000000000e+00   0.0000000000000000e+00
0052   1.9726562500000000e-01   9.9999966251854389e-01   5.9999998825344891e-01   8.1884505920572726e-10   0.0000000000000000e+00   0.0000000000000000e+00
0053   2.0117187500000000e-01   9.9999968669478378e-01   5.9999998909493180e-01   8.2550765122121063e-10   0.0000000000000000e+00   0.0000000000000000e+00
0054   2.0507812500000000e-01   9.9999971105976027e-01   5.9999998994298553e-01   8.3167279355287308e-10   0.0000000000000000e+00   0.0000000000000000e+00
0055   2.0898437500000000e-01   9.9999973559877620e-01   5.9999999079709954e-01   8.3733737316588903e-10   0.0000000000000000e+00   0.0000000000000000e+00
0056   2.1289062500000000e-01   9.9999976029705739e-01   5.9999999165675855e-01   8.4249771538774390e-10   0.0000000000000000e+00   0.0000000000000000e+00
0057   2.1679687500000000e-01   9.9999978513973520e-01   5.9999999252144465e-01   8.4715119721030090e-10   0.0000000000000000e+00   0.0000000000000000e+00
0058   2.2070312500000000e-01   9.9999981011182348e-01   5.9999999339063625e-01   8.5129587838496583e-10   0.0000000000000000e+00   0.0000000000000000e+00
0059   2.2460937500000000e-01   9.9999983519829794e-01   5.9999999426381156e-01   8.5492815032125233e-10   0.0000000000000000e+00   0.0000000000000000e+00
0060   2.2851562500000000e-01   9.9999986038406063e-01   5.9999999514043767e-01   8.5804820086733805e-10   0.0000000000000000e+00   0.0000000000000000e+00
0061   2.3242187500000000e-01   9.9999988565391640e-01   5.9999999602000609e-01   8.6065343798535017e-10   0.0000000000000000e+00   0.0000000000000000e+00
0062   2.3632812500000000e-01   9.9999991099262153e-01   5.9999999690192984e-01   8.6274066007770514e-10   0.0000000000000000e+00   0.0000000000000000e+00
0063   2.4023437500000000e-01   9.9999993638504514e-01   5.9999999778583890e-01   8.6433217539345334e-10   0.0000000000000000e+00   0.0000000000000000e+00
0064   2.4414062500000000e-01   9.9999996181550177e-01   5.9999999867078502e-01   8.6535177027401675e-10   0.0000000000000000e+00   0.0000000000000000e+00
0065   2.4804687500000000e-01   9.9999998726965067e-01   5.9999999955723238e-01   8.6602918169235769e-10   0.0000000000000000e+00   0.0000000000000000e+00
0066   2.5195312500000000e-01   1.0000000127302482e+00   6.0000000044270618e-01   8.6602382453005383e-10   0.0000000000000000e+00   0.0000000000000000e+00
0067   2.5585937500000000e-01   1.0000000381843797e+00   6.0000000132915410e-01   8.6533573397202456e-10   0.0000000000000000e+00   0.0000000000000000e+00
0068   2.5976562500000000e-01   1.0000000636148338e+00   6.0000000221410044e-01   8.6430530467898822e-10   0.0000000000000000e+00   0.0000000000000000e+00
0069   2.6367187500000000e-01   1.0000000890072713e+00   6.0000000309800916e-01   8.6270350340566265e-10   0.0000000000000000e+00   0.0000000000000000e+00
0070   2.6757812500000000e-01   1.0000001143459660e+00   6.0000000397993314e-01   8.6060504945022460e-10   0.0000000000000000e+00   0.0000000000000000e+00
0071   2.7148437500000000e-01   1.0000001396158420e+00   6.0000000485950189e-01   8.5798908345559218e-10   0.0000000000000000e+00   0.0000000000000000e+00
0072   2.7539062500000000e-01   1.0000001648015973e+00   6.0000000573612866e-01   8.5485850493165383e-10   0.0000000000000000e+00   0.0000000000000000e+00
0073   2.7929687500000000e-01   1.0000001898880770e+00   6.0000000660930464e-01   8.5121534309388535e-10   0.0000000000000000e+00   0.0000000000000000e+00
0074   2.8320312500000000e-01   1.0000002148601648e+00   6.0000000747849702e-01   8.4706041207767384e-10   0.0000000000000000e+00   0.0000000000000000e+00
0075   2.8710937500000000e-01   1.0000002397028402e+00   6.0000000834318390e-01   8.4239686955548009e-10   0.0000000000000000e+00   0.0000000000000000e+00
0076   2.9101562500000000e-01   1.0000002644011328e+00   6.0000000920284391e-01   8.3722642847612510e-10   0.0000000000000000e+00   0.0000000000000000e+00
0077   2.9492187500000000e-01   1.0000002889401425e+00   6.0000001005695880e-01   8.3155275133502022e-10   0.0000000000000000e+00   0.0000000000000000e+00
0078   2.9882812500000000e-01   1.0000003133051352e+00   6.0000001090501398e-01   8.2537798174538490e-10   0.0000000000000000e+00   0.0000000000000000e+00
0079   3.0273437500000000e-01   1.0000003374813546e+00   6.0000001174649820e-01   8.1870649597415609e-10   0.0000000000000000e+00   0.0000000000000000e+00
0080   3.0664062500000000e-01   1.0000003614542976e+00   6.0000001258090474e-01   8.1154190360747843e-10   0.0000000000000000e+00   0.0000000000000000e+00
0081   3.1054687500000000e-01   1.0000003852095520e+00   6.0000001340773046e-01   8.0388921923780925e-10   0.0000000000000000e+00   0.0000000000000000e+00
0082   3.1445312500000000e-01   1.0000004087327319e+00   6.0000001422647731e-01   7.9575218343738322e-10   0.0000000000000000e+00   0.0000000000000000e+00
0083   3.1835937500000000e-01   1.0000004320097016e+00   6.0000001503665235e-01   7.8713668627107680e-10   0.0000000000000000e+00   0.0000000000000000e+00
0084   3.2226562500000000e-01   1.0000004550264601e+00   6.0000001583776796e-01   7.7804758921286758e-10   0.0000000000000000e+00   0.0000000000000000e+00
0085   3.2617187500000000e-01   1.0000004777691194e+00   6.0000001662934210e-01   7.6849064384065899e-10   0.0000000000000000e+00   0.0000000000000000e+00
0086   3.3007812500000000e-01   1.0000005002240071e+00   6.0000001741089826e-01   7.5847213075263504e-10   0.0000000000000000e+00   0.0000000000000000e+00
0087   3.3398437500000000e-01   1.0000005223775654e+00   6.0000001818196746e-01   7.4799808157071748e-10   0.0000000000000000e+00   0.0000000000000000e+00
0088   3.3789062500000000e-01   1.0000005442164386e+00   6.0000001894208643e-01   7.3707550575318676e-10   0.0000000000000000e+00   0.0000000000000000e+00
0089   3.4179687500000000e-01   1.0000005657275270e+00   6.0000001969079886e-01   7.2571137513354489e-10   0.0000000000000000e+00   0.0000000000000000e+00
0090   3.4570312500000000e-01   1.0000005868978550e+00   6.0000002042765532e-01   7.1391257029780202e-10   0.0000000000000000e+00   0.0000000000000000e+00
0091   3.4960937500000000e-01   1.0000006077146402e+00   6.0000002115221485e-01   7.0168667711411137e-10   0.0000000000000000e+00   0.0000000000000000e+00
0092   3.5351562500000000e-01   1.0000006281653933e+00   6.0000002186404267e-01   6.8904128641763585e-10   0.0000000000000000e+00   0.0000000000000000e+00
0093   3.5742187500000000e-01   1.0000006482377499e+00   6.0000002256271234e-01   6.7598410680680623e-10   0.0000000000000000e+00   0.0000000000000000e+00
0094   3.6132812500000000e-01   1.0000006679196611e+00   6.0000002324780577e-01   6.6252303378856812e-10   0.0000000000000000e+00   0.0000000000000000e+00
0095   3.6523437500000000e-01   1.0000006871992846e+00   6.0000002391891283e-01   6.4866621263639260e-10   0.0000000000000000e+00   0.0000000000000000e+00
0096   3.6914062500000000e-01   1.0000007060649458e+00   6.0000002457563206e-01   6.3442164801590863e-10   0.0000000000000000e+00   0.0000000000000000e+00
0097   3.7304687500000000e-01   1.0000007245053413e+00   6.0000002521756979e-01   6.1979721738043480e-10   0.0000000000000000e+00   0.0000000000000000e+00
0098   3.7695312500000000e-01   1.0000007425093300e+00   6.0000002584434131e-01   6.0480093924338407e-10   0.0000000000000000e+00   0.0000000000000000e+00
0099   3.8085937500000000e-01   1.0000007600661025e+00   6.0000002645557016e-01   5.8944056505854331e-10   0.0000000000000000e+00   0.0000000000000000e+00
0100   3.8476562500000000e-01   1.0000007771650434e+00   6.0000002705088817e-01   5.7372394782494655e-10   0.0000000000000000e+00   0.0000000000000000e+00
0101   3.8867187500000000e-01   1.0000007937959003e+00   6.0000002762993743e-01   5.5765925614738130e-10   0.0000000000000000e+00   0.0000000000000000e+00
0102   3.9257812500000000e-01   1.0000008099486204e+00   6.0000002819236720e-01   5.4125391623226909e-10   0.0000000000000000e+00   0.0000000000000000e+00
0103   3.9648437500000000e-01   1.0000008256134716e+00   6.0000002873783587e-01   5.2451522515949851e-10   0.0000000000000000e+00   0.0000000000000000e+00
0104   4.0039062500000000e-01   1.0000008407810164e+00   6.0000002926601148e-01   5.0745144339508532e-10   0.0000000000000000e+00   0.0000000000000000e+00
0105   4.0429687500000000e-01   1.0000008554421347e+00   6.0000002977657030e-01   4.9006975288691583e-10   0.0000000000000000e+00   0.0000000000000000e+00
0106   4.0820312500000000e-01   1.0000008695879614e+00   6.0000003026919824e-01   4.7237838302339932e-10   0.0000000000000000e+00   0.0000000000000000e+00
0107   4.1210937500000000e-01   1.0000008832099834e+00   6.0000003074358965e-01   4.5438534169289444e-10   0.0000000000000000e+00   0.0000000000000000e+00
0108   4.1601562500000000e-01   1.0000008962999800e+00   6.0000003119944889e-01   4.3609792424610618e-10   0.0000000000000000e+00   0.0000000000000000e+00
0109   4.1992187500000000e-01   1.0000009088500670e+00   6.0000003163648974e-01   4.1752605549722122e-10   0.0000000000000000e+00   0.0000000000000000e+00
0110   4.2382812500000000e-01   1.0000009208526330e+00   6.0000003205443619e-01   3.9867821368368311e-10   0.0000000000000000e+00   0.0000000000000000e+00
0111   4.2773437500000000e-01   1.0000009323004502e+00   6.0000003245302247e-01   3.7956573299819318e-10   0.0000000000000000e+00   0.0000000000000000e+00
0112   4.3164062500000000e-01   1.0000009431866368e+00   6.0000003283199332e-01   3.6019868251068343e-10   0.0000000000000000e+00   0.0000000000000000e+00
0113   4.3554687500000000e-01   1.0000009535046126e+00   6.0000003319110429e-01   3.4058882004798896e-10   0.0000000000000000e+00   0.0000000000000000e+00
0114   4.3945312500000000e-01   1.0000009632481301e+00   6.0000003353012221e-01   3.2074833270896973e-10   0.0000000000000000e+00   0.0000000000000000e+00
0115   4.4335937500000000e-01   1.0000009724112577e+00   6.0000003384882705e-01   3.0069196436518524e-10   0.0000000000000000e+00   0.0000000000000000e+00
0116   4.4726562500000000e-01   1.0000009809885670e+00   6.0000003414701242e-01   2.8043552624271783e-10   0.0000000000000000e+00   0.0000000000000000e+00
0117   4.5117187500000000e-01   1.0000009889748094e+00   6.0000003442448713e-01   2.5999924781920346e-10   0.0000000000000000e+00   0.0000000000000000e+00
0118   4.5507812500000000e-01   1.0000009963651746e+00   6.0000003468107577e-01   2.3940363656452200e-10   0.0000000000000000e+00   0.0000000000000000e+00
0119   4.5898437500000000e-01   1.0000010031552131e+00   6.0000003491661658e-01   2.1867010384716072e-10   0.0000000000000000e+00   0.0000000000000000e+00
0120   4.6289062500000000e-01   1.0000010093408165e+00   6.0000003513096123e-01   1.9781864525235679e-10   0.0000000000000000e+00   0.0000000000000000e+00
0121   4.6679687500000000e-01   1.0000010149182781e+00   6.0000003532397461e-01   1.7687170315682508e-10   0.0000000000000000e+00   0.0000000000000000e+00
0122   4.7070312500000000e-01   1.0000010198842009e+00   6.0000003549554615e-01   1.5585236441336046e-10   0.0000000000000000e+00   0.0000000000000000e+00
0123   4.7460937500000000e-01   1.0000010242356474e+00   6.0000003564558113e-01   1.3481921587606419e-10   0.0000000000000000e+00   0.0000000000000000e+00
0124   4.7851562500000000e-01   1.0000010279700435e+00   6.0000003577406069e-01   1.1377970727086759e-10   0.0000000000000000e+00   0.0000000000000000e+00
0125   4.8242187500000000e-01   1.0000010310851577e+00   6.0000003588092399e-01   9.2981919325000388e-11   0.0000000000000000e+00   0.0000000000000000e+00
0126   4.8632812500000000e-01   1.0000010335793785e+00   6.0000003596635143e-01   7.1981920273585777e-11   0.0000000000000000e+00   0.0000000000000000e+00
0127   4.9023437500000000e-01   1.0000010354510429e+00   6.0000003603015351e-01   5.2565676098013468e-11   0.0000000000000000e+00   0.0000000000000000e+00
0128   4.9414062500000000e-01   1.0000010366994028e+00   6.0000003607267183e-01   2.9818489136913100e-11   0.0000000000000000e+00   0.0000000000000000e+00
0129   4.9804687500000000e-01   1.0000010373237675e+00   6.0000003609395047e-01   1.8631176108920375e-11   0.0000000000000000e+00   0.0000000000000000e+00
0130   5.0195312500000000e-01   1.0000010373237640e+00   6.0000003609395058e-01  -1.8632144758484744e-11   0.0000000000000000e+00   0.0000000000000000e+00
0131   5.0585937500000000e-01   1.0000010366994039e+00   6.0000003607267227e-01  -2.9819271507726930e-11   0.0000000000000000e+00   0.0000000000000000e+00
0132   5.0976562500000000e-01   1.0000010354510336e+00   6.0000003603015384e-01  -5.2566719259067842e-11   0.0000000000000000e+00   0.0000000000000000e+00
0133   5.1367187500000000e-01   1.0000010335793772e+00   6.0000003596635165e-01  -7.1983112457643315e-11   0.0000000000000000e+00   0.0000000000000000e+00
0134   5.1757812500000000e-01   1.0000010310851526e+00   6.0000003588092443e-01  -9.2983074253291921e-11   0.0000000000000000e+00   0.0000000000000000e+00
0135   5.2148437500000000e-01   1.0000010279700455e+00   6.0000003577406158e-01  -1.1378071317620246e-10   0.0000000000000000e+00   0.0000000000000000e+00
0136   5.2539062500000000e-01   1.0000010242356390e+00   6.0000003564558224e-01  -1.3482022178138114e-10   0.0000000000000000e+00   0.0000000000000000e+00
0137   5.2929687500000000e-01   1.0000010198841880e+00   6.0000003549554748e-01  -1.5585351934168549e-10   0.0000000000000000e+00   0.0000000000000000e+00
0138   5.3320312500000000e-01   1.0000010149182827e+00   6.0000003532397617e-01  -1.7687300710825888e-10   0.0000000000000000e+00   0.0000000000000000e+00
0139   5.3710937500000000e-01   1.0000010093408227e+00   6.0000003513096278e-01  -1.9782006097097940e-10   0.0000000000000000e+00   0.0000000000000000e+00
0140   5.4101562500000000e-01   1.0000010031552085e+00   6.0000003491661746e-01  -2.1867159407729732e-10   0.0000000000000000e+00   0.0000000000000000e+00
0141   5.4492187500000000e-01   1.0000009963651757e+00   6.0000003468107621e-01  -2.3940497777177124e-10   0.0000000000000000e+00   0.0000000000000000e+00
0142   5.4882812500000000e-01   1.0000009889748085e+00   6.0000003442448757e-01  -2.6000047725916858e-10   0.0000000000000000e+00   0.0000000000000000e+00
0143   5.5273437500000000e-01   1.0000009809885617e+00   6.0000003414701286e-01  -2.8043656940369882e-10   0.0000000000000000e+00   0.0000000000000000e+00
0144   5.5664062500000000e-01   1.0000009724112702e+00   6.0000003384882761e-01  -3.0069274673608026e-10   0.0000000000000000e+00   0.0000000000000000e+00
0145   5.6054687500000000e-01   1.0000009632481053e+00   6.0000003353012277e-01  -3.2074933861419476e-10   0.0000000000000000e+00   0.0000000000000000e+00
0146   5.6445312500000000e-01   1.0000009535046017e+00   6.0000003319110473e-01  -3.4058963967472509e-10   0.0000000000000000e+00   0.0000000000000000e+00
0147   5.6835937500000000e-01   1.0000009431866250e+00   6.0000003283199355e-01  -3.6019965116044910e-10   0.0000000000000000e+00   0.0000000000000000e+00
0148   5.7226562500000000e-01   1.0000009323004520e+00   6.0000003245302280e-01  -3.7956666439207705e-10   0.0000000000000000e+00   0.0000000000000000e+00
0149   5.7617187500000000e-01   1.0000009208526071e+00   6.0000003205443653e-01  -3.9867948037943180e-10   0.0000000000000000e+00   0.0000000000000000e+00
0150   5.8007812500000000e-01   1.0000009088500512e+00   6.0000003163649007e-01  -4.1752694963544063e-10   0.0000000000000000e+00   0.0000000000000000e+00
0151   5.8398437500000000e-01   1.0000008962999625e+00   6.0000003119944911e-01  -4.3609900466320368e-10   0.0000000000000000e+00   0.0000000000000000e+00
0152   5.8789062500000000e-01   1.0000008832099589e+00   6.0000003074358987e-01  -4.5438586327347477e-10   0.0000000000000000e+00   0.0000000000000000e+00
0153   5.9179687500000000e-01   1.0000008695879579e+00   6.0000003026919846e-01  -4.7237894185972888e-10   0.0000000000000000e+00   0.0000000000000000e+00
0154   5.9570312500000000e-01   1.0000008554421147e+00   6.0000002977657052e-01  -4.9007008818882222e-10   0.0000000000000000e+00   0.0000000000000000e+00
0155   5.9960937500000000e-01   1.0000008407810264e+00   6.0000002926601159e-01  -5.0745129437225937e-10   0.0000000000000000e+00   0.0000000000000000e+00
0156   6.0351562500000000e-01   1.0000008256134674e+00   6.0000002873783609e-01  -5.2451518790388756e-10   0.0000000000000000e+00   0.0000000000000000e+00
0157   6.0742187500000000e-01   1.0000008099486222e+00   6.0000002819236731e-01  -5.4125335739595627e-10   0.0000000000000000e+00   0.0000000000000000e+00
0158   6.1132812500000000e-01   1.0000007937958890e+00   6.0000002762993798e-01  -5.5765873456687899e-10   0.0000000000000000e+00   0.0000000000000000e+00
0159   6.1523437500000000e-01   1.0000007771650530e+00   6.0000002705088906e-01  -5.7372335173277411e-10   0.0000000000000000e+00   0.0000000000000000e+00
0160   6.1914062500000000e-01   1.0000007600660838e+00   6.0000002645557093e-01  -5.8943978268797359e-10   0.0000000000000000e+00   0.0000000000000000e+00
0161   6.2304687500000000e-01   1.0000007425093369e+00   6.0000002584434231e-01  -6.0480026863971853e-10   0.0000000000000000e+00   0.0000000000000000e+00
0162   6.2695312500000000e-01   1.0000007245053366e+00   6.0000002521757101e-01  -6.1979662128842056e-10   0.0000000000000000e+00   0.0000000000000000e+00
0163   6.3085937500000000e-01   1.0000007060649518e+00   6.0000002457563328e-01  -6.3442094015653288e-10   0.0000000000000000e+00   0.0000000000000000e+00
0164   6.3476562500000000e-01   1.0000006871992682e+00   6.0000002391891394e-01  -6.4866557928856620e-10   0.0000000000000000e+00   0.0000000000000000e+00
0165   6.3867187500000000e-01   1.0000006679196762e+00   6.0000002324780666e-01  -6.6252247495207705e-10   0.0000000000000000e+00   0.0000000000000000e+00
0166   6.4257812500000000e-01   1.0000006482377584e+00   6.0000002256271301e-01  -6.7598347345874026e-10   0.0000000000000000e+00   0.0000000000000000e+00
0167   6.4648437500000000e-01   1.0000006281653819e+00   6.0000002186404333e-01  -6.8904080209296814e-10   0.0000000000000000e+00   0.0000000000000000e+00
0168   6.5039062500000000e-01   1.0000006077146242e+00   6.0000002115221551e-01  -7.0168641632399050e-10   0.0000000000000000e+00   0.0000000000000000e+00
0169   6.5429687500000000e-01   1.0000005868978448e+00   6.0000002042765610e-01  -7.1391238401917043e-10   0.0000000000000000e+00   0.0000000000000000e+00
0170   6.5820312500000000e-01   1.0000005657275253e+00   6.0000001969079930e-01  -7.2571171043558694e-10   0.0000000000000000e+00   0.0000000000000000e+00
0171   6.6210937500000000e-01   1.0000005442164512e+00   6.0000001894208677e-01  -7.3707580379935513e-10   0.0000000000000000e+00   0.0000000000000000e+00
0172   6.6601562500000000e-01   1.0000005223775645e+00   6.0000001818196746e-01  -7.4799849138468142e-10   0.0000000000000000e+00   0.0000000000000000e+00
0173   6.6992187500000000e-01   1.0000005002239980e+00   6.0000001741089803e-01  -7.5847224251991228e-10   0.0000000000000000e+00   0.0000000000000000e+00
0174   6.7382812500000000e-01   1.0000004777691303e+00   6.0000001662934133e-01  -7.6849075560857203e-10   0.0000000000000000e+00   0.0000000000000000e+00
0175   6.7773437500000000e-01   1.0000004550264572e+00   6.0000001583776730e-01  -7.7804755195707961e-10   0.0000000000000000e+00   0.0000000000000000e+00
0176   6.8164062500000000e-01   1.0000004320097120e+00   6.0000001503665190e-01  -7.8713694706134574e-10   0.0000000000000000e+00   0.0000000000000000e+00
0177   6.8554687500000000e-01   1.0000004087327228e+00   6.0000001422647675e-01  -7.9575266776241799e-10   0.0000000000000000e+00   0.0000000000000000e+00
0178   6.8945312500000000e-01   1.0000003852095394e+00   6.0000001340772979e-01  -8.0388918198197249e-10   0.0000000000000000e+00   0.0000000000000000e+00
0179   6.9335937500000000e-01   1.0000003614543223e+00   6.0000001258090407e-01  -8.1154194086353492e-10   0.0000000000000000e+00   0.0000000000000000e+00
0180   6.9726562500000000e-01   1.0000003374813629e+00   6.0000001174649786e-01  -8.1870627243937526e-10   0.0000000000000000e+00   0.0000000000000000e+00
0181   7.0117187500000000e-01   1.0000003133051296e+00   6.0000001090501376e-01  -8.2537768369896403e-10   0.0000000000000000e+00   0.0000000000000000e+00
0182   7.0507812500000000e-01   1.0000002889401509e+00   6.0000001005695880e-01  -8.3155211798667302e-10   0.0000000000000000e+00   0.0000000000000000e+00
0183   7.0898437500000000e-01   1.0000002644011350e+00   6.0000000920284402e-01  -8.3722631670832921e-10   0.0000000000000000e+00   0.0000000000000000e+00
0184   7.1289062500000000e-01   1.0000002397028427e+00   6.0000000834318434e-01  -8.4239664602118440e-10   0.0000000000000000e+00   0.0000000000000000e+00
0185   7.1679687500000000e-01   1.0000002148601792e+00   6.0000000747849758e-01  -8.4706022579861014e-10   0.0000000000000000e+00   0.0000000000000000e+00
0186   7.2070312500000000e-01   1.0000001898880710e+00   6.0000000660930553e-01  -8.5121489602460949e-10   0.0000000000000000e+00   0.0000000000000000e+00
0187   7.2460937500000000e-01   1.0000001648015964e+00   6.0000000573612966e-01  -8.5485813237419946e-10   0.0000000000000000e+00   0.0000000000000000e+00
0188   7.2851562500000000e-01   1.0000001396158387e+00   6.0000000485950278e-01  -8.5798856187435761e-10   0.0000000000000000e+00   0.0000000000000000e+00
0189   7.3242187500000000e-01   1.0000001143459505e+00   6.0000000397993425e-01  -8.6060493768305861e-10   0.0000000000000000e+00   0.0000000000000000e+00
0190   7.3632812500000000e-01   1.0000000890072924e+00   6.0000000309801027e-01  -8.6270301908029948e-10   0.0000000000000000e+00   0.0000000000000000e+00
0191   7.4023437500000000e-01   1.0000000636148383e+00   6.0000000221410121e-01  -8.6430504388831583e-10   0.0000000000000000e+00   0.0000000000000000e+00
0192   7.4414062500000000e-01   1.0000000381843792e+00   6.0000000132915510e-01  -8.6533528690267259e-10   0.0000000000000000e+00   0.0000000000000000e+00
0193   7.4804687500000000e-01   1.0000000127302409e+00   6.0000000044270763e-01  -8.6602289313570917e-10   0.0000000000000000e+00   0.0000000000000000e+00
0194   7.5195312500000000e-01   9.9999998726965877e-01   5.9999999955723382e-01  -8.6602813853010868e-10   0.0000000000000000e+00   0.0000000000000000e+00
0195   7.5585937500000000e-01   9.9999996181549511e-01   5.9999999867078646e-01  -8.6535054083329704e-10   0.0000000000000000e+00   0.0000000000000000e+00
0196   7.5976562500000000e-01   9.9999993638503848e-01   5.9999999778584023e-01  -8.6433079692880836e-10   0.0000000000000000e+00   0.0000000000000000e+00
0197   7.6367187500000000e-01   9.9999991099260532e-01   5.9999999690193151e-01  -8.6273946789209852e-10   0.0000000000000000e+00   0.0000000000000000e+00
0198   7.6757812500000000e-01   9.9999988565391784e-01   5.9999999602000764e-01  -8.6065191049767068e-10   0.0000000000000000e+00   0.0000000000000000e+00
0199   7.7148437500000000e-01   9.9999986038405597e-01   5.9999999514043945e-01  -8.5804656161265739e-10   0.0000000000000000e+00   0.0000000000000000e+00
0200   7.7539062500000000e-01   9.9999983519831137e-01   5.9999999426381323e-01  -8.5492654832252187e-10   0.0000000000000000e+00   0.0000000000000000e+00
0201   7.7929687500000000e-01   9.9999981011183692e-01   5.9999999339063781e-01  -8.5129412736253695e-10   0.0000000000000000e+00   0.0000000000000000e+00
0202   7.8320312500000000e-01   9.9999978513973087e-01   5.9999999252144620e-01  -8.4715000502488959e-10   0.0000000000000000e+00   0.0000000000000000e+00
0203   7.8710937500000000e-01   9.9999976029706761e-01   5.9999999165675988e-01  -8.4249656045780612e-10   0.0000000000000000e+00   0.0000000000000000e+00
0204   7.9101562500000000e-01   9.9999973559877275e-01   5.9999999079710076e-01  -8.3733606921294447e-10   0.0000000000000000e+00   0.0000000000000000e+00
0205   7.9492187500000000e-01   9.9999971105976093e-01   5.9999998994298676e-01  -8.3167175039099434e-10   0.0000000000000000e+00   0.0000000000000000e+00
0206   7.9882812500000000e-01   9.9999968669479811e-01   5.9999998909493280e-01  -8.2550653354765112e-10   0.0000000000000000e+00   0.0000000000000000e+00
0207   8.0273437500000000e-01   9.9999966251854888e-01   5.9999998825344980e-01  -8.1884423957783535e-10   0.0000000000000000e+00   0.0000000000000000e+00
0208   8.0664062500000000e-01   9.9999963854560014e-01   5.9999998741904470e-01  -8.1168822062271175e-10   0.0000000000000000e+00   0.0000000000000000e+00
0209   8.1054687500000000e-01   9.9999961479037835e-01   5.9999998659222042e-01  -8.0404330821663800e-10   0.0000000000000000e+00   0.0000000000000000e+00
0210   8.1445312500000000e-01   9.9999959126719484e-01   5.9999998577347491e-01  -7.9591395387645126e-10   0.0000000000000000e+00   0.0000000000000000e+00
0211   8.1835937500000000e-01   9.9999956799021783e-01   5.9999998496330120e-01  -7.8730482117320632e-10   0.0000000000000000e+00   0.0000000000000000e+00
0212   8.2226562500000000e-01   9.9999954497347499e-01   5.9999998416218725e-01  -7.7822174302864460e-10   0.0000000000000000e+00   0.0000000000000000e+00
0213   8.2617187500000000e-01   9.9999952223081034e-01   5.9999998337061500e-01  -7.6867013836130929e-10   0.0000000000000000e+00   0.0000000000000000e+00
0214   8.3007812500000000e-01   9.9999949977593783e-01   5.9999998258905995e-01  -7.5865632750670282e-10   0.0000000000000000e+00   0.0000000000000000e+00
0215   8.3398437500000000e-01   9.9999947762240093e-01   5.9999998181799197e-01  -7.4818675421662139e-10   0.0000000000000000e+00   0.0000000000000000e+00
0216   8.3789062500000000e-01   9.9999945578349925e-01   5.9999998105787444e-01  -7.3726768497384900e-10   0.0000000000000000e+00   0.0000000000000000e+00
0217   8.4179687500000000e-01   9.9999943427242843e-01   5.9999998030916357e-01  -7.2590657790315463e-10   0.0000000000000000e+00   0.0000000000000000e+00
0218   8.4570312500000000e-01   9.9999941310212814e-01   5.9999997957230866e-01  -7.1411083695207358e-10   0.0000000000000000e+00   0.0000000000000000e+00
0219   8.4960937500000000e-01   9.9999939228532519e-01   5.9999997884775091e-01  -7.0188771428237512e-10   0.0000000000000000e+00   0.0000000000000000e+00
0220   8.5351562500000000e-01   9.9999937183458998e-01   5.9999997813592476e-01  -6.8924454134178637e-10   0.0000000000000000e+00   0.0000000000000000e+00
0221   8.5742187500000000e-01   9.9999935176220367e-01   5.9999997743725653e-01  -6.7618943775254894e-10   0.0000000000000000e+00   0.0000000000000000e+00
0222   8.6132812500000000e-01   9.9999933208030978e-01   5.9999997675216443e-01  -6.6273033728999109e-10   0.0000000000000000e+00   0.0000000000000000e+00
0223   8.6523437500000000e-01   9.9999931280071086e-01   5.9999997608105904e-01  -6.4887512525006056e-10   0.0000000000000000e+00   0.0000000000000000e+00
0224   8.6914062500000000e-01   9.9999929393505504e-01   5.9999997542434136e-01  -6.3463180690948346e-10   0.0000000000000000e+00   0.0000000000000000e+00
0225   8.7304687500000000e-01   9.9999927549466971e-01   5.9999997478240519e-01  -6.2000796208240302e-10   0.0000000000000000e+00   0.0000000000000000e+00
0226   8.7695312500000000e-01   9.9999925749066454e-01   5.9999997415563544e-01  -6.0501205655506038e-10   0.0000000000000000e+00   0.0000000000000000e+00
0227   8.8085937500000000e-01   9.9999923993389528e-01   5.9999997354440815e-01  -5.8965165550077189e-10   0.0000000000000000e+00   0.0000000000000000e+00
0228   8.8476562500000000e-01   9.9999922283496767e-01   5.9999997294909113e-01  -5.7393483524674356e-10   0.0000000000000000e+00   0.0000000000000000e+00
0229   8.8867187500000000e-01   9.9999920620411131e-01   5.9999997237004365e-01  -5.5786946593978911e-10   0.0000000000000000e+00   0.0000000000000000e+00
0230   8.9257812500000000e-01   9.9999919005141780e-01   5.9999997180761577e-01  -5.4146289866013667e-10   0.0000000000000000e+00   0.0000000000000000e+00
0231   8.9648437500000000e-01   9.9999917438655972e-01   5.9999997126214855e-01  -5.2472242967020091e-10   0.0000000000000000e+00   0.0000000000000000e+00
0232   9.0039062500000000e-01   9.9999915921902183e-01   5.9999997073397437e-01  -5.0765650469886327e-10   0.0000000000000000e+00   0.0000000000000000e+00
0233   9.0429687500000000e-01   9.9999914455791050e-01   5.9999997022341700e-01  -4.9027196917643571e-10   0.0000000000000000e+00   0.0000000000000000e+00
0234   9.0820312500000000e-01   9.9999913041208111e-01   5.9999996973079095e-01  -4.7257734912903477e-10   0.0000000000000000e+00   0.0000000000000000e+00
0235   9.1210937500000000e-01   9.9999911679007136e-01   5.9999996925640120e-01  -4.5457968219425743e-10   0.0000000000000000e+00   0.0000000000000000e+00
0236   9.1601562500000000e-01   9.9999910370007405e-01   5.9999996880054374e-01  -4.3628819923709111e-10   0.0000000000000000e+00   0.0000000000000000e+00
0237   9.1992187500000000e-01   9.9999909115002228e-01   5.9999996836350489e-01  -4.1771103482423467e-10   0.0000000000000000e+00   0.0000000000000000e+00
0238   9.2382812500000000e-01   9.9999907914745201e-01   5.9999996794556043e-01  -3.9885726113918430e-10   0.0000000000000000e+00   0.0000000000000000e+00
0239   9.2773437500000000e-01   9.9999906769961999e-01   5.9999996754697615e-01  -3.7973832182629468e-10   0.0000000000000000e+00   0.0000000000000000e+00
0240   9.3164062500000000e-01   9.9999905681343071e-01   5.9999996716800685e-01  -3.6036387365623086e-10   0.0000000000000000e+00   0.0000000000000000e+00
0241   9.3554687500000000e-01   9.9999904649547666e-01   5.9999996680889722e-01  -3.4074608162647815e-10   0.0000000000000000e+00   0.0000000000000000e+00
0242   9.3945312500000000e-01   9.9999903675197288e-01   5.9999996646988030e-01  -3.2089742808476263e-10   0.0000000000000000e+00   0.0000000000000000e+00
0243   9.4335937500000000e-01   9.9999902758881798e-01   5.9999996615117668e-01  -3.0083224414813741e-10   0.0000000000000000e+00   0.0000000000000000e+00
0244   9.4726562500000000e-01   9.9999901901152721e-01   5.9999996585299242e-01  -2.8056704582403667e-10   0.0000000000000000e+00   0.0000000000000000e+00
0245   9.5117187500000000e-01   9.9999901102527933e-01   5.9999996557551860e-01  -2.6012105347918344e-10   0.0000000000000000e+00   0.0000000000000000e+00
0246   9.5507812500000000e-01   9.9999900363493155e-01   5.9999996531893041e-01  -2.3951652227811421e-10   0.0000000000000000e+00   0.0000000000000000e+00
0247   9.5898437500000000e-01   9.9999899684489302e-01   5.9999996508339037e-01  -2.1877314637700075e-10   0.0000000000000000e+00   0.0000000000000000e+00
0248   9.6289062500000000e-01   9.9999899065928466e-01   5.9999996486904617e-01  -1.9791162566579733e-10   0.0000000000000000e+00   0.0000000000000000e+00
0249   9.6679687500000000e-01   9.9999898508183105e-01   5.9999996467603334e-01  -1.7695492045073546e-10   0.0000000000000000e+00   0.0000000000000000e+00
0250   9.7070312500000000e-01   9.9999898011590038e-01   5.9999996450446236e-01  -1.5592540598152200e-10   0.0000000000000000e+00   0.0000000000000000e+00
0251   9.7460937500000000e-01   9.9999897576445085e-01   5.9999996435442782e-01  -1.3488211242975751e-10   0.0000000000000000e+00   0.0000000000000000e+00
0252   9.7851562500000000e-01   9.9999897203005506e-01   5.9999996422594848e-01  -1.1383289540533253e-10   0.0000000000000000e+00   0.0000000000000000e+00
0253   9.8242187500000000e-01   9.9999896891493545e-01   5.9999996411908563e-01  -9.3025459578210102e-11   0.0000000000000000e+00   0.0000000000000000e+00
0254   9.8632812500000000e-01   9.9999896642072428e-01   5.9999996403365852e-01  -7.2015644668747162e-11   0.0000000000000000e+00   0.0000000000000000e+00
0255   9.9023437500000000e-01   9.9999896454907555e-01   5.9999996396985633e-01  -5.2589602521215563e-11   0.0000000000000000e+00   0.0000000000000000e+00
0256   9.9414062500000000e-01   9.9999896330071492e-01   5.9999996392733801e-01  -2.9832807428063176e-11   0.0000000000000000e+00   0.0000000000000000e+00
0257   9.9804687500000000e-01   9.9999896267632604e-01   5.9999996390605925e-01  -1.8636736159038290e-11   0.0000000000000000e+00   0.0000000000000000e+00
