# Athena++ data at time=1.725019e+02  cycle=88321  variables=prim 
# i       x1v         rho          press          vel1         vel2         vel3     
0002   1.9531250000000000e-03   9.9999899789106106e-01   5.9999999912080570e-01  -4.4146479725655642e-10   0.0000000000000000e+00   0.0000000000000000e+00
0003   5.8593750000000000e-03   9.9999899849482154e-01   5.9999999912149571e-01  -1.3253926609240666e-09   0.0000000000000000e+00   0.0000000000000000e+00
0004   9.7656250000000000e-03   9.9999899970170536e-01   5.9999999912253543e-01  -2.2078135007375510e-09   0.0000000000000000e+00   0.0000000000000000e+00
0005   1.3671875000000000e-02   9.9999900151119903e-01   5.9999999912415314e-01  -3.0892061149471614e-09   0.0000000000000000e+00   0.0000000000000000e+00
0006   1.7578125000000000e-02   9.9999900392208463e-01   5.9999999912627378e-01  -3.9686214078371971e-09   0.0000000000000000e+00   0.0000000000000000e+00
0007   2.1484375000000000e-02   9.9999900693300203e-01   5.9999999912891844e-01  -4.8456932957770592e-09   0.0000000000000000e+00   0.0000000000000000e+00
0008   2.5390625000000000e-02   9.9999901054207563e-01   5.9999999913208335e-01  -5.7198376812061658e-09   0.0000000000000000e+00   0.0000000000000000e+00
0009   2.9296875000000000e-02   9.9999901474716524e-01   5.9999999913576652e-01  -6.5905487283797059e-09   0.0000000000000000e+00   0.0000000000000000e+00
0010   3.3203125000000000e-02   9.9999901954574633e-01   5.9999999913996649e-01  -7.4572968734830932e-09   0.0000000000000000e+00   0.0000000000000000e+00
0011   3.7109375000000000e-02   9.9999902493489468e-01   5.9999999914468027e-01  -8.3195634165427942e-09   0.0000000000000000e+00   0.0000000000000000e+00
0012   4.1015625000000000e-02   9.9999903091138365e-01   5.9999999914990576e-01  -9.1768300349965497e-09   0.0000000000000000e+00   0.0000000000000000e+00
0013   4.4921875000000000e-02   9.9999903747160235e-01   5.9999999915563973e-01  -1.0028581897358442e-08   0.0000000000000000e+00   0.0000000000000000e+00
0014   4.8828125000000000e-02   9.9999904461161659e-01   5.9999999916187896e-01  -1.0874307611931122e-08   0.0000000000000000e+00   0.0000000000000000e+00
0015   5.2734375000000000e-02   9.9999905232711517e-01   5.9999999916861968e-01  -1.1713499326567462e-08   0.0000000000000000e+00   0.0000000000000000e+00
0016   5.6640625000000000e-02   9.9999906061347044e-01   5.9999999917585844e-01  -1.2545653016904136e-08   0.0000000000000000e+00   0.0000000000000000e+00
0017   6.0546875000000000e-02   9.9999906946564454e-01   5.9999999918359082e-01  -1.3370268702468584e-08   0.0000000000000000e+00   0.0000000000000000e+00
0018   6.4453125000000000e-02   9.9999907887835304e-01   5.9999999919181246e-01  -1.4186851335961567e-08   0.0000000000000000e+00   0.0000000000000000e+00
0019   6.8359375000000000e-02   9.9999908884591782e-01   5.9999999920051894e-01  -1.4994910465846142e-08   0.0000000000000000e+00   0.0000000000000000e+00
0020   7.2265625000000000e-02   9.9999909936233700e-01   5.9999999920970593e-01  -1.5793959901869866e-08   0.0000000000000000e+00   0.0000000000000000e+00
0021   7.6171875000000000e-02   9.9999911042122502e-01   5.9999999921936842e-01  -1.6583519693558241e-08   0.0000000000000000e+00   0.0000000000000000e+00
0022   8.0078125000000000e-02   9.9999912201599717e-01   5.9999999922950120e-01  -1.7363114758968475e-08   0.0000000000000000e+00   0.0000000000000000e+00
0023   8.3984375000000000e-02   9.9999913413961727e-01   5.9999999924009939e-01  -1.8132275864031739e-08   0.0000000000000000e+00   0.0000000000000000e+00
0024   8.7890625000000000e-02   9.9999914678481017e-01   5.9999999925115766e-01  -1.8890539338819795e-08   0.0000000000000000e+00   0.0000000000000000e+00
0025   9.1796875000000000e-02   9.9999915994393507e-01   5.9999999926267034e-01  -1.9637447803541180e-08   0.0000000000000000e+00   0.0000000000000000e+00
0026   9.5703125000000000e-02   9.9999917360909207e-01   5.9999999927463188e-01  -2.0372550786731287e-08   0.0000000000000000e+00   0.0000000000000000e+00
0027   9.9609375000000000e-02   9.9999918777205643e-01   5.9999999928703618e-01  -2.1095403335780401e-08   0.0000000000000000e+00   0.0000000000000000e+00
0028   1.0351562500000000e-01   9.9999920242429274e-01   5.9999999929987768e-01  -2.1805567984785728e-08   0.0000000000000000e+00   0.0000000000000000e+00
0029   1.0742187500000000e-01   9.9999921755693988e-01   5.9999999931314962e-01  -2.2502614156220595e-08   0.0000000000000000e+00   0.0000000000000000e+00
0030   1.1132812500000000e-01   9.9999923316090467e-01   5.9999999932684589e-01  -2.3186118088807511e-08   0.0000000000000000e+00   0.0000000000000000e+00
0031   1.1523437500000000e-01   9.9999924922683325e-01   5.9999999934095982e-01  -2.3855663962358429e-08   0.0000000000000000e+00   0.0000000000000000e+00
0032   1.1914062500000000e-01   9.9999926574498388e-01   5.9999999935548465e-01  -2.4510843202019078e-08   0.0000000000000000e+00   0.0000000000000000e+00
0033   1.2304687500000000e-01   9.9999928270545535e-01   5.9999999937041293e-01  -2.5151254905261558e-08   0.0000000000000000e+00   0.0000000000000000e+00
0034   1.2695312500000000e-01   9.9999930009799454e-01   5.9999999938573723e-01  -2.5776507540810593e-08   0.0000000000000000e+00   0.0000000000000000e+00
0035   1.3085937500000000e-01   9.9999931791217156e-01   5.9999999940144944e-01  -2.6386216741082249e-08   0.0000000000000000e+00   0.0000000000000000e+00
0036   1.3476562500000000e-01   9.9999933613720793e-01   5.9999999941754167e-01  -2.6980006825720013e-08   0.0000000000000000e+00   0.0000000000000000e+00
0037   1.3867187500000000e-01   9.9999935476216839e-01   5.9999999943400562e-01  -2.7557511287608595e-08   0.0000000000000000e+00   0.0000000000000000e+00
0038   1.4257812500000000e-01   9.9999937377579551e-01   5.9999999945083160e-01  -2.8118372874876724e-08   0.0000000000000000e+00   0.0000000000000000e+00
0039   1.4648437500000000e-01   9.9999939316667186e-01   5.9999999946801041e-01  -2.8662242970935249e-08   0.0000000000000000e+00   0.0000000000000000e+00
0040   1.5039062500000000e-01   9.9999941292313355e-01   5.9999999948553173e-01  -2.9188784221822446e-08   0.0000000000000000e+00   0.0000000000000000e+00
0041   1.5429687500000000e-01   9.9999943303322358e-01   5.9999999950338512e-01  -2.9697667916646336e-08   0.0000000000000000e+00   0.0000000000000000e+00
0042   1.5820312500000000e-01   9.9999945348482511e-01   5.9999999952155947e-01  -3.0188576850903958e-08   0.0000000000000000e+00   0.0000000000000000e+00
0043   1.6210937500000000e-01   9.9999947426569125e-01   5.9999999954004291e-01  -3.0661203352951060e-08   0.0000000000000000e+00   0.0000000000000000e+00
0044   1.6601562500000000e-01   9.9999949536324084e-01   5.9999999955882288e-01  -3.1115252085729110e-08   0.0000000000000000e+00   0.0000000000000000e+00
0045   1.6992187500000000e-01   9.9999951676478782e-01   5.9999999957788619e-01  -3.1550437825570448e-08   0.0000000000000000e+00   0.0000000000000000e+00
0046   1.7382812500000000e-01   9.9999953845743994e-01   5.9999999959721861e-01  -3.1966489208656313e-08   0.0000000000000000e+00   0.0000000000000000e+00
0047   1.7773437500000000e-01   9.9999956042810723e-01   5.9999999961680517e-01  -3.2363145368435853e-08   0.0000000000000000e+00   0.0000000000000000e+00
0048   1.8164062500000000e-01   9.9999958266357902e-01   5.9999999963662998e-01  -3.2740159099733671e-08   0.0000000000000000e+00   0.0000000000000000e+00
0049   1.8554687500000000e-01   9.9999960515042041e-01   5.9999999965667716e-01  -3.3097295298368533e-08   0.0000000000000000e+00   0.0000000000000000e+00
0050   1.8945312500000000e-01   9.9999962787513330e-01   5.9999999967692952e-01  -3.3434332574620719e-08   0.0000000000000000e+00   0.0000000000000000e+00
0051   1.9335937500000000e-01   9.9999965082395958e-01   5.9999999969736917e-01  -3.3751063569921777e-08   0.0000000000000000e+00   0.0000000000000000e+00
0052   1.9726562500000000e-01   9.9999967398309864e-01   5.9999999971797646e-01  -3.4047295951401520e-08   0.0000000000000000e+00   0.0000000000000000e+00
0053   2.0117187500000000e-01   9.9999969733861083e-01   5.9999999973872897e-01  -3.4322856021673538e-08   0.0000000000000000e+00   0.0000000000000000e+00
0054   2.0507812500000000e-01   9.9999972087639877e-01   5.9999999975960394e-01  -3.4577584437798230e-08   0.0000000000000000e+00   0.0000000000000000e+00
0055   2.0898437500000000e-01   9.9999974458228358e-01   5.9999999978057872e-01  -3.4811337302537668e-08   0.0000000000000000e+00   0.0000000000000000e+00
0056   2.1289062500000000e-01   9.9999976844195948e-01   5.9999999980163354e-01  -3.5023983723844844e-08   0.0000000000000000e+00   0.0000000000000000e+00
0057   2.1679687500000000e-01   9.9999979244108839e-01   5.9999999982274654e-01  -3.5215406660433169e-08   0.0000000000000000e+00   0.0000000000000000e+00
0058   2.2070312500000000e-01   9.9999981656509973e-01   5.9999999984389651e-01  -3.5385512157582373e-08   0.0000000000000000e+00   0.0000000000000000e+00
0059   2.2460937500000000e-01   9.9999984079955262e-01   5.9999999986502817e-01  -3.5534223017542973e-08   0.0000000000000000e+00   0.0000000000000000e+00
0060   2.2851562500000000e-01   9.9999986512979677e-01   5.9999999988613728e-01  -3.5661534099193774e-08   0.0000000000000000e+00   0.0000000000000000e+00
0061   2.3242187500000000e-01   9.9999988954094055e-01   5.9999999990698283e-01  -3.5767398818313316e-08   0.0000000000000000e+00   0.0000000000000000e+00
0062   2.3632812500000000e-01   9.9999991401872490e-01   5.9999999992800868e-01  -3.5852006397130131e-08   0.0000000000000000e+00   0.0000000000000000e+00
0063   2.4023437500000000e-01   9.9999993854667824e-01   5.9999999994745312e-01  -3.5915182077271083e-08   0.0000000000000000e+00   0.0000000000000000e+00
0064   2.4414062500000000e-01   9.9999996311493589e-01   5.9999999997017761e-01  -3.5957267858352078e-08   0.0000000000000000e+00   0.0000000000000000e+00
0065   2.4804687500000000e-01   9.9999998769394038e-01   5.9999999998147946e-01  -3.5978324418877629e-08   0.0000000000000000e+00   0.0000000000000000e+00
0066   2.5195312500000000e-01   1.0000000123061128e+00   6.0000000001854337e-01  -3.5978297089305025e-08   0.0000000000000000e+00   0.0000000000000000e+00
0067   2.5585937500000000e-01   1.0000000368850916e+00   6.0000000002984255e-01  -3.5957187328685708e-08   0.0000000000000000e+00   0.0000000000000000e+00
0068   2.5976562500000000e-01   1.0000000614533300e+00   6.0000000005256726e-01  -3.5915049327996323e-08   0.0000000000000000e+00   0.0000000000000000e+00
0069   2.6367187500000000e-01   1.0000000859813070e+00   6.0000000007201104e-01  -3.5851822231926705e-08   0.0000000000000000e+00   0.0000000000000000e+00
0070   2.6757812500000000e-01   1.0000001104591123e+00   6.0000000009303600e-01  -3.5767164570540017e-08   0.0000000000000000e+00   0.0000000000000000e+00
0071   2.7148437500000000e-01   1.0000001348702363e+00   6.0000000011388077e-01  -3.5661251557717788e-08   0.0000000000000000e+00   0.0000000000000000e+00
0072   2.7539062500000000e-01   1.0000001592004937e+00   6.0000000013498922e-01  -3.5533894128543177e-08   0.0000000000000000e+00   0.0000000000000000e+00
0073   2.7929687500000000e-01   1.0000001834349268e+00   6.0000000015611976e-01  -3.5385138726408573e-08   0.0000000000000000e+00   0.0000000000000000e+00
0074   2.8320312500000000e-01   1.0000002075589709e+00   6.0000000017726884e-01  -3.5214989978927645e-08   0.0000000000000000e+00   0.0000000000000000e+00
0075   2.8710937500000000e-01   1.0000002315580951e+00   6.0000000019838062e-01  -3.5023525650599390e-08   0.0000000000000000e+00   0.0000000000000000e+00
0076   2.9101562500000000e-01   1.0000002554177059e+00   6.0000000021943478e-01  -3.4810839070546732e-08   0.0000000000000000e+00   0.0000000000000000e+00
0077   2.9492187500000000e-01   1.0000002791236056e+00   6.0000000024040856e-01  -3.4577047585656160e-08   0.0000000000000000e+00   0.0000000000000000e+00
0078   2.9882812500000000e-01   1.0000003026614352e+00   6.0000000026128231e-01  -3.4322281611000859e-08   0.0000000000000000e+00   0.0000000000000000e+00
0079   3.0273437500000000e-01   1.0000003260169086e+00   6.0000000028203371e-01  -3.4046685572533573e-08   0.0000000000000000e+00   0.0000000000000000e+00
0080   3.0664062500000000e-01   1.0000003491760667e+00   6.0000000030263989e-01  -3.3750418298497602e-08   0.0000000000000000e+00   0.0000000000000000e+00
0081   3.1054687500000000e-01   1.0000003721249451e+00   6.0000000032307843e-01  -3.3433653902722219e-08   0.0000000000000000e+00   0.0000000000000000e+00
0082   3.1445312500000000e-01   1.0000003948496241e+00   6.0000000034333001e-01  -3.3096585283265696e-08   0.0000000000000000e+00   0.0000000000000000e+00
0083   3.1835937500000000e-01   1.0000004173364365e+00   6.0000000036337575e-01  -3.2739418761598114e-08   0.0000000000000000e+00   0.0000000000000000e+00
0084   3.2226562500000000e-01   1.0000004395719269e+00   6.0000000038319912e-01  -3.2362376739093768e-08   0.0000000000000000e+00   0.0000000000000000e+00
0085   3.2617187500000000e-01   1.0000004615426119e+00   6.0000000040278390e-01  -3.1965693766531023e-08   0.0000000000000000e+00   0.0000000000000000e+00
0086   3.3007812500000000e-01   1.0000004832352398e+00   6.0000000042211443e-01  -3.1549617799301339e-08   0.0000000000000000e+00   0.0000000000000000e+00
0087   3.3398437500000000e-01   1.0000005046368146e+00   6.0000000044117596e-01  -3.1114408330246050e-08   0.0000000000000000e+00   0.0000000000000000e+00
0088   3.3789062500000000e-01   1.0000005257343068e+00   6.0000000045995383e-01  -3.0660338664882648e-08   0.0000000000000000e+00   0.0000000000000000e+00
0089   3.4179687500000000e-01   1.0000005465151653e+00   6.0000000047843505e-01  -3.0187692130862110e-08   0.0000000000000000e+00   0.0000000000000000e+00
0090   3.4570312500000000e-01   1.0000005669668037e+00   6.0000000049660740e-01  -2.9696766304243001e-08   0.0000000000000000e+00   0.0000000000000000e+00
0091   3.4960937500000000e-01   1.0000005870768860e+00   6.0000000051445890e-01  -2.9187866699101479e-08   0.0000000000000000e+00   0.0000000000000000e+00
0092   3.5351562500000000e-01   1.0000006068333167e+00   6.0000000053197844e-01  -2.8661311826764151e-08   0.0000000000000000e+00   0.0000000000000000e+00
0093   3.5742187500000000e-01   1.0000006262242189e+00   6.0000000054915537e-01  -2.8117430028042324e-08   0.0000000000000000e+00   0.0000000000000000e+00
0094   3.6132812500000000e-01   1.0000006452378272e+00   6.0000000056597969e-01  -2.7556559329570469e-08   0.0000000000000000e+00   0.0000000000000000e+00
0095   3.6523437500000000e-01   1.0000006638628076e+00   6.0000000058244141e-01  -2.6979047418197952e-08   0.0000000000000000e+00   0.0000000000000000e+00
0096   3.6914062500000000e-01   1.0000006820878278e+00   6.0000000059853187e-01  -2.6385252143136540e-08   0.0000000000000000e+00   0.0000000000000000e+00
0097   3.7304687500000000e-01   1.0000006999020248e+00   6.0000000061424219e-01  -2.5775540012324668e-08   0.0000000000000000e+00   0.0000000000000000e+00
0098   3.7695312500000000e-01   1.0000007172945680e+00   6.0000000062956438e-01  -2.5150286743786767e-08   0.0000000000000000e+00   0.0000000000000000e+00
0099   3.8085937500000000e-01   1.0000007342550337e+00   6.0000000064449088e-01  -2.4509875885469002e-08   0.0000000000000000e+00   0.0000000000000000e+00
0100   3.8476562500000000e-01   1.0000007507732194e+00   6.0000000065901349e-01  -2.3854700197656119e-08   0.0000000000000000e+00   0.0000000000000000e+00
0101   3.8867187500000000e-01   1.0000007668391013e+00   6.0000000067312553e-01  -2.3185160209474107e-08   0.0000000000000000e+00   0.0000000000000000e+00
0102   3.9257812500000000e-01   1.0000007824431081e+00   6.0000000068681991e-01  -2.2501663935676712e-08   0.0000000000000000e+00   0.0000000000000000e+00
0103   3.9648437500000000e-01   1.0000007975756864e+00   6.0000000070009007e-01  -2.1804627865382410e-08   0.0000000000000000e+00   0.0000000000000000e+00
0104   4.0039062500000000e-01   1.0000008122278981e+00   6.0000000071292958e-01  -2.1094475198945159e-08   0.0000000000000000e+00   0.0000000000000000e+00
0105   4.0429687500000000e-01   1.0000008263908746e+00   6.0000000072533244e-01  -2.0371636436896621e-08   0.0000000000000000e+00   0.0000000000000000e+00
0106   4.0820312500000000e-01   1.0000008400560432e+00   6.0000000073729221e-01  -1.9636549601093246e-08   0.0000000000000000e+00   0.0000000000000000e+00
0107   4.1210937500000000e-01   1.0000008532152005e+00   6.0000000074880300e-01  -1.8889658746732056e-08   0.0000000000000000e+00   0.0000000000000000e+00
0108   4.1601562500000000e-01   1.0000008658603698e+00   6.0000000075985938e-01  -1.8131415459295468e-08   0.0000000000000000e+00   0.0000000000000000e+00
0109   4.1992187500000000e-01   1.0000008779840155e+00   6.0000000077045568e-01  -1.7362277077289754e-08   0.0000000000000000e+00   0.0000000000000000e+00
0110   4.2382812500000000e-01   1.0000008895787567e+00   6.0000000078058657e-01  -1.6582706632901476e-08   0.0000000000000000e+00   0.0000000000000000e+00
0111   4.2773437500000000e-01   1.0000009006376707e+00   6.0000000079024718e-01  -1.5793173690756914e-08   0.0000000000000000e+00   0.0000000000000000e+00
0112   4.3164062500000000e-01   1.0000009111540376e+00   6.0000000079943205e-01  -1.4994153104175028e-08   0.0000000000000000e+00   0.0000000000000000e+00
0113   4.3554687500000000e-01   1.0000009211216068e+00   6.0000000080813620e-01  -1.4186125153515655e-08   0.0000000000000000e+00   0.0000000000000000e+00
0114   4.3945312500000000e-01   1.0000009305343192e+00   6.0000000081635541e-01  -1.3369575762505845e-08   0.0000000000000000e+00   0.0000000000000000e+00
0115   4.4335937500000000e-01   1.0000009393865212e+00   6.0000000082408544e-01  -1.2544995488413052e-08   0.0000000000000000e+00   0.0000000000000000e+00
0116   4.4726562500000000e-01   1.0000009476728335e+00   6.0000000083132143e-01  -1.1712878850630900e-08   0.0000000000000000e+00   0.0000000000000000e+00
0117   4.5117187500000000e-01   1.0000009553883815e+00   6.0000000083805971e-01  -1.0873726419123983e-08   0.0000000000000000e+00   0.0000000000000000e+00
0118   4.5507812500000000e-01   1.0000009625283921e+00   6.0000000084429661e-01  -1.0028041317261766e-08   0.0000000000000000e+00   0.0000000000000000e+00
0119   4.5898437500000000e-01   1.0000009690885892e+00   6.0000000085002803e-01  -9.1763317253958217e-09   0.0000000000000000e+00   0.0000000000000000e+00
0120   4.6289062500000000e-01   1.0000009750650933e+00   6.0000000085525118e-01  -8.3191088416218076e-09   0.0000000000000000e+00   0.0000000000000000e+00
0121   4.6679687500000000e-01   1.0000009804542538e+00   6.0000000085996263e-01  -7.4568870428301223e-09   0.0000000000000000e+00   0.0000000000000000e+00
0122   4.7070312500000000e-01   1.0000009852527998e+00   6.0000000086415994e-01  -6.5901852027016241e-09   0.0000000000000000e+00   0.0000000000000000e+00
0123   4.7460937500000000e-01   1.0000009894578736e+00   6.0000000086784044e-01  -5.7195212309571820e-09   0.0000000000000000e+00   0.0000000000000000e+00
0124   4.7851562500000000e-01   1.0000009930669738e+00   6.0000000087100314e-01  -4.8454247578727100e-09   0.0000000000000000e+00   0.0000000000000000e+00
0125   4.8242187500000000e-01   1.0000009960778287e+00   6.0000000087364558e-01  -3.9684014620406438e-09   0.0000000000000000e+00   0.0000000000000000e+00
0126   4.8632812500000000e-01   1.0000009984887583e+00   6.0000000087576444e-01  -3.0890351718369238e-09   0.0000000000000000e+00   0.0000000000000000e+00
0127   4.9023437500000000e-01   1.0000010002982445e+00   6.0000000087738059e-01  -2.2076921118676910e-09   0.0000000000000000e+00   0.0000000000000000e+00
0128   4.9414062500000000e-01   1.0000010015051350e+00   6.0000000087841887e-01  -1.3253203999167220e-09   0.0000000000000000e+00   0.0000000000000000e+00
0129   4.9804687500000000e-01   1.0000010021088657e+00   6.0000000087910832e-01  -4.4144238618847346e-10   0.0000000000000000e+00   0.0000000000000000e+00
0130   5.0195312500000000e-01   1.0000010021088521e+00   6.0000000087910854e-01   4.4144111948753778e-10   0.0000000000000000e+00   0.0000000000000000e+00
0131   5.0585937500000000e-01   1.0000010015051628e+00   6.0000000087841932e-01   1.3253192449830178e-09   0.0000000000000000e+00   0.0000000000000000e+00
0132   5.0976562500000000e-01   1.0000010002982158e+00   6.0000000087738103e-01   2.2076909569341142e-09   0.0000000000000000e+00   0.0000000000000000e+00
0133   5.1367187500000000e-01   1.0000009984887288e+00   6.0000000087576522e-01   3.0890339051360910e-09   0.0000000000000000e+00   0.0000000000000000e+00
0134   5.1757812500000000e-01   1.0000009960778404e+00   6.0000000087364647e-01   3.9684005306414216e-09   0.0000000000000000e+00   0.0000000000000000e+00
0135   5.2148437500000000e-01   1.0000009930669513e+00   6.0000000087100402e-01   4.8454237519621088e-09   0.0000000000000000e+00   0.0000000000000000e+00
0136   5.2539062500000000e-01   1.0000009894578528e+00   6.0000000086784133e-01   5.7195203740695904e-09   0.0000000000000000e+00   0.0000000000000000e+00
0137   5.2929687500000000e-01   1.0000009852527965e+00   6.0000000086416105e-01   6.5901843830698635e-09   0.0000000000000000e+00   0.0000000000000000e+00
0138   5.3320312500000000e-01   1.0000009804542309e+00   6.0000000085996341e-01   7.4568868192904165e-09   0.0000000000000000e+00   0.0000000000000000e+00
0139   5.3710937500000000e-01   1.0000009750650882e+00   6.0000000085525207e-01   8.3191085435704663e-09   0.0000000000000000e+00   0.0000000000000000e+00
0140   5.4101562500000000e-01   1.0000009690885778e+00   6.0000000085002891e-01   9.1763316881349085e-09   0.0000000000000000e+00   0.0000000000000000e+00
0141   5.4492187500000000e-01   1.0000009625283661e+00   6.0000000084429750e-01   1.0028041280001109e-08   0.0000000000000000e+00   0.0000000000000000e+00
0142   5.4882812500000000e-01   1.0000009553883507e+00   6.0000000083806071e-01   1.0873726307351858e-08   0.0000000000000000e+00   0.0000000000000000e+00
0143   5.5273437500000000e-01   1.0000009476728695e+00   6.0000000083132221e-01   1.1712879074160160e-08   0.0000000000000000e+00   0.0000000000000000e+00
0144   5.5664062500000000e-01   1.0000009393865203e+00   6.0000000082408567e-01   1.2544995562919223e-08   0.0000000000000000e+00   0.0000000000000000e+00
0145   5.6054687500000000e-01   1.0000009305343225e+00   6.0000000081635552e-01   1.3369576395848717e-08   0.0000000000000000e+00   0.0000000000000000e+00
0146   5.6445312500000000e-01   1.0000009211216236e+00   6.0000000080813642e-01   1.4186125824113932e-08   0.0000000000000000e+00   0.0000000000000000e+00
0147   5.6835937500000000e-01   1.0000009111540642e+00   6.0000000079943194e-01   1.4994153849284815e-08   0.0000000000000000e+00   0.0000000000000000e+00
0148   5.7226562500000000e-01   1.0000009006376593e+00   6.0000000079024718e-01   1.5793174659401568e-08   0.0000000000000000e+00   0.0000000000000000e+00
0149   5.7617187500000000e-01   1.0000008895787036e+00   6.0000000078058646e-01   1.6582707601547423e-08   0.0000000000000000e+00   0.0000000000000000e+00
0150   5.8007812500000000e-01   1.0000008779840148e+00   6.0000000077045545e-01   1.7362278083190245e-08   0.0000000000000000e+00   0.0000000000000000e+00
0151   5.8398437500000000e-01   1.0000008658603317e+00   6.0000000075985926e-01   1.8131416651475505e-08   0.0000000000000000e+00   0.0000000000000000e+00
0152   5.8789062500000000e-01   1.0000008532151834e+00   6.0000000074880266e-01   1.8889659901656500e-08   0.0000000000000000e+00   0.0000000000000000e+00
0153   5.9179687500000000e-01   1.0000008400560370e+00   6.0000000073729154e-01   1.9636550420715377e-08   0.0000000000000000e+00   0.0000000000000000e+00
0154   5.9570312500000000e-01   1.0000008263908418e+00   6.0000000072533144e-01   2.0371637219263493e-08   0.0000000000000000e+00   0.0000000000000000e+00
0155   5.9960937500000000e-01   1.0000008122279218e+00   6.0000000071292869e-01   2.1094475646009228e-08   0.0000000000000000e+00   0.0000000000000000e+00
0156   6.0351562500000000e-01   1.0000007975757272e+00   6.0000000070008885e-01   2.1804628051655404e-08   0.0000000000000000e+00   0.0000000000000000e+00
0157   6.0742187500000000e-01   1.0000007824430304e+00   6.0000000068681836e-01   2.2501664233719833e-08   0.0000000000000000e+00   0.0000000000000000e+00
0158   6.1132812500000000e-01   1.0000007668390796e+00   6.0000000067312353e-01   2.3185159911424365e-08   0.0000000000000000e+00   0.0000000000000000e+00
0159   6.1523437500000000e-01   1.0000007507731798e+00   6.0000000065901138e-01   2.3854699899607049e-08   0.0000000000000000e+00   0.0000000000000000e+00
0160   6.1914062500000000e-01   1.0000007342550088e+00   6.0000000064448844e-01   2.4509875289372924e-08   0.0000000000000000e+00   0.0000000000000000e+00
0161   6.2304687500000000e-01   1.0000007172945602e+00   6.0000000062956216e-01   2.5150285700621719e-08   0.0000000000000000e+00   0.0000000000000000e+00
0162   6.2695312500000000e-01   1.0000006999020030e+00   6.0000000061423964e-01   2.5775538857392740e-08   0.0000000000000000e+00   0.0000000000000000e+00
0163   6.3085937500000000e-01   1.0000006820878673e+00   6.0000000059852920e-01   2.6385250690156981e-08   0.0000000000000000e+00   0.0000000000000000e+00
0164   6.3476562500000000e-01   1.0000006638628220e+00   6.0000000058243852e-01   2.6979045480893887e-08   0.0000000000000000e+00   0.0000000000000000e+00
0165   6.3867187500000000e-01   1.0000006452378405e+00   6.0000000056597680e-01   2.7556557056964912e-08   0.0000000000000000e+00   0.0000000000000000e+00
0166   6.4257812500000000e-01   1.0000006262241909e+00   6.0000000054915259e-01   2.8117427420136015e-08   0.0000000000000000e+00   0.0000000000000000e+00
0167   6.4648437500000000e-01   1.0000006068333454e+00   6.0000000053197577e-01   2.8661309069833201e-08   0.0000000000000000e+00   0.0000000000000000e+00
0168   6.5039062500000000e-01   1.0000005870768793e+00   6.0000000051445657e-01   2.9187863569613384e-08   0.0000000000000000e+00   0.0000000000000000e+00
0169   6.5429687500000000e-01   1.0000005669668171e+00   6.0000000049660529e-01   2.9696762802197149e-08   0.0000000000000000e+00   0.0000000000000000e+00
0170   6.5820312500000000e-01   1.0000005465151771e+00   6.0000000047843305e-01   3.0187689262163813e-08   0.0000000000000000e+00   0.0000000000000000e+00
0171   6.6210937500000000e-01   1.0000005257343336e+00   6.0000000045995183e-01   3.0660335423627027e-08   0.0000000000000000e+00   0.0000000000000000e+00
0172   6.6601562500000000e-01   1.0000005046367806e+00   6.0000000044117419e-01   3.1114405424293418e-08   0.0000000000000000e+00   0.0000000000000000e+00
0173   6.6992187500000000e-01   1.0000004832352327e+00   6.0000000042211277e-01   3.1549614409023923e-08   0.0000000000000000e+00   0.0000000000000000e+00
0174   6.7382812500000000e-01   1.0000004615425857e+00   6.0000000040278256e-01   3.1965690637043782e-08   0.0000000000000000e+00   0.0000000000000000e+00
0175   6.7773437500000000e-01   1.0000004395719027e+00   6.0000000038319812e-01   3.2362373833141870e-08   0.0000000000000000e+00   0.0000000000000000e+00
0176   6.8164062500000000e-01   1.0000004173364774e+00   6.0000000036337486e-01   3.2739416079179243e-08   0.0000000000000000e+00   0.0000000000000000e+00
0177   6.8554687500000000e-01   1.0000003948495910e+00   6.0000000034332945e-01   3.3096582638104284e-08   0.0000000000000000e+00   0.0000000000000000e+00
0178   6.8945312500000000e-01   1.0000003721249224e+00   6.0000000032307832e-01   3.3433651443839115e-08   0.0000000000000000e+00   0.0000000000000000e+00
0179   6.9335937500000000e-01   1.0000003491760876e+00   6.0000000030263989e-01   3.3750415951381051e-08   0.0000000000000000e+00   0.0000000000000000e+00
0180   6.9726562500000000e-01   1.0000003260168986e+00   6.0000000028203415e-01   3.4046683262673548e-08   0.0000000000000000e+00   0.0000000000000000e+00
0181   7.0117187500000000e-01   1.0000003026614308e+00   6.0000000026128275e-01   3.4322279524675316e-08   0.0000000000000000e+00   0.0000000000000000e+00
0182   7.0507812500000000e-01   1.0000002791236258e+00   6.0000000024040889e-01   3.4577045536586323e-08   0.0000000000000000e+00   0.0000000000000000e+00
0183   7.0898437500000000e-01   1.0000002554177336e+00   6.0000000021943511e-01   3.4810837319523199e-08   0.0000000000000000e+00   0.0000000000000000e+00
0184   7.1289062500000000e-01   1.0000002315580758e+00   6.0000000019838085e-01   3.5023524421157676e-08   0.0000000000000000e+00   0.0000000000000000e+00
0185   7.1679687500000000e-01   1.0000002075589993e+00   6.0000000017726873e-01   3.5214988823996415e-08   0.0000000000000000e+00   0.0000000000000000e+00
0186   7.2070312500000000e-01   1.0000001834349304e+00   6.0000000015611932e-01   3.5385137981291266e-08   0.0000000000000000e+00   0.0000000000000000e+00
0187   7.2460937500000000e-01   1.0000001592004879e+00   6.0000000013498822e-01   3.5533893644217613e-08   0.0000000000000000e+00   0.0000000000000000e+00
0188   7.2851562500000000e-01   1.0000001348702574e+00   6.0000000011387988e-01   3.5661251259670425e-08   0.0000000000000000e+00   0.0000000000000000e+00
0189   7.3242187500000000e-01   1.0000001104591012e+00   6.0000000009303489e-01   3.5767164384260657e-08   0.0000000000000000e+00   0.0000000000000000e+00
0190   7.3632812500000000e-01   1.0000000859813079e+00   6.0000000007200982e-01   3.5851822082903262e-08   0.0000000000000000e+00   0.0000000000000000e+00
0191   7.4023437500000000e-01   1.0000000614533446e+00   6.0000000005256593e-01   3.5915049029949047e-08   0.0000000000000000e+00   0.0000000000000000e+00
0192   7.4414062500000000e-01   1.0000000368850863e+00   6.0000000002984055e-01   3.5957187030638875e-08   0.0000000000000000e+00   0.0000000000000000e+00
0193   7.4804687500000000e-01   1.0000000123061172e+00   6.0000000001854092e-01   3.5978296716747357e-08   0.0000000000000000e+00   0.0000000000000000e+00
0194   7.5195312500000000e-01   9.9999998769396137e-01   5.9999999998147757e-01   3.5978324754179432e-08   0.0000000000000000e+00   0.0000000000000000e+00
0195   7.5585937500000000e-01   9.9999996311491424e-01   5.9999999997017539e-01   3.5957268230909852e-08   0.0000000000000000e+00   0.0000000000000000e+00
0196   7.5976562500000000e-01   9.9999993854668145e-01   5.9999999994745079e-01   3.5915182673363095e-08   0.0000000000000000e+00   0.0000000000000000e+00
0197   7.6367187500000000e-01   9.9999991401871446e-01   5.9999999992800634e-01   3.5852007104991145e-08   0.0000000000000000e+00   0.0000000000000000e+00
0198   7.6757812500000000e-01   9.9999988954092500e-01   5.9999999990698072e-01   3.5767399228128575e-08   0.0000000000000000e+00   0.0000000000000000e+00
0199   7.7148437500000000e-01   9.9999986512978778e-01   5.9999999988613517e-01   3.5661534285473770e-08   0.0000000000000000e+00   0.0000000000000000e+00
0200   7.7539062500000000e-01   9.9999984079955473e-01   5.9999999986502639e-01   3.5534222943031311e-08   0.0000000000000000e+00   0.0000000000000000e+00
0201   7.7929687500000000e-01   9.9999981656512149e-01   5.9999999984389507e-01   3.5385512008559255e-08   0.0000000000000000e+00   0.0000000000000000e+00
0202   7.8320312500000000e-01   9.9999979244107495e-01   5.9999999982274510e-01   3.5215406213364918e-08   0.0000000000000000e+00   0.0000000000000000e+00
0203   7.8710937500000000e-01   9.9999976844198346e-01   5.9999999980163221e-01   3.5023983686590105e-08   0.0000000000000000e+00   0.0000000000000000e+00
0204   7.9101562500000000e-01   9.9999974458226637e-01   5.9999999978057750e-01   3.4811337079004005e-08   0.0000000000000000e+00   0.0000000000000000e+00
0205   7.9492187500000000e-01   9.9999972087638700e-01   5.9999999975960261e-01   3.4577584475055709e-08   0.0000000000000000e+00   0.0000000000000000e+00
0206   7.9882812500000000e-01   9.9999969733861038e-01   5.9999999973872808e-01   3.4322856207954043e-08   0.0000000000000000e+00   0.0000000000000000e+00
0207   8.0273437500000000e-01   9.9999967398309209e-01   5.9999999971797591e-01   3.4047296361217156e-08   0.0000000000000000e+00   0.0000000000000000e+00
0208   8.0664062500000000e-01   9.9999965082394171e-01   5.9999999969736884e-01   3.3751063495412576e-08   0.0000000000000000e+00   0.0000000000000000e+00
0209   8.1054687500000000e-01   9.9999962787508279e-01   5.9999999967692907e-01   3.3434332723647187e-08   0.0000000000000000e+00   0.0000000000000000e+00
0210   8.1445312500000000e-01   9.9999960515041852e-01   5.9999999965667661e-01   3.3097295596416267e-08   0.0000000000000000e+00   0.0000000000000000e+00
0211   8.1835937500000000e-01   9.9999958266356825e-01   5.9999999963662942e-01   3.2740159546806144e-08   0.0000000000000000e+00   0.0000000000000000e+00
0212   8.2226562500000000e-01   9.9999956042811133e-01   5.9999999961680450e-01   3.2363145554717503e-08   0.0000000000000000e+00   0.0000000000000000e+00
0213   8.2617187500000000e-01   9.9999953845742950e-01   5.9999999959721795e-01   3.1966489692983585e-08   0.0000000000000000e+00   0.0000000000000000e+00
0214   8.3007812500000000e-01   9.9999951676477528e-01   5.9999999957788575e-01   3.1550438421666344e-08   0.0000000000000000e+00   0.0000000000000000e+00
0215   8.3398437500000000e-01   9.9999949536326271e-01   5.9999999955882244e-01   3.1115252383778166e-08   0.0000000000000000e+00   0.0000000000000000e+00
0216   8.3789062500000000e-01   9.9999947426568425e-01   5.9999999954004235e-01   3.0661203688256126e-08   0.0000000000000000e+00   0.0000000000000000e+00
0217   8.4179687500000000e-01   9.9999945348482544e-01   5.9999999952155869e-01   3.0188577074441511e-08   0.0000000000000000e+00   0.0000000000000000e+00
0218   8.4570312500000000e-01   9.9999943303322170e-01   5.9999999950338456e-01   2.9697668065672948e-08   0.0000000000000000e+00   0.0000000000000000e+00
0219   8.4960937500000000e-01   9.9999941292311123e-01   5.9999999948553129e-01   2.9188784110059039e-08   0.0000000000000000e+00   0.0000000000000000e+00
0220   8.5351562500000000e-01   9.9999939316669273e-01   5.9999999946800997e-01   2.8662242970937489e-08   0.0000000000000000e+00   0.0000000000000000e+00
0221   8.5742187500000000e-01   9.9999937377578907e-01   5.9999999945083105e-01   2.8118372725857023e-08   0.0000000000000000e+00   0.0000000000000000e+00
0222   8.6132812500000000e-01   9.9999935476215995e-01   5.9999999943400495e-01   2.7557511585658843e-08   0.0000000000000000e+00   0.0000000000000000e+00
0223   8.6523437500000000e-01   9.9999933613720393e-01   5.9999999941754145e-01   2.6980007086514906e-08   0.0000000000000000e+00   0.0000000000000000e+00
0224   8.6914062500000000e-01   9.9999931791215990e-01   5.9999999940144921e-01   2.6386216964621907e-08   0.0000000000000000e+00   0.0000000000000000e+00
0225   8.7304687500000000e-01   9.9999930009799676e-01   5.9999999938573711e-01   2.5776508099652019e-08   0.0000000000000000e+00   0.0000000000000000e+00
0226   8.7695312500000000e-01   9.9999928270545291e-01   5.9999999937041315e-01   2.5151255799404946e-08   0.0000000000000000e+00   0.0000000000000000e+00
0227   8.8085937500000000e-01   9.9999926574497844e-01   5.9999999935548509e-01   2.4510843872628301e-08   0.0000000000000000e+00   0.0000000000000000e+00
0228   8.8476562500000000e-01   9.9999924922682848e-01   5.9999999934096038e-01   2.3855664670222755e-08   0.0000000000000000e+00   0.0000000000000000e+00
0229   8.8867187500000000e-01   9.9999923316090900e-01   5.9999999932684622e-01   2.3186118908439740e-08   0.0000000000000000e+00   0.0000000000000000e+00
0230   8.9257812500000000e-01   9.9999921755695531e-01   5.9999999931315007e-01   2.2502614901341738e-08   0.0000000000000000e+00   0.0000000000000000e+00
0231   8.9648437500000000e-01   9.9999920242429829e-01   5.9999999929987780e-01   2.1805569214232495e-08   0.0000000000000000e+00   0.0000000000000000e+00
0232   9.0039062500000000e-01   9.9999918777207453e-01   5.9999999928703618e-01   2.1095404453459089e-08   0.0000000000000000e+00   0.0000000000000000e+00
0233   9.0429687500000000e-01   9.9999917360912594e-01   5.9999999927463177e-01   2.0372551718130758e-08   0.0000000000000000e+00   0.0000000000000000e+00
0234   9.0820312500000000e-01   9.9999915994395405e-01   5.9999999926267022e-01   1.9637448809452563e-08   0.0000000000000000e+00   0.0000000000000000e+00
0235   9.1210937500000000e-01   9.9999914678478874e-01   5.9999999925115743e-01   1.8890540046685911e-08   0.0000000000000000e+00   0.0000000000000000e+00
0236   9.1601562500000000e-01   9.9999913413960673e-01   5.9999999924009895e-01   1.8132276869943638e-08   0.0000000000000000e+00   0.0000000000000000e+00
0237   9.1992187500000000e-01   9.9999912201600105e-01   5.9999999922950042e-01   1.7363115913903891e-08   0.0000000000000000e+00   0.0000000000000000e+00
0238   9.2382812500000000e-01   9.9999911042124723e-01   5.9999999921936731e-01   1.6583521109284440e-08   0.0000000000000000e+00   0.0000000000000000e+00
0239   9.2773437500000000e-01   9.9999909936232889e-01   5.9999999920970437e-01   1.5793961280340681e-08   0.0000000000000000e+00   0.0000000000000000e+00
0240   9.3164062500000000e-01   9.9999908884591382e-01   5.9999999920051728e-01   1.4994911732549547e-08   0.0000000000000000e+00   0.0000000000000000e+00
0241   9.3554687500000000e-01   9.9999907887835060e-01   5.9999999919181002e-01   1.4186853049734816e-08   0.0000000000000000e+00   0.0000000000000000e+00
0242   9.3945312500000000e-01   9.9999906946565076e-01   5.9999999918358793e-01   1.3370270229962884e-08   0.0000000000000000e+00   0.0000000000000000e+00
0243   9.4335937500000000e-01   9.9999906061348653e-01   5.9999999917585567e-01   1.2545654767932897e-08   0.0000000000000000e+00   0.0000000000000000e+00
0244   9.4726562500000000e-01   9.9999905232711783e-01   5.9999999916861702e-01   1.1713501487410632e-08   0.0000000000000000e+00   0.0000000000000000e+00
0245   9.5117187500000000e-01   9.9999904461160050e-01   5.9999999916187630e-01   1.0874309884541898e-08   0.0000000000000000e+00   0.0000000000000000e+00
0246   9.5507812500000000e-01   9.9999903747160734e-01   5.9999999915563718e-01   1.0028584281736428e-08   0.0000000000000000e+00   0.0000000000000000e+00
0247   9.5898437500000000e-01   9.9999903091136388e-01   5.9999999914990310e-01   9.1768324193750759e-09   0.0000000000000000e+00   0.0000000000000000e+00
0248   9.6289062500000000e-01   9.9999902493489579e-01   5.9999999914467772e-01   8.3195658754328665e-09   0.0000000000000000e+00   0.0000000000000000e+00
0249   9.6679687500000000e-01   9.9999901954573356e-01   5.9999999913996382e-01   7.4572995186523865e-09   0.0000000000000000e+00   0.0000000000000000e+00
0250   9.7070312500000000e-01   9.9999901474717534e-01   5.9999999913576385e-01   6.5905512990371669e-09   0.0000000000000000e+00   0.0000000000000000e+00
0251   9.7460937500000000e-01   9.9999901054206353e-01   5.9999999913208113e-01   5.7198403636312388e-09   0.0000000000000000e+00   0.0000000000000000e+00
0252   9.7851562500000000e-01   9.9999900693300581e-01   5.9999999912891655e-01   4.8456960154579103e-09   0.0000000000000000e+00   0.0000000000000000e+00
0253   9.8242187500000000e-01   9.9999900392209895e-01   5.9999999912627222e-01   3.9686240530064276e-09   0.0000000000000000e+00   0.0000000000000000e+00
0254   9.8632812500000000e-01   9.9999900151118004e-01   5.9999999912415170e-01   3.0892086856049446e-09   0.0000000000000000e+00   0.0000000000000000e+00
0255   9.9023437500000000e-01   9.9999899970172457e-01   5.9999999912253432e-01   2.2078161459068328e-09   0.0000000000000000e+00   0.0000000000000000e+00
0256   9.9414062500000000e-01   9.9999899849483098e-01   5.9999999912149526e-01   1.3253953433492681e-09   0.0000000000000000e+00   0.0000000000000000e+00
0257   9.9804687500000000e-01   9.9999899789104130e-01   5.9999999912080570e-01   4.4146747968179031e-10   0.0000000000000000e+00   0.0000000000000000e+00
