# Athena++ data at time=1.222519e+02  cycle=62593  variables=prim 
# i       x1v         rho          press          vel1         vel2         vel3     
0002   1.9531250000000000e-03   9.9999896274872491e-01   5.9999996397843924e-01   1.8558187908507962e-11   0.0000000000000000e+00   0.0000000000000000e+00
0003   5.8593750000000000e-03   9.9999896337293792e-01   5.9999996399957567e-01   2.9769544745063426e-11   0.0000000000000000e+00   0.0000000000000000e+00
0004   9.7656250000000000e-03   9.9999896462100357e-01   5.9999996404180278e-01   5.2474121501265320e-11   0.0000000000000000e+00   0.0000000000000000e+00
0005   1.3671875000000000e-02   9.9999896649225417e-01   5.9999996410517553e-01   7.1877604392537010e-11   0.0000000000000000e+00   0.0000000000000000e+00
0006   1.7578125000000000e-02   9.9999896898588980e-01   5.9999996419003621e-01   9.2870603398849008e-11   0.0000000000000000e+00   0.0000000000000000e+00
0007   2.1484375000000000e-02   9.9999897210031752e-01   5.9999996429620561e-01   1.1368075260380025e-10   0.0000000000000000e+00   0.0000000000000000e+00
0008   2.5390625000000000e-02   9.9999897583390251e-01   5.9999996442387205e-01   1.3475299641281082e-10   0.0000000000000000e+00   0.0000000000000000e+00
0009   2.9296875000000000e-02   9.9999898018441924e-01   5.9999996457298621e-01   1.5584458674913558e-10   0.0000000000000000e+00   0.0000000000000000e+00
0010   3.3203125000000000e-02   9.9999898514934737e-01   5.9999996474354067e-01   1.7694983046459024e-10   0.0000000000000000e+00   0.0000000000000000e+00
0011   3.7109375000000000e-02   9.9999899072569498e-01   5.9999996493545460e-01   1.9801185982007261e-10   0.0000000000000000e+00   0.0000000000000000e+00
0012   4.1015625000000000e-02   9.9999899691013594e-01   5.9999996514863108e-01   2.1900889725266816e-10   0.0000000000000000e+00   0.0000000000000000e+00
0013   4.4921875000000000e-02   9.9999900369894201e-01   5.9999996538294942e-01   2.3991809580463578e-10   0.0000000000000000e+00   0.0000000000000000e+00
0014   4.8828125000000000e-02   9.9999901108804712e-01   5.9999996563827496e-01   2.6071890618146221e-10   0.0000000000000000e+00   0.0000000000000000e+00
0015   5.2734375000000000e-02   9.9999901907298483e-01   5.9999996591445959e-01   2.8138869257701735e-10   0.0000000000000000e+00   0.0000000000000000e+00
0016   5.6640625000000000e-02   9.9999902764897064e-01   5.9999996621134077e-01   3.0190479156055641e-10   0.0000000000000000e+00   0.0000000000000000e+00
0017   6.0546875000000000e-02   9.9999903681081725e-01   5.9999996652873988e-01   3.2224451950962178e-10   0.0000000000000000e+00   0.0000000000000000e+00
0018   6.4453125000000000e-02   9.9999904655302252e-01   5.9999996686646162e-01   3.4238875403006893e-10   0.0000000000000000e+00   0.0000000000000000e+00
0019   6.8359375000000000e-02   9.9999905686970625e-01   5.9999996722429494e-01   3.6231903011549490e-10   0.0000000000000000e+00   0.0000000000000000e+00
0020   7.2265625000000000e-02   9.9999906775466940e-01   5.9999996760201502e-01   3.8201962565243222e-10   0.0000000000000000e+00   0.0000000000000000e+00
0021   7.6171875000000000e-02   9.9999907920126030e-01   5.9999996799938360e-01   4.0147535939606779e-10   0.0000000000000000e+00   0.0000000000000000e+00
0022   8.0078125000000000e-02   9.9999909120266761e-01   5.9999996841615044e-01   4.2067042882250468e-10   0.0000000000000000e+00   0.0000000000000000e+00
0023   8.3984375000000000e-02   9.9999910375159462e-01   5.9999996885205276e-01   4.3959145442189391e-10   0.0000000000000000e+00   0.0000000000000000e+00
0024   8.7890625000000000e-02   9.9999911684048348e-01   5.9999996930681598e-01   4.5822444766269149e-10   0.0000000000000000e+00   0.0000000000000000e+00
0025   9.1796875000000000e-02   9.9999913046143274e-01   5.9999996978015435e-01   4.7655781058515193e-10   0.0000000000000000e+00   0.0000000000000000e+00
0026   9.5703125000000000e-02   9.9999914460624828e-01   5.9999997027176966e-01   4.9457963128469035e-10   0.0000000000000000e+00   0.0000000000000000e+00
0027   9.9609375000000000e-02   9.9999915926638805e-01   5.9999997078135414e-01   5.1227929692138006e-10   0.0000000000000000e+00   0.0000000000000000e+00
0028   1.0351562500000000e-01   9.9999917443301500e-01   5.9999997130858984e-01   5.2964712787234936e-10   0.0000000000000000e+00   0.0000000000000000e+00
0029   1.0742187500000000e-01   9.9999919009694260e-01   5.9999997185314735e-01   5.4667277797150272e-10   0.0000000000000000e+00   0.0000000000000000e+00
0030   1.1132812500000000e-01   9.9999920624875938e-01   5.9999997241468905e-01   5.6334761649695873e-10   0.0000000000000000e+00   0.0000000000000000e+00
0031   1.1523437500000000e-01   9.9999922287873655e-01   5.9999997299286711e-01   5.7966267193631571e-10   0.0000000000000000e+00   0.0000000000000000e+00
0032   1.1914062500000000e-01   9.9999923997682583e-01   5.9999997358732471e-01   5.9561007286495781e-10   0.0000000000000000e+00   0.0000000000000000e+00
0033   1.2304687500000000e-01   9.9999925753273178e-01   5.9999997419769591e-01   6.1118146601806780e-10   0.0000000000000000e+00   0.0000000000000000e+00
0034   1.2695312500000000e-01   9.9999927553586132e-01   5.9999997482360679e-01   6.2636978216023328e-10   0.0000000000000000e+00   0.0000000000000000e+00
0035   1.3085937500000000e-01   9.9999929397538900e-01   5.9999997546467387e-01   6.4116745727249086e-10   0.0000000000000000e+00   0.0000000000000000e+00
0036   1.3476562500000000e-01   9.9999931284017285e-01   5.9999997612050682e-01   6.5556703260141359e-10   0.0000000000000000e+00   0.0000000000000000e+00
0037   1.3867187500000000e-01   9.9999933211885428e-01   5.9999997679070671e-01   6.6956241966295299e-10   0.0000000000000000e+00   0.0000000000000000e+00
0038   1.4257812500000000e-01   9.9999935179983479e-01   5.9999997747486633e-01   6.8314665741046361e-10   0.0000000000000000e+00   0.0000000000000000e+00
0039   1.4648437500000000e-01   9.9999937187123178e-01   5.9999997817257156e-01   6.9631290474644636e-10   0.0000000000000000e+00   0.0000000000000000e+00
0040   1.5039062500000000e-01   9.9999939232099222e-01   5.9999997888340073e-01   7.0905527797064337e-10   0.0000000000000000e+00   0.0000000000000000e+00
0041   1.5429687500000000e-01   9.9999941313674967e-01   5.9999997960692453e-01   7.2136681336281812e-10   0.0000000000000000e+00   0.0000000000000000e+00
0042   1.5820312500000000e-01   9.9999943430595695e-01   5.9999998034270674e-01   7.3324178241535375e-10   0.0000000000000000e+00   0.0000000000000000e+00
0043   1.6210937500000000e-01   9.9999945581592764e-01   5.9999998109030483e-01   7.4467420057187087e-10   0.0000000000000000e+00   0.0000000000000000e+00
0044   1.6601562500000000e-01   9.9999947765367758e-01   5.9999998184926862e-01   7.5565793145624665e-10   0.0000000000000000e+00   0.0000000000000000e+00
0045   1.6992187500000000e-01   9.9999949980602454e-01   5.9999998261914256e-01   7.6618730606102313e-10   0.0000000000000000e+00   0.0000000000000000e+00
0046   1.7382812500000000e-01   9.9999952225965538e-01   5.9999998339946370e-01   7.7625643126575310e-10   0.0000000000000000e+00   0.0000000000000000e+00
0047   1.7773437500000000e-01   9.9999954500104971e-01   5.9999998418976408e-01   7.8585979548443040e-10   0.0000000000000000e+00   0.0000000000000000e+00
0048   1.8164062500000000e-01   9.9999956801648326e-01   5.9999998498956930e-01   7.9499193599845425e-10   0.0000000000000000e+00   0.0000000000000000e+00
0049   1.8554687500000000e-01   9.9999959129212379e-01   5.9999998579839953e-01   8.0364817970348901e-10   0.0000000000000000e+00   0.0000000000000000e+00
0050   1.8945312500000000e-01   9.9999961481394040e-01   5.9999998661576959e-01   8.1182265708309032e-10   0.0000000000000000e+00   0.0000000000000000e+00
0051   1.9335937500000000e-01   9.9999963856774965e-01   5.9999998744118854e-01   8.1951133854099471e-10   0.0000000000000000e+00   0.0000000000000000e+00
0052   1.9726562500000000e-01   9.9999966253925787e-01   5.9999998827416157e-01   8.2670876723922001e-10   0.0000000000000000e+00   0.0000000000000000e+00
0053   2.0117187500000000e-01   9.9999968671404815e-01   5.9999998911418861e-01   8.3341186321701204e-10   0.0000000000000000e+00   0.0000000000000000e+00
0054   2.0507812500000000e-01   9.9999971107753327e-01   5.9999998996076531e-01   8.3961496498614695e-10   0.0000000000000000e+00   0.0000000000000000e+00
0055   2.0898437500000000e-01   9.9999973561506250e-01   5.9999999081338318e-01   8.4531522077682800e-10   0.0000000000000000e+00   0.0000000000000000e+00
0056   2.1289062500000000e-01   9.9999976031183069e-01   5.9999999167153006e-01   8.5050903086369631e-10   0.0000000000000000e+00   0.0000000000000000e+00
0057   2.1679687500000000e-01   9.9999978515299182e-01   5.9999999253469039e-01   8.5519258045325552e-10   0.0000000000000000e+00   0.0000000000000000e+00
0058   2.2070312500000000e-01   9.9999981012351302e-01   5.9999999340234444e-01   8.5936392964595641e-10   0.0000000000000000e+00   0.0000000000000000e+00
0059   2.2460937500000000e-01   9.9999983520845970e-01   5.9999999427397299e-01   8.6301932117821575e-10   0.0000000000000000e+00   0.0000000000000000e+00
0060   2.2851562500000000e-01   9.9999986039267041e-01   5.9999999514904478e-01   8.6615834701061789e-10   0.0000000000000000e+00   0.0000000000000000e+00
0061   2.3242187500000000e-01   9.9999988566098286e-01   5.9999999602705256e-01   8.6877837829640012e-10   0.0000000000000000e+00   0.0000000000000000e+00
0062   2.3632812500000000e-01   9.9999991099810037e-01   5.9999999690741190e-01   8.7087554261234709e-10   0.0000000000000000e+00   0.0000000000000000e+00
0063   2.4023437500000000e-01   9.9999993638895113e-01   5.9999999778975110e-01   8.7247185116155396e-10   0.0000000000000000e+00   0.0000000000000000e+00
0064   2.4414062500000000e-01   9.9999996181785367e-01   5.9999999867313014e-01   8.7349120132175513e-10   0.0000000000000000e+00   0.0000000000000000e+00
0065   2.4804687500000000e-01   9.9999998727042061e-01   5.9999999955799432e-01   8.7416101777001216e-10   0.0000000000000000e+00   0.0000000000000000e+00
0066   2.5195312500000000e-01   1.0000000127294462e+00   6.0000000044191282e-01   8.7414347775549053e-10   0.0000000000000000e+00   0.0000000000000000e+00
0067   2.5585937500000000e-01   1.0000000381819998e+00   6.0000000132677789e-01   8.7343865372092994e-10   0.0000000000000000e+00   0.0000000000000000e+00
0068   2.5976562500000000e-01   1.0000000636108890e+00   6.0000000221015737e-01   8.7238458777212232e-10   0.0000000000000000e+00   0.0000000000000000e+00
0069   2.6367187500000000e-01   1.0000000890017466e+00   6.0000000309249701e-01   8.7075388835732971e-10   0.0000000000000000e+00   0.0000000000000000e+00
0070   2.6757812500000000e-01   1.0000001143388955e+00   6.0000000397285747e-01   8.6862224415638415e-10   0.0000000000000000e+00   0.0000000000000000e+00
0071   2.7148437500000000e-01   1.0000001396071849e+00   6.0000000485086680e-01   8.6596808695456969e-10   0.0000000000000000e+00   0.0000000000000000e+00
0072   2.7539062500000000e-01   1.0000001647914116e+00   6.0000000572594037e-01   8.6279524787706349e-10   0.0000000000000000e+00   0.0000000000000000e+00
0073   2.7929687500000000e-01   1.0000001898763531e+00   6.0000000659757102e-01   8.5910657532077318e-10   0.0000000000000000e+00   0.0000000000000000e+00
0074   2.8320312500000000e-01   1.0000002148469023e+00   6.0000000746522753e-01   8.5490269693922602e-10   0.0000000000000000e+00   0.0000000000000000e+00
0075   2.8710937500000000e-01   1.0000002396880658e+00   6.0000000832839018e-01   8.5018762693678778e-10   0.0000000000000000e+00   0.0000000000000000e+00
0076   2.9101562500000000e-01   1.0000002643847885e+00   6.0000000918653951e-01   8.4496337596172049e-10   0.0000000000000000e+00   0.0000000000000000e+00
0077   2.9492187500000000e-01   1.0000002889223212e+00   6.0000001003916015e-01   8.3923394140921093e-10   0.0000000000000000e+00   0.0000000000000000e+00
0078   2.9882812500000000e-01   1.0000003132858593e+00   6.0000001088573940e-01   8.3300254687799590e-10   0.0000000000000000e+00   0.0000000000000000e+00
0079   3.0273437500000000e-01   1.0000003374606161e+00   6.0000001172576922e-01   8.2627286029957763e-10   0.0000000000000000e+00   0.0000000000000000e+00
0080   3.0664062500000000e-01   1.0000003614321433e+00   6.0000001255874513e-01   8.1904901232999389e-10   0.0000000000000000e+00   0.0000000000000000e+00
0081   3.1054687500000000e-01   1.0000003851860115e+00   6.0000001338416686e-01   8.1133635231374638e-10   0.0000000000000000e+00   0.0000000000000000e+00
0082   3.1445312500000000e-01   1.0000004087078149e+00   6.0000001420153948e-01   8.0313843395735987e-10   0.0000000000000000e+00   0.0000000000000000e+00
0083   3.1835937500000000e-01   1.0000004319834146e+00   6.0000001501037226e-01   7.9446096042180597e-10   0.0000000000000000e+00   0.0000000000000000e+00
0084   3.2226562500000000e-01   1.0000004549988701e+00   6.0000001581018025e-01   7.8530879251981128e-10   0.0000000000000000e+00   0.0000000000000000e+00
0085   3.2617187500000000e-01   1.0000004777402816e+00   6.0000001660048297e-01   7.7568671248246317e-10   0.0000000000000000e+00   0.0000000000000000e+00
0086   3.3007812500000000e-01   1.0000005001939143e+00   6.0000001738080677e-01   7.6560077663998799e-10   0.0000000000000000e+00   0.0000000000000000e+00
0087   3.3398437500000000e-01   1.0000005223462880e+00   6.0000001815068271e-01   7.5505608444984570e-10   0.0000000000000000e+00   0.0000000000000000e+00
0088   3.3789062500000000e-01   1.0000005441839857e+00   6.0000001890964916e-01   7.4405848963860707e-10   0.0000000000000000e+00   0.0000000000000000e+00
0089   3.4179687500000000e-01   1.0000005656939777e+00   6.0000001965724914e-01   7.3261354748117249e-10   0.0000000000000000e+00   0.0000000000000000e+00
0090   3.4570312500000000e-01   1.0000005868632136e+00   6.0000002039303335e-01   7.2072724355330576e-10   0.0000000000000000e+00   0.0000000000000000e+00
0091   3.4960937500000000e-01   1.0000006076789709e+00   6.0000002111655926e-01   7.0840582160835523e-10   0.0000000000000000e+00   0.0000000000000000e+00
0092   3.5351562500000000e-01   1.0000006281287381e+00   6.0000002182739032e-01   6.9565500875502665e-10   0.0000000000000000e+00   0.0000000000000000e+00
0093   3.5742187500000000e-01   1.0000006482001473e+00   6.0000002252509788e-01   6.8248146945820915e-10   0.0000000000000000e+00   0.0000000000000000e+00
0094   3.6132812500000000e-01   1.0000006678811058e+00   6.0000002320925971e-01   6.6889160799149545e-10   0.0000000000000000e+00   0.0000000000000000e+00
0095   3.6523437500000000e-01   1.0000006871598142e+00   6.0000002387946150e-01   6.5489204110689503e-10   0.0000000000000000e+00   0.0000000000000000e+00
0096   3.6914062500000000e-01   1.0000007060246014e+00   6.0000002453529699e-01   6.4048946845334663e-10   0.0000000000000000e+00   0.0000000000000000e+00
0097   3.7304687500000000e-01   1.0000007244641425e+00   6.0000002517636652e-01   6.2569061145975082e-10   0.0000000000000000e+00   0.0000000000000000e+00
0098   3.7695312500000000e-01   1.0000007424672677e+00   6.0000002580227962e-01   6.1050292867836239e-10   0.0000000000000000e+00   0.0000000000000000e+00
0099   3.8085937500000000e-01   1.0000007600232017e+00   6.0000002641265315e-01   5.9493312724837471e-10   0.0000000000000000e+00   0.0000000000000000e+00
0100   3.8476562500000000e-01   1.0000007771213053e+00   6.0000002700711297e-01   5.7898924526641805e-10   0.0000000000000000e+00   0.0000000000000000e+00
0101   3.8867187500000000e-01   1.0000007937512607e+00   6.0000002758529369e-01   5.6267840696709939e-10   0.0000000000000000e+00   0.0000000000000000e+00
0102   3.9257812500000000e-01   1.0000008099031172e+00   6.0000002814683795e-01   5.4601016090119792e-10   0.0000000000000000e+00   0.0000000000000000e+00
0103   3.9648437500000000e-01   1.0000008255670128e+00   6.0000002869139824e-01   5.2899232446796050e-10   0.0000000000000000e+00   0.0000000000000000e+00
0104   4.0039062500000000e-01   1.0000008407336323e+00   6.0000002921863649e-01   5.1163427452047434e-10   0.0000000000000000e+00   0.0000000000000000e+00
0105   4.0429687500000000e-01   1.0000008553937798e+00   6.0000002972822397e-01   4.9394535253046161e-10   0.0000000000000000e+00   0.0000000000000000e+00
0106   4.0820312500000000e-01   1.0000008695385978e+00   6.0000003021984238e-01   4.7593617092073341e-10   0.0000000000000000e+00   0.0000000000000000e+00
0107   4.1210937500000000e-01   1.0000008831595808e+00   6.0000003069318353e-01   4.5761715784650655e-10   0.0000000000000000e+00   0.0000000000000000e+00
0108   4.1601562500000000e-01   1.0000008962484714e+00   6.0000003114794975e-01   4.3899981718065296e-10   0.0000000000000000e+00   0.0000000000000000e+00
0109   4.1992187500000000e-01   1.0000009087974373e+00   6.0000003158385495e-01   4.2009653121653631e-10   0.0000000000000000e+00   0.0000000000000000e+00
0110   4.2382812500000000e-01   1.0000009207988283e+00   6.0000003200062457e-01   4.0092002392749489e-10   0.0000000000000000e+00   0.0000000000000000e+00
0111   4.2773437500000000e-01   1.0000009322454377e+00   6.0000003239799571e-01   3.8148475754980703e-10   0.0000000000000000e+00   0.0000000000000000e+00
0112   4.3164062500000000e-01   1.0000009431303525e+00   6.0000003277571812e-01   3.6180538215272944e-10   0.0000000000000000e+00   0.0000000000000000e+00
0113   4.3554687500000000e-01   1.0000009534470373e+00   6.0000003313355355e-01   3.4189734240574027e-10   0.0000000000000000e+00   0.0000000000000000e+00
0114   4.3945312500000000e-01   1.0000009631892730e+00   6.0000003347127695e-01   3.2177703381555675e-10   0.0000000000000000e+00   0.0000000000000000e+00
0115   4.4335937500000000e-01   1.0000009723511429e+00   6.0000003378867783e-01   3.0146199292544995e-10   0.0000000000000000e+00   0.0000000000000000e+00
0116   4.4726562500000000e-01   1.0000009809271151e+00   6.0000003408556080e-01   2.8097175501384470e-10   0.0000000000000000e+00   0.0000000000000000e+00
0117   4.5117187500000000e-01   1.0000009889120858e+00   6.0000003436174676e-01   2.6032792648278389e-10   0.0000000000000000e+00   0.0000000000000000e+00
0118   4.5507812500000000e-01   1.0000009963012011e+00   6.0000003461707296e-01   2.3955391920104874e-10   0.0000000000000000e+00   0.0000000000000000e+00
0119   4.5898437500000000e-01   1.0000010030899718e+00   6.0000003485139219e-01   2.1867270771612988e-10   0.0000000000000000e+00   0.0000000000000000e+00
0120   4.6289062500000000e-01   1.0000010092744489e+00   6.0000003506456956e-01   1.9770391348242836e-10   0.0000000000000000e+00   0.0000000000000000e+00
0121   4.6679687500000000e-01   1.0000010148507910e+00   6.0000003525648404e-01   1.7667083417582716e-10   0.0000000000000000e+00   0.0000000000000000e+00
0122   4.7070312500000000e-01   1.0000010198157088e+00   6.0000003542703906e-01   1.5559517659155280e-10   0.0000000000000000e+00   0.0000000000000000e+00
0123   4.7460937500000000e-01   1.0000010241662294e+00   6.0000003557615400e-01   1.3453411026928791e-10   0.0000000000000000e+00   0.0000000000000000e+00
0124   4.7851562500000000e-01   1.0000010278998144e+00   6.0000003570382132e-01   1.1349295973288404e-10   0.0000000000000000e+00   0.0000000000000000e+00
0125   4.8242187500000000e-01   1.0000010310142233e+00   6.0000003580999128e-01   9.2715296194757274e-11   0.0000000000000000e+00   0.0000000000000000e+00
0126   4.8632812500000000e-01   1.0000010335078853e+00   6.0000003589485285e-01   7.1755137070148816e-11   0.0000000000000000e+00   0.0000000000000000e+00
0127   4.9023437500000000e-01   1.0000010353791187e+00   6.0000003595822660e-01   5.2385668346297477e-11   0.0000000000000000e+00   0.0000000000000000e+00
0128   4.9414062500000000e-01   1.0000010366271961e+00   6.0000003600045415e-01   2.9715586458752203e-11   0.0000000000000000e+00   0.0000000000000000e+00
0129   4.9804687500000000e-01   1.0000010372513923e+00   6.0000003602159013e-01   1.8539402226727015e-11   0.0000000000000000e+00   0.0000000000000000e+00
0130   5.0195312500000000e-01   1.0000010372513850e+00   6.0000003602159013e-01  -1.8540929714891770e-11   0.0000000000000000e+00   0.0000000000000000e+00
0131   5.0585937500000000e-01   1.0000010366272059e+00   6.0000003600045371e-01  -2.9717411992893524e-11   0.0000000000000000e+00   0.0000000000000000e+00
0132   5.0976562500000000e-01   1.0000010353790849e+00   6.0000003595822593e-01  -5.2387382113143167e-11   0.0000000000000000e+00   0.0000000000000000e+00
0133   5.1367187500000000e-01   1.0000010335078546e+00   6.0000003589485218e-01  -7.1756627302551433e-11   0.0000000000000000e+00   0.0000000000000000e+00
0134   5.1757812500000000e-01   1.0000010310142240e+00   6.0000003580999084e-01  -9.2716600148410981e-11   0.0000000000000000e+00   0.0000000000000000e+00
0135   5.2148437500000000e-01   1.0000010278997900e+00   6.0000003570382054e-01  -1.1349459898834877e-10   0.0000000000000000e+00   0.0000000000000000e+00
0136   5.2539062500000000e-01   1.0000010241661972e+00   6.0000003557615333e-01  -1.3453548873449822e-10   0.0000000000000000e+00   0.0000000000000000e+00
0137   5.2929687500000000e-01   1.0000010198156903e+00   6.0000003542703861e-01  -1.5559670407970769e-10   0.0000000000000000e+00   0.0000000000000000e+00
0138   5.3320312500000000e-01   1.0000010148507799e+00   6.0000003525648349e-01  -1.7667236166405319e-10   0.0000000000000000e+00   0.0000000000000000e+00
0139   5.3710937500000000e-01   1.0000010092744380e+00   6.0000003506456911e-01  -1.9770566450515110e-10   0.0000000000000000e+00   0.0000000000000000e+00
0140   5.4101562500000000e-01   1.0000010030899855e+00   6.0000003485139175e-01  -2.1867464501757525e-10   0.0000000000000000e+00   0.0000000000000000e+00
0141   5.4492187500000000e-01   1.0000009963011731e+00   6.0000003461707263e-01  -2.3955611729270220e-10   0.0000000000000000e+00   0.0000000000000000e+00
0142   5.4882812500000000e-01   1.0000009889120649e+00   6.0000003436174620e-01  -2.6033005006301745e-10   0.0000000000000000e+00   0.0000000000000000e+00
0143   5.5273437500000000e-01   1.0000009809271369e+00   6.0000003408556069e-01  -2.8097384133792350e-10   0.0000000000000000e+00   0.0000000000000000e+00
0144   5.5664062500000000e-01   1.0000009723511427e+00   6.0000003378867783e-01  -3.0146434004034383e-10   0.0000000000000000e+00   0.0000000000000000e+00
0145   5.6054687500000000e-01   1.0000009631892666e+00   6.0000003347127717e-01  -3.2177956720875207e-10   0.0000000000000000e+00   0.0000000000000000e+00
0146   5.6445312500000000e-01   1.0000009534470649e+00   6.0000003313355388e-01  -3.4190006207796728e-10   0.0000000000000000e+00   0.0000000000000000e+00
0147   5.6835937500000000e-01   1.0000009431303585e+00   6.0000003277571867e-01  -3.6180813908063699e-10   0.0000000000000000e+00   0.0000000000000000e+00
0148   5.7226562500000000e-01   1.0000009322454317e+00   6.0000003239799671e-01  -3.8148762624522612e-10   0.0000000000000000e+00   0.0000000000000000e+00
0149   5.7617187500000000e-01   1.0000009207987712e+00   6.0000003200062590e-01  -4.0092281811120167e-10   0.0000000000000000e+00   0.0000000000000000e+00
0150   5.8007812500000000e-01   1.0000009087974251e+00   6.0000003158385662e-01  -4.2009921363310580e-10   0.0000000000000000e+00   0.0000000000000000e+00
0151   5.8398437500000000e-01   1.0000008962484450e+00   6.0000003114795153e-01  -4.3900257410876410e-10   0.0000000000000000e+00   0.0000000000000000e+00
0152   5.8789062500000000e-01   1.0000008831595737e+00   6.0000003069318519e-01  -4.5762002654169284e-10   0.0000000000000000e+00   0.0000000000000000e+00
0153   5.9179687500000000e-01   1.0000008695386045e+00   6.0000003021984416e-01  -4.7593877882559188e-10   0.0000000000000000e+00   0.0000000000000000e+00
0154   5.9570312500000000e-01   1.0000008553937478e+00   6.0000002972822575e-01  -4.9394792317986195e-10   0.0000000000000000e+00   0.0000000000000000e+00
0155   5.9960937500000000e-01   1.0000008407336443e+00   6.0000002921863838e-01  -5.1163636084512549e-10   0.0000000000000000e+00   0.0000000000000000e+00
0156   6.0351562500000000e-01   1.0000008255670452e+00   6.0000002869139990e-01  -5.2899441079272135e-10   0.0000000000000000e+00   0.0000000000000000e+00
0157   6.0742187500000000e-01   1.0000008099030699e+00   6.0000002814683950e-01  -5.4601187466796157e-10   0.0000000000000000e+00   0.0000000000000000e+00
0158   6.1132812500000000e-01   1.0000007937512638e+00   6.0000002758529491e-01  -5.6268012073402982e-10   0.0000000000000000e+00   0.0000000000000000e+00
0159   6.1523437500000000e-01   1.0000007771212873e+00   6.0000002700711430e-01  -5.7899002763896402e-10   0.0000000000000000e+00   0.0000000000000000e+00
0160   6.1914062500000000e-01   1.0000007600231748e+00   6.0000002641265426e-01  -5.9493405864479539e-10   0.0000000000000000e+00   0.0000000000000000e+00
0161   6.2304687500000000e-01   1.0000007424672772e+00   6.0000002580228051e-01  -6.1050348751649810e-10   0.0000000000000000e+00   0.0000000000000000e+00
0162   6.2695312500000000e-01   1.0000007244641438e+00   6.0000002517636741e-01  -6.2569105853074443e-10   0.0000000000000000e+00   0.0000000000000000e+00
0163   6.3085937500000000e-01   1.0000007060246336e+00   6.0000002453529755e-01  -6.4048961747819782e-10   0.0000000000000000e+00   0.0000000000000000e+00
0164   6.3476562500000000e-01   1.0000006871598295e+00   6.0000002387946194e-01  -6.5489233915475012e-10   0.0000000000000000e+00   0.0000000000000000e+00
0165   6.3867187500000000e-01   1.0000006678811204e+00   6.0000002320925983e-01  -6.6889168250449247e-10   0.0000000000000000e+00   0.0000000000000000e+00
0166   6.4257812500000000e-01   1.0000006482001331e+00   6.0000002252509776e-01  -6.8248113415784524e-10   0.0000000000000000e+00   0.0000000000000000e+00
0167   6.4648437500000000e-01   1.0000006281287388e+00   6.0000002182739054e-01  -6.9565452443177755e-10   0.0000000000000000e+00   0.0000000000000000e+00
0168   6.5039062500000000e-01   1.0000006076789751e+00   6.0000002111655915e-01  -7.0840515100669332e-10   0.0000000000000000e+00   0.0000000000000000e+00
0169   6.5429687500000000e-01   1.0000005868632367e+00   6.0000002039303324e-01  -7.2072675923001396e-10   0.0000000000000000e+00   0.0000000000000000e+00
0170   6.5820312500000000e-01   1.0000005656939865e+00   6.0000001965724847e-01  -7.3261276511187838e-10   0.0000000000000000e+00   0.0000000000000000e+00
0171   6.6210937500000000e-01   1.0000005441840127e+00   6.0000001890964827e-01  -7.4405767001313281e-10   0.0000000000000000e+00   0.0000000000000000e+00
0172   6.6601562500000000e-01   1.0000005223462789e+00   6.0000001815068205e-01  -7.5505560012670786e-10   0.0000000000000000e+00   0.0000000000000000e+00
0173   6.6992187500000000e-01   1.0000005001939158e+00   6.0000001738080588e-01  -7.6560018054888872e-10   0.0000000000000000e+00   0.0000000000000000e+00
0174   6.7382812500000000e-01   1.0000004777402691e+00   6.0000001660048208e-01  -7.7568641443780793e-10   0.0000000000000000e+00   0.0000000000000000e+00
0175   6.7773437500000000e-01   1.0000004549988708e+00   6.0000001581017925e-01  -7.8530812191711685e-10   0.0000000000000000e+00   0.0000000000000000e+00
0176   6.8164062500000000e-01   1.0000004319834312e+00   6.0000001501037126e-01  -7.9446069963210613e-10   0.0000000000000000e+00   0.0000000000000000e+00
0177   6.8554687500000000e-01   1.0000004087077876e+00   6.0000001420153848e-01  -8.0313824767943438e-10   0.0000000000000000e+00   0.0000000000000000e+00
0178   6.8945312500000000e-01   1.0000003851859818e+00   6.0000001338416609e-01  -8.1133594250121728e-10   0.0000000000000000e+00   0.0000000000000000e+00
0179   6.9335937500000000e-01   1.0000003614321644e+00   6.0000001255874447e-01  -8.1904867702922022e-10   0.0000000000000000e+00   0.0000000000000000e+00
0180   6.9726562500000000e-01   1.0000003374606119e+00   6.0000001172576889e-01  -8.2627230146425826e-10   0.0000000000000000e+00   0.0000000000000000e+00
0181   7.0117187500000000e-01   1.0000003132858408e+00   6.0000001088573929e-01  -8.3300198804218508e-10   0.0000000000000000e+00   0.0000000000000000e+00
0182   7.0507812500000000e-01   1.0000002889223520e+00   6.0000001003916026e-01  -8.3923364336366305e-10   0.0000000000000000e+00   0.0000000000000000e+00
0183   7.0898437500000000e-01   1.0000002643848176e+00   6.0000000918654017e-01  -8.4496337596155412e-10   0.0000000000000000e+00   0.0000000000000000e+00
0184   7.1289062500000000e-01   1.0000002396880496e+00   6.0000000832839118e-01  -8.5018755242638314e-10   0.0000000000000000e+00   0.0000000000000000e+00
0185   7.1679687500000000e-01   1.0000002148469200e+00   6.0000000746522864e-01  -8.5490303224187098e-10   0.0000000000000000e+00   0.0000000000000000e+00
0186   7.2070312500000000e-01   1.0000001898763566e+00   6.0000000659757247e-01  -8.5910657532154246e-10   0.0000000000000000e+00   0.0000000000000000e+00
0187   7.2460937500000000e-01   1.0000001647913974e+00   6.0000000572594214e-01  -8.6279547141208286e-10   0.0000000000000000e+00   0.0000000000000000e+00
0188   7.2851562500000000e-01   1.0000001396072142e+00   6.0000000485086891e-01  -8.6596842225631995e-10   0.0000000000000000e+00   0.0000000000000000e+00
0189   7.3242187500000000e-01   1.0000001143388819e+00   6.0000000397285980e-01  -8.6862257945861314e-10   0.0000000000000000e+00   0.0000000000000000e+00
0190   7.3632812500000000e-01   1.0000000890017773e+00   6.0000000309249968e-01  -8.7075455896117133e-10   0.0000000000000000e+00   0.0000000000000000e+00
0191   7.4023437500000000e-01   1.0000000636109003e+00   6.0000000221016003e-01  -8.7238503484196263e-10   0.0000000000000000e+00   0.0000000000000000e+00
0192   7.4414062500000000e-01   1.0000000381820049e+00   6.0000000132678044e-01  -8.7343887725634025e-10   0.0000000000000000e+00   0.0000000000000000e+00
0193   7.4804687500000000e-01   1.0000000127294559e+00   6.0000000044191515e-01  -8.7414373854600565e-10   0.0000000000000000e+00   0.0000000000000000e+00
0194   7.5195312500000000e-01   9.9999998727044115e-01   5.9999999955799732e-01  -8.7416139032727928e-10   0.0000000000000000e+00   0.0000000000000000e+00
0195   7.5585937500000000e-01   9.9999996181783868e-01   5.9999999867313325e-01  -8.7349120132238513e-10   0.0000000000000000e+00   0.0000000000000000e+00
0196   7.5976562500000000e-01   9.9999993638895046e-01   5.9999999778975421e-01  -8.7247200018488583e-10   0.0000000000000000e+00   0.0000000000000000e+00
0197   7.6367187500000000e-01   9.9999991099809138e-01   5.9999999690741512e-01  -8.7087554261189245e-10   0.0000000000000000e+00   0.0000000000000000e+00
0198   7.6757812500000000e-01   9.9999988566096532e-01   5.9999999602705634e-01  -8.6877852731912898e-10   0.0000000000000000e+00   0.0000000000000000e+00
0199   7.7148437500000000e-01   9.9999986039267730e-01   5.9999999514904856e-01  -8.6615804896392261e-10   0.0000000000000000e+00   0.0000000000000000e+00
0200   7.7539062500000000e-01   9.9999983520847413e-01   5.9999999427397677e-01  -8.6301838978361529e-10   0.0000000000000000e+00   0.0000000000000000e+00
0201   7.7929687500000000e-01   9.9999981012353611e-01   5.9999999340234822e-01  -8.5936247666958536e-10   0.0000000000000000e+00   0.0000000000000000e+00
0202   7.8320312500000000e-01   9.9999978515299259e-01   5.9999999253469383e-01  -8.5519109022096591e-10   0.0000000000000000e+00   0.0000000000000000e+00
0203   7.8710937500000000e-01   9.9999976031184790e-01   5.9999999167153362e-01  -8.5050705630560420e-10   0.0000000000000000e+00   0.0000000000000000e+00
0204   7.9101562500000000e-01   9.9999973561505595e-01   5.9999999081338662e-01  -8.4531317170753488e-10   0.0000000000000000e+00   0.0000000000000000e+00
0205   7.9492187500000000e-01   9.9999971107752528e-01   5.9999998996076831e-01  -8.3961269238224527e-10   0.0000000000000000e+00   0.0000000000000000e+00
0206   7.9882812500000000e-01   9.9999968671405315e-01   5.9999998911419161e-01  -8.3340940433384380e-10   0.0000000000000000e+00   0.0000000000000000e+00
0207   8.0273437500000000e-01   9.9999966253925798e-01   5.9999998827416434e-01  -8.2670682993703033e-10   0.0000000000000000e+00   0.0000000000000000e+00
0208   8.0664062500000000e-01   9.9999963856774188e-01   5.9999998744119132e-01  -8.1950854435494432e-10   0.0000000000000000e+00   0.0000000000000000e+00
0209   8.1054687500000000e-01   9.9999961481391497e-01   5.9999998661577192e-01  -8.1182019819958945e-10   0.0000000000000000e+00   0.0000000000000000e+00
0210   8.1445312500000000e-01   9.9999959129211446e-01   5.9999998579840175e-01  -8.0364538551778294e-10   0.0000000000000000e+00   0.0000000000000000e+00
0211   8.1835937500000000e-01   9.9999956801648482e-01   5.9999998498957141e-01  -7.9498925357927062e-10   0.0000000000000000e+00   0.0000000000000000e+00
0212   8.2226562500000000e-01   9.9999954500104782e-01   5.9999998418976597e-01  -7.8585692678641065e-10   0.0000000000000000e+00   0.0000000000000000e+00
0213   8.2617187500000000e-01   9.9999952225966282e-01   5.9999998339946559e-01  -7.7625367433544001e-10   0.0000000000000000e+00   0.0000000000000000e+00
0214   8.3007812500000000e-01   9.9999949980601566e-01   5.9999998261914433e-01  -7.6618436285061279e-10   0.0000000000000000e+00   0.0000000000000000e+00
0215   8.3398437500000000e-01   9.9999947765368269e-01   5.9999998184927039e-01  -7.5565513726917396e-10   0.0000000000000000e+00   0.0000000000000000e+00
0216   8.3789062500000000e-01   9.9999945581593175e-01   5.9999998109030639e-01  -7.4467125736206416e-10   0.0000000000000000e+00   0.0000000000000000e+00
0217   8.4179687500000000e-01   9.9999943430596605e-01   5.9999998034270841e-01  -7.3323921176350185e-10   0.0000000000000000e+00   0.0000000000000000e+00
0218   8.4570312500000000e-01   9.9999941313674845e-01   5.9999997960692597e-01  -7.2136446624513783e-10   0.0000000000000000e+00   0.0000000000000000e+00
0219   8.4960937500000000e-01   9.9999939232096591e-01   5.9999997888340206e-01  -7.0905293085301364e-10   0.0000000000000000e+00   0.0000000000000000e+00
0220   8.5351562500000000e-01   9.9999937187123933e-01   5.9999997817257278e-01  -6.9631093018739648e-10   0.0000000000000000e+00   0.0000000000000000e+00
0221   8.5742187500000000e-01   9.9999935179981525e-01   5.9999997747486733e-01  -6.8314501815317898e-10   0.0000000000000000e+00   0.0000000000000000e+00
0222   8.6132812500000000e-01   9.9999933211885272e-01   5.9999997679070749e-01  -6.6956152552187216e-10   0.0000000000000000e+00   0.0000000000000000e+00
0223   8.6523437500000000e-01   9.9999931284015497e-01   5.9999997612050737e-01  -6.5556643650615495e-10   0.0000000000000000e+00   0.0000000000000000e+00
0224   8.6914062500000000e-01   9.9999929397537035e-01   5.9999997546467421e-01  -6.4116671215386964e-10   0.0000000000000000e+00   0.0000000000000000e+00
0225   8.7304687500000000e-01   9.9999927553586387e-01   5.9999997482360690e-01  -6.2636899978595396e-10   0.0000000000000000e+00   0.0000000000000000e+00
0226   8.7695312500000000e-01   9.9999925753273022e-01   5.9999997419769635e-01  -6.1118120522554542e-10   0.0000000000000000e+00   0.0000000000000000e+00
0227   8.8085937500000000e-01   9.9999923997681506e-01   5.9999997358732549e-01  -5.9560992383950525e-10   0.0000000000000000e+00   0.0000000000000000e+00
0228   8.8476562500000000e-01   9.9999922287874166e-01   5.9999997299286811e-01  -5.7966274644638110e-10   0.0000000000000000e+00   0.0000000000000000e+00
0229   8.8867187500000000e-01   9.9999920624875804e-01   5.9999997241468994e-01  -5.6334739295997895e-10   0.0000000000000000e+00   0.0000000000000000e+00
0230   8.9257812500000000e-01   9.9999919009695648e-01   5.9999997185314835e-01  -5.4667274071322587e-10   0.0000000000000000e+00   0.0000000000000000e+00
0231   8.9648437500000000e-01   9.9999917443301745e-01   5.9999997130859084e-01  -5.2964679256747204e-10   0.0000000000000000e+00   0.0000000000000000e+00
0232   9.0039062500000000e-01   9.9999915926639915e-01   5.9999997078135558e-01  -5.1227914789586020e-10   0.0000000000000000e+00   0.0000000000000000e+00
0233   9.0429687500000000e-01   9.9999914460628192e-01   5.9999997027177099e-01  -4.9457918421263568e-10   0.0000000000000000e+00   0.0000000000000000e+00
0234   9.0820312500000000e-01   9.9999913046145328e-01   5.9999996978015568e-01  -4.7655751253679278e-10   0.0000000000000000e+00   0.0000000000000000e+00
0235   9.1210937500000000e-01   9.9999911684046772e-01   5.9999996930681743e-01  -4.5822437314877888e-10   0.0000000000000000e+00   0.0000000000000000e+00
0236   9.1601562500000000e-01   9.9999910375157719e-01   5.9999996885205431e-01  -4.3959108186168033e-10   0.0000000000000000e+00   0.0000000000000000e+00
0237   9.1992187500000000e-01   9.9999909120267627e-01   5.9999996841615200e-01  -4.2067039156447785e-10   0.0000000000000000e+00   0.0000000000000000e+00
0238   9.2382812500000000e-01   9.9999907920128772e-01   5.9999996799938538e-01  -4.0147550841699143e-10   0.0000000000000000e+00   0.0000000000000000e+00
0239   9.2773437500000000e-01   9.9999906775466407e-01   5.9999996760201701e-01  -3.8202033351050263e-10   0.0000000000000000e+00   0.0000000000000000e+00
0240   9.3164062500000000e-01   9.9999905686972779e-01   5.9999996722429683e-01  -3.6231977522945352e-10   0.0000000000000000e+00   0.0000000000000000e+00
0241   9.3554687500000000e-01   9.9999904655303218e-01   5.9999996686646362e-01  -3.4238927560898073e-10   0.0000000000000000e+00   0.0000000000000000e+00
0242   9.3945312500000000e-01   9.9999903681083402e-01   5.9999996652874199e-01  -3.2224526462340829e-10   0.0000000000000000e+00   0.0000000000000000e+00
0243   9.4335937500000000e-01   9.9999902764899673e-01   5.9999996621134299e-01  -3.0190542490722263e-10   0.0000000000000000e+00   0.0000000000000000e+00
0244   9.4726562500000000e-01   9.9999901907298350e-01   5.9999996591446181e-01  -2.8138899062119966e-10   0.0000000000000000e+00   0.0000000000000000e+00
0245   9.5117187500000000e-01   9.9999901108804101e-01   5.9999996563827718e-01  -2.6071905520231177e-10   0.0000000000000000e+00   0.0000000000000000e+00
0246   9.5507812500000000e-01   9.9999900369895411e-01   5.9999996538295186e-01  -2.3991772324394476e-10   0.0000000000000000e+00   0.0000000000000000e+00
0247   9.5898437500000000e-01   9.9999899691012362e-01   5.9999996514863430e-01  -2.1900863645927116e-10   0.0000000000000000e+00   0.0000000000000000e+00
0248   9.6289062500000000e-01   9.9999899072570708e-01   5.9999996493545771e-01  -1.9801145000327444e-10   0.0000000000000000e+00   0.0000000000000000e+00
0249   9.6679687500000000e-01   9.9999898514934826e-01   5.9999996474354378e-01  -1.7694942064787861e-10   0.0000000000000000e+00   0.0000000000000000e+00
0250   9.7070312500000000e-01   9.9999898018442257e-01   5.9999996457298943e-01  -1.5584413967672072e-10   0.0000000000000000e+00   0.0000000000000000e+00
0251   9.7460937500000000e-01   9.9999897583388775e-01   5.9999996442387504e-01  -1.3475258659617389e-10   0.0000000000000000e+00   0.0000000000000000e+00
0252   9.7851562500000000e-01   9.9999897210032729e-01   5.9999996429620828e-01  -1.1367993297306728e-10   0.0000000000000000e+00   0.0000000000000000e+00
0253   9.8242187500000000e-01   9.9999896898588703e-01   5.9999996419003854e-01  -9.2869522977199233e-11   0.0000000000000000e+00   0.0000000000000000e+00
0254   9.8632812500000000e-01   9.9999896649223952e-01   5.9999996410517753e-01  -7.1876896529154656e-11   0.0000000000000000e+00   0.0000000000000000e+00
0255   9.9023437500000000e-01   9.9999896462101345e-01   5.9999996404180411e-01  -5.2473041079615874e-11   0.0000000000000000e+00   0.0000000000000000e+00
0256   9.9414062500000000e-01   9.9999896337294636e-01   5.9999996399957667e-01  -2.9768948649151555e-11   0.0000000000000000e+00   0.0000000000000000e+00
0257   9.9804687500000000e-01   9.9999896274870981e-01   5.9999996397843958e-01  -1.8557368277640133e-11   0.0000000000000000e+00   0.0000000000000000e+00
