# Athena++ data at time=7.925191e+01  cycle=40577  variables=prim 
# i       x1v         rho          press          vel1         vel2         vel3     
0002   1.9531250000000000e-03   9.9999896271090538e-01   5.9999996394062993e-01   1.8576714478915566e-11   0.0000000000000000e+00   0.0000000000000000e+00
0003   5.8593750000000000e-03   9.9999896333519744e-01   5.9999996396182798e-01   2.9751507283382867e-11   0.0000000000000000e+00   0.0000000000000000e+00
0004   9.7656250000000000e-03   9.9999896458339033e-01   5.9999996400418143e-01   5.2450887475717385e-11   0.0000000000000000e+00   0.0000000000000000e+00
0005   1.3671875000000000e-02   9.9999896645481823e-01   5.9999996406774148e-01   7.1838218764193083e-11   0.0000000000000000e+00   0.0000000000000000e+00
0006   1.7578125000000000e-02   9.9999896894870022e-01   5.9999996415284951e-01   9.2815733613611039e-11   0.0000000000000000e+00   0.0000000000000000e+00
0007   2.1484375000000000e-02   9.9999897206343691e-01   5.9999996425932312e-01   1.1360502998898318e-10   0.0000000000000000e+00   0.0000000000000000e+00
0008   2.5390625000000000e-02   9.9999897579737751e-01   5.9999996438734793e-01   1.3465056703998557e-10   0.0000000000000000e+00   0.0000000000000000e+00
0009   2.9296875000000000e-02   9.9999898014829869e-01   5.9999996453687066e-01   1.5570728599659951e-10   0.0000000000000000e+00   0.0000000000000000e+00
0010   3.3203125000000000e-02   9.9999898511368890e-01   5.9999996470787953e-01   1.7676841243043989e-10   0.0000000000000000e+00   0.0000000000000000e+00
0011   3.7109375000000000e-02   9.9999899069053932e-01   5.9999996490028928e-01   1.9777566203520290e-10   0.0000000000000000e+00   0.0000000000000000e+00
0012   4.1015625000000000e-02   9.9999899687550631e-01   5.9999996511399822e-01   2.1870669756503507e-10   0.0000000000000000e+00   0.0000000000000000e+00
0013   4.4921875000000000e-02   9.9999900366486871e-01   5.9999996534888045e-01   2.3953811238632760e-10   0.0000000000000000e+00   0.0000000000000000e+00
0014   4.8828125000000000e-02   9.9999901105456446e-01   5.9999996560479596e-01   2.6024913283530657e-10   0.0000000000000000e+00   0.0000000000000000e+00
0015   5.2734375000000000e-02   9.9999901904012112e-01   5.9999996588159166e-01   2.8081783013927749e-10   0.0000000000000000e+00   0.0000000000000000e+00
0016   5.6640625000000000e-02   9.9999902761673021e-01   5.9999996617909956e-01   3.0122154004603085e-10   0.0000000000000000e+00   0.0000000000000000e+00
0017   6.0546875000000000e-02   9.9999903677922752e-01   5.9999996649713627e-01   3.2143847225820032e-10   0.0000000000000000e+00   0.0000000000000000e+00
0018   6.4453125000000000e-02   9.9999904652207017e-01   5.9999996683550161e-01   3.4145002515629304e-10   0.0000000000000000e+00   0.0000000000000000e+00
0019   6.8359375000000000e-02   9.9999905683940060e-01   5.9999996719398030e-01   3.6123933493501526e-10   0.0000000000000000e+00   0.0000000000000000e+00
0020   7.2265625000000000e-02   9.9999906772499803e-01   5.9999996757234342e-01   3.8079194538781517e-10   0.0000000000000000e+00   0.0000000000000000e+00
0021   7.6171875000000000e-02   9.9999907917223330e-01   5.9999996797034993e-01   4.0009274899943634e-10   0.0000000000000000e+00   0.0000000000000000e+00
0022   8.0078125000000000e-02   9.9999909117426100e-01   5.9999996838774605e-01   4.1912929549752023e-10   0.0000000000000000e+00   0.0000000000000000e+00
0023   8.3984375000000000e-02   9.9999910372381062e-01   5.9999996882426754e-01   4.3788798107454440e-10   0.0000000000000000e+00   0.0000000000000000e+00
0024   8.7890625000000000e-02   9.9999911681329279e-01   5.9999996927963761e-01   4.5635790867843722e-10   0.0000000000000000e+00   0.0000000000000000e+00
0025   9.1796875000000000e-02   9.9999913043485278e-01   5.9999996975356906e-01   4.7452818746935529e-10   0.0000000000000000e+00   0.0000000000000000e+00
0026   9.5703125000000000e-02   9.9999914458024119e-01   5.9999997024576401e-01   4.9238832053138336e-10   0.0000000000000000e+00   0.0000000000000000e+00
0027   9.9609375000000000e-02   9.9999915924095883e-01   5.9999997075591371e-01   5.0992914728270833e-10   0.0000000000000000e+00   0.0000000000000000e+00
0028   1.0351562500000000e-01   9.9999917440812258e-01   5.9999997128370064e-01   5.2714191878868051e-10   0.0000000000000000e+00   0.0000000000000000e+00
0029   1.0742187500000000e-01   9.9999919007259497e-01   5.9999997182879694e-01   5.4401815097865690e-10   0.0000000000000000e+00   0.0000000000000000e+00
0030   1.1132812500000000e-01   9.9999920622493998e-01   5.9999997239086600e-01   5.6054906342554149e-10   0.0000000000000000e+00   0.0000000000000000e+00
0031   1.1523437500000000e-01   9.9999922285543175e-01   5.9999997296956242e-01   5.7672762125010728e-10   0.0000000000000000e+00   0.0000000000000000e+00
0032   1.1914062500000000e-01   9.9999923995403073e-01   5.9999997356453039e-01   5.9254554255852730e-10   0.0000000000000000e+00   0.0000000000000000e+00
0033   1.2304687500000000e-01   9.9999925751043772e-01   5.9999997417540696e-01   6.0799570288636232e-10   0.0000000000000000e+00   0.0000000000000000e+00
0034   1.2695312500000000e-01   9.9999927551407441e-01   5.9999997480181988e-01   6.2307073432429504e-10   0.0000000000000000e+00   0.0000000000000000e+00
0035   1.3085937500000000e-01   9.9999929395411202e-01   5.9999997544338890e-01   6.3776392912466280e-10   0.0000000000000000e+00   0.0000000000000000e+00
0036   1.3476562500000000e-01   9.9999931281938836e-01   5.9999997609972555e-01   6.5206786519225777e-10   0.0000000000000000e+00   0.0000000000000000e+00
0037   1.3867187500000000e-01   9.9999933209858449e-01   5.9999997677043382e-01   6.6597529853122715e-10   0.0000000000000000e+00   0.0000000000000000e+00
0038   1.4257812500000000e-01   9.9999935178008015e-01   5.9999997745510869e-01   6.7947934204052436e-10   0.0000000000000000e+00   0.0000000000000000e+00
0039   1.4648437500000000e-01   9.9999937185200416e-01   5.9999997815333816e-01   6.9257393644502722e-10   0.0000000000000000e+00   0.0000000000000000e+00
0040   1.5039062500000000e-01   9.9999939230228896e-01   5.9999997886470291e-01   7.0525118569750571e-10   0.0000000000000000e+00   0.0000000000000000e+00
0041   1.5429687500000000e-01   9.9999941311858620e-01   5.9999997958877549e-01   7.1750479616679069e-10   0.0000000000000000e+00   0.0000000000000000e+00
0042   1.5820312500000000e-01   9.9999943428838078e-01   5.9999998032512114e-01   7.2932807019506417e-10   0.0000000000000000e+00   0.0000000000000000e+00
0043   1.6210937500000000e-01   9.9999945579892235e-01   5.9999998107329833e-01   7.4071431488461410e-10   0.0000000000000000e+00   0.0000000000000000e+00
0044   1.6601562500000000e-01   9.9999947763726527e-01   5.9999998183285863e-01   7.5165698358121348e-10   0.0000000000000000e+00   0.0000000000000000e+00
0045   1.6992187500000000e-01   9.9999949979023839e-01   5.9999998260334675e-01   7.6214951269310009e-10   0.0000000000000000e+00   0.0000000000000000e+00
0046   1.7382812500000000e-01   9.9999952224449185e-01   5.9999998338430027e-01   7.7218638123139328e-10   0.0000000000000000e+00   0.0000000000000000e+00
0047   1.7773437500000000e-01   9.9999954498653254e-01   5.9999998417525147e-01   7.8176107129470331e-10   0.0000000000000000e+00   0.0000000000000000e+00
0048   1.8164062500000000e-01   9.9999956800263901e-01   5.9999998497572604e-01   7.9086748642585438e-10   0.0000000000000000e+00   0.0000000000000000e+00
0049   1.8554687500000000e-01   9.9999959127896887e-01   5.9999998578524361e-01   7.9950031980220246e-10   0.0000000000000000e+00   0.0000000000000000e+00
0050   1.8945312500000000e-01   9.9999961480148858e-01   5.9999998660331899e-01   8.0765407411383764e-10   0.0000000000000000e+00   0.0000000000000000e+00
0051   1.9335937500000000e-01   9.9999963855601215e-01   5.9999998742946070e-01   8.1532352724770090e-10   0.0000000000000000e+00   0.0000000000000000e+00
0052   1.9726562500000000e-01   9.9999966252827110e-01   5.9999998826317269e-01   8.2250396717003284e-10   0.0000000000000000e+00   0.0000000000000000e+00
0053   2.0117187500000000e-01   9.9999968670380412e-01   5.9999998910395369e-01   8.2919093516331382e-10   0.0000000000000000e+00   0.0000000000000000e+00
0054   2.0507812500000000e-01   9.9999971106806496e-01   5.9999998995129855e-01   8.3538025970000288e-10   0.0000000000000000e+00   0.0000000000000000e+00
0055   2.0898437500000000e-01   9.9999973560638056e-01   5.9999999080469790e-01   8.4106700243412024e-10   0.0000000000000000e+00   0.0000000000000000e+00
0056   2.1289062500000000e-01   9.9999976030393711e-01   5.9999999166363827e-01   8.4624946345513417e-10   0.0000000000000000e+00   0.0000000000000000e+00
0057   2.1679687500000000e-01   9.9999978514589760e-01   5.9999999252760239e-01   8.5092293361736992e-10   0.0000000000000000e+00   0.0000000000000000e+00
0058   2.2070312500000000e-01   9.9999981011724082e-01   5.9999999339607024e-01   8.5508577088312994e-10   0.0000000000000000e+00   0.0000000000000000e+00
0059   2.2460937500000000e-01   9.9999983520299829e-01   5.9999999426852069e-01   8.5873421780313100e-10   0.0000000000000000e+00   0.0000000000000000e+00
0060   2.2851562500000000e-01   9.9999986038804434e-01   5.9999999514442137e-01   8.6186797799622821e-10   0.0000000000000000e+00   0.0000000000000000e+00
0061   2.3242187500000000e-01   9.9999988565718190e-01   5.9999999602326382e-01   8.6448408707711028e-10   0.0000000000000000e+00   0.0000000000000000e+00
0062   2.3632812500000000e-01   9.9999991099515306e-01   5.9999999690446226e-01   8.6657949236662735e-10   0.0000000000000000e+00   0.0000000000000000e+00
0063   2.4023437500000000e-01   9.9999993638684603e-01   5.9999999778764523e-01   8.6817557119040307e-10   0.0000000000000000e+00   0.0000000000000000e+00
0064   2.4414062500000000e-01   9.9999996181658735e-01   5.9999999867186760e-01   8.6919674289319935e-10   0.0000000000000000e+00   0.0000000000000000e+00
0065   2.4804687500000000e-01   9.9999998727000738e-01   5.9999999955758521e-01   8.6987155111881988e-10   0.0000000000000000e+00   0.0000000000000000e+00
0066   2.5195312500000000e-01   1.0000000127298772e+00   6.0000000044234070e-01   8.6986071725674280e-10   0.0000000000000000e+00   0.0000000000000000e+00
0067   2.5585937500000000e-01   1.0000000381832863e+00   6.0000000132805931e-01   8.6916368039988401e-10   0.0000000000000000e+00   0.0000000000000000e+00
0068   2.5976562500000000e-01   1.0000000636130122e+00   6.0000000221228189e-01   8.6812053460702748e-10   0.0000000000000000e+00   0.0000000000000000e+00
0069   2.6367187500000000e-01   1.0000000890047143e+00   6.0000000309546475e-01   8.6650228503571476e-10   0.0000000000000000e+00   0.0000000000000000e+00
0070   2.6757812500000000e-01   1.0000001143427046e+00   6.0000000397666364e-01   8.6438502979054767e-10   0.0000000000000000e+00   0.0000000000000000e+00
0071   2.7148437500000000e-01   1.0000001396118379e+00   6.0000000485550686e-01   8.6174667960484356e-10   0.0000000000000000e+00   0.0000000000000000e+00
0072   2.7539062500000000e-01   1.0000001647968724e+00   6.0000000573140866e-01   8.5859154981280231e-10   0.0000000000000000e+00   0.0000000000000000e+00
0073   2.7929687500000000e-01   1.0000001898826283e+00   6.0000000660386033e-01   8.5492174393193178e-10   0.0000000000000000e+00   0.0000000000000000e+00
0074   2.8320312500000000e-01   1.0000002148540001e+00   6.0000000747232962e-01   8.5073882111703330e-10   0.0000000000000000e+00   0.0000000000000000e+00
0075   2.8710937500000000e-01   1.0000002396959511e+00   6.0000000833629563e-01   8.4604556631934282e-10   0.0000000000000000e+00   0.0000000000000000e+00
0076   2.9101562500000000e-01   1.0000002643935091e+00   6.0000000919523744e-01   8.4084421390488786e-10   0.0000000000000000e+00   0.0000000000000000e+00
0077   2.9492187500000000e-01   1.0000002889318167e+00   6.0000001004863834e-01   8.3513816538985360e-10   0.0000000000000000e+00   0.0000000000000000e+00
0078   2.9882812500000000e-01   1.0000003132961062e+00   6.0000001089598498e-01   8.2893146422951193e-10   0.0000000000000000e+00   0.0000000000000000e+00
0079   3.0273437500000000e-01   1.0000003374716264e+00   6.0000001173676820e-01   8.2222766684021413e-10   0.0000000000000000e+00   0.0000000000000000e+00
0080   3.0664062500000000e-01   1.0000003614438628e+00   6.0000001257048174e-01   8.1503123945087240e-10   0.0000000000000000e+00   0.0000000000000000e+00
0081   3.1054687500000000e-01   1.0000003851984596e+00   6.0000001339662534e-01   8.0734682383795799e-10   0.0000000000000000e+00   0.0000000000000000e+00
0082   3.1445312500000000e-01   1.0000004087209662e+00   6.0000001421470250e-01   7.9917905443663123e-10   0.0000000000000000e+00   0.0000000000000000e+00
0083   3.1835937500000000e-01   1.0000004319972671e+00   6.0000001502422251e-01   7.9053318767005111e-10   0.0000000000000000e+00   0.0000000000000000e+00
0084   3.2226562500000000e-01   1.0000004550133788e+00   6.0000001582469931e-01   7.8141430823593256e-10   0.0000000000000000e+00   0.0000000000000000e+00
0085   3.2617187500000000e-01   1.0000004777554434e+00   6.0000001661565250e-01   7.7182891250053609e-10   0.0000000000000000e+00   0.0000000000000000e+00
0086   3.3007812500000000e-01   1.0000005002097179e+00   6.0000001739660813e-01   7.6178193951047068e-10   0.0000000000000000e+00   0.0000000000000000e+00
0087   3.3398437500000000e-01   1.0000005223627053e+00   6.0000001816709780e-01   7.5127979308259227e-10   0.0000000000000000e+00   0.0000000000000000e+00
0088   3.3789062500000000e-01   1.0000005442009909e+00   6.0000001892665977e-01   7.4032855090419332e-10   0.0000000000000000e+00   0.0000000000000000e+00
0089   3.4179687500000000e-01   1.0000005657115649e+00   6.0000001967483874e-01   7.2893447655531055e-10   0.0000000000000000e+00   0.0000000000000000e+00
0090   3.4570312500000000e-01   1.0000005868813822e+00   6.0000002041118583e-01   7.1710433844454159e-10   0.0000000000000000e+00   0.0000000000000000e+00
0091   3.4960937500000000e-01   1.0000006076976773e+00   6.0000002113525963e-01   7.0484438080668937e-10   0.0000000000000000e+00   0.0000000000000000e+00
0092   3.5351562500000000e-01   1.0000006281479585e+00   6.0000002184662560e-01   6.9216200775753753e-10   0.0000000000000000e+00   0.0000000000000000e+00
0093   3.5742187500000000e-01   1.0000006482199033e+00   6.0000002254485707e-01   6.7906325092958013e-10   0.0000000000000000e+00   0.0000000000000000e+00
0094   3.6132812500000000e-01   1.0000006679013806e+00   6.0000002322953383e-01   6.6555518573180005e-10   0.0000000000000000e+00   0.0000000000000000e+00
0095   3.6523437500000000e-01   1.0000006871806106e+00   6.0000002390024398e-01   6.5164472751151586e-10   0.0000000000000000e+00   0.0000000000000000e+00
0096   3.6914062500000000e-01   1.0000007060458826e+00   6.0000002455658263e-01   6.3733894904040511e-10   0.0000000000000000e+00   0.0000000000000000e+00
0097   3.7304687500000000e-01   1.0000007244859215e+00   6.0000002519815376e-01   6.2264446056118305e-10   0.0000000000000000e+00   0.0000000000000000e+00
0098   3.7695312500000000e-01   1.0000007424895643e+00   6.0000002582456868e-01   6.0756905652447674e-10   0.0000000000000000e+00   0.0000000000000000e+00
0099   3.8085937500000000e-01   1.0000007600459826e+00   6.0000002643544703e-01   5.9211925840308681e-10   0.0000000000000000e+00   0.0000000000000000e+00
0100   3.8476562500000000e-01   1.0000007771445878e+00   6.0000002703041710e-01   5.7630280687353963e-10   0.0000000000000000e+00   0.0000000000000000e+00
0101   3.8867187500000000e-01   1.0000007937750792e+00   6.0000002760911531e-01   5.6012664053334521e-10   0.0000000000000000e+00   0.0000000000000000e+00
0102   3.9257812500000000e-01   1.0000008099274493e+00   6.0000002817118647e-01   5.4359889286904595e-10   0.0000000000000000e+00   0.0000000000000000e+00
0103   3.9648437500000000e-01   1.0000008255919133e+00   6.0000002871628511e-01   5.2672704664718292e-10   0.0000000000000000e+00   0.0000000000000000e+00
0104   4.0039062500000000e-01   1.0000008407590775e+00   6.0000002924407425e-01   5.0951954800903921e-10   0.0000000000000000e+00   0.0000000000000000e+00
0105   4.0429687500000000e-01   1.0000008554197970e+00   6.0000002975422639e-01   4.9198521754080722e-10   0.0000000000000000e+00   0.0000000000000000e+00
0106   4.0820312500000000e-01   1.0000008695651790e+00   6.0000003024642357e-01   4.7413217223725218e-10   0.0000000000000000e+00   0.0000000000000000e+00
0107   4.1210937500000000e-01   1.0000008831867595e+00   6.0000003072035712e-01   4.5597084097367295e-10   0.0000000000000000e+00   0.0000000000000000e+00
0108   4.1601562500000000e-01   1.0000008962762539e+00   6.0000003117572953e-01   4.3751075379894096e-10   0.0000000000000000e+00   0.0000000000000000e+00
0109   4.1992187500000000e-01   1.0000009088258321e+00   6.0000003161225324e-01   4.1876302705398530e-10   0.0000000000000000e+00   0.0000000000000000e+00
0110   4.2382812500000000e-01   1.0000009208278606e+00   6.0000003202965180e-01   3.9973896974633309e-10   0.0000000000000000e+00   0.0000000000000000e+00
0111   4.2773437500000000e-01   1.0000009322750922e+00   6.0000003242766031e-01   3.8045140562332424e-10   0.0000000000000000e+00   0.0000000000000000e+00
0112   4.3164062500000000e-01   1.0000009431606651e+00   6.0000003280602576e-01   3.6091356980871653e-10   0.0000000000000000e+00   0.0000000000000000e+00
0113   4.3554687500000000e-01   1.0000009534779917e+00   6.0000003316450623e-01   3.4113930575818101e-10   0.0000000000000000e+00   0.0000000000000000e+00
0114   4.3945312500000000e-01   1.0000009632208799e+00   6.0000003350287334e-01   3.2114411563151302e-10   0.0000000000000000e+00   0.0000000000000000e+00
0115   4.4335937500000000e-01   1.0000009723833569e+00   6.0000003382091094e-01   3.0094423282168313e-10   0.0000000000000000e+00   0.0000000000000000e+00
0116   4.4726562500000000e-01   1.0000009809599768e+00   6.0000003411842029e-01   2.8055856006682612e-10   0.0000000000000000e+00   0.0000000000000000e+00
0117   4.5117187500000000e-01   1.0000009889455468e+00   6.0000003439521721e-01   2.6000822026022636e-10   0.0000000000000000e+00   0.0000000000000000e+00
0118   4.5507812500000000e-01   1.0000009963352503e+00   6.0000003465113383e-01   2.3931603000035388e-10   0.0000000000000000e+00   0.0000000000000000e+00
0119   4.5898437500000000e-01   1.0000010031246023e+00   6.0000003488601672e-01   2.1850384699100475e-10   0.0000000000000000e+00   0.0000000000000000e+00
0120   4.6289062500000000e-01   1.0000010093095919e+00   6.0000003509972688e-01   1.9759259747216783e-10   0.0000000000000000e+00   0.0000000000000000e+00
0121   4.6679687500000000e-01   1.0000010148864455e+00   6.0000003529213752e-01   1.7660505837891696e-10   0.0000000000000000e+00   0.0000000000000000e+00
0122   4.7070312500000000e-01   1.0000010198518179e+00   6.0000003546314717e-01   1.5556398051327276e-10   0.0000000000000000e+00   0.0000000000000000e+00
0123   4.7460937500000000e-01   1.0000010242027442e+00   6.0000003561267001e-01   1.3452701858618547e-10   0.0000000000000000e+00   0.0000000000000000e+00
0124   4.7851562500000000e-01   1.0000010279366847e+00   6.0000003574069483e-01   1.1350124900320861e-10   0.0000000000000000e+00   0.0000000000000000e+00
0125   4.8242187500000000e-01   1.0000010310514036e+00   6.0000003584716854e-01   9.2731324225808159e-11   0.0000000000000000e+00   0.0000000000000000e+00
0126   4.8632812500000000e-01   1.0000010335453065e+00   6.0000003593227658e-01   7.1772976363918873e-11   0.0000000000000000e+00   0.0000000000000000e+00
0127   4.9023437500000000e-01   1.0000010354167488e+00   6.0000003599583651e-01   5.2404198071145780e-11   0.0000000000000000e+00   0.0000000000000000e+00
0128   4.9414062500000000e-01   1.0000010366649279e+00   6.0000003603818997e-01   2.9723106483628986e-11   0.0000000000000000e+00   0.0000000000000000e+00
0129   4.9804687500000000e-01   1.0000010372892016e+00   6.0000003605938768e-01   1.8566423071797309e-11   0.0000000000000000e+00   0.0000000000000000e+00
0130   5.0195312500000000e-01   1.0000010372891903e+00   6.0000003605938768e-01  -1.8568844696383775e-11   0.0000000000000000e+00   0.0000000000000000e+00
0131   5.0585937500000000e-01   1.0000010366649226e+00   6.0000003603819030e-01  -2.9725155550707589e-11   0.0000000000000000e+00   0.0000000000000000e+00
0132   5.0976562500000000e-01   1.0000010354167066e+00   6.0000003599583651e-01  -5.2406284393954890e-11   0.0000000000000000e+00   0.0000000000000000e+00
0133   5.1367187500000000e-01   1.0000010335452965e+00   6.0000003593227624e-01  -7.1774913663744238e-11   0.0000000000000000e+00   0.0000000000000000e+00
0134   5.1757812500000000e-01   1.0000010310513885e+00   6.0000003584716810e-01  -9.2733187014146091e-11   0.0000000000000000e+00   0.0000000000000000e+00
0135   5.2148437500000000e-01   1.0000010279366878e+00   6.0000003574069438e-01  -1.1350307453587831e-10   0.0000000000000000e+00   0.0000000000000000e+00
0136   5.2539062500000000e-01   1.0000010242027153e+00   6.0000003561266935e-01  -1.3452884411880814e-10   0.0000000000000000e+00   0.0000000000000000e+00
0137   5.2929687500000000e-01   1.0000010198517904e+00   6.0000003546314618e-01  -1.5556539623268217e-10   0.0000000000000000e+00   0.0000000000000000e+00
0138   5.3320312500000000e-01   1.0000010148864249e+00   6.0000003529213652e-01  -1.7660684665590098e-10   0.0000000000000000e+00   0.0000000000000000e+00
0139   5.3710937500000000e-01   1.0000010093096077e+00   6.0000003509972599e-01  -1.9759419947032183e-10   0.0000000000000000e+00   0.0000000000000000e+00
0140   5.4101562500000000e-01   1.0000010031245976e+00   6.0000003488601583e-01  -2.1850563526798302e-10   0.0000000000000000e+00   0.0000000000000000e+00
0141   5.4492187500000000e-01   1.0000009963352328e+00   6.0000003465113283e-01  -2.3931789278882586e-10   0.0000000000000000e+00   0.0000000000000000e+00
0142   5.4882812500000000e-01   1.0000009889455372e+00   6.0000003439521621e-01  -2.6001000853722663e-10   0.0000000000000000e+00   0.0000000000000000e+00
0143   5.5273437500000000e-01   1.0000009809599777e+00   6.0000003411841940e-01  -2.8056064638954570e-10   0.0000000000000000e+00   0.0000000000000000e+00
0144   5.5664062500000000e-01   1.0000009723833627e+00   6.0000003382091016e-01  -3.0094650542348274e-10   0.0000000000000000e+00   0.0000000000000000e+00
0145   5.6054687500000000e-01   1.0000009632208604e+00   6.0000003350287223e-01  -3.2114642548881651e-10   0.0000000000000000e+00   0.0000000000000000e+00
0146   5.6445312500000000e-01   1.0000009534779986e+00   6.0000003316450556e-01  -3.4114169012719019e-10   0.0000000000000000e+00   0.0000000000000000e+00
0147   5.6835937500000000e-01   1.0000009431606531e+00   6.0000003280602532e-01  -3.6091565613169584e-10   0.0000000000000000e+00   0.0000000000000000e+00
0148   5.7226562500000000e-01   1.0000009322750851e+00   6.0000003242766009e-01  -3.8045349194635903e-10   0.0000000000000000e+00   0.0000000000000000e+00
0149   5.7617187500000000e-01   1.0000009208278009e+00   6.0000003202965180e-01  -3.9974109332508879e-10   0.0000000000000000e+00   0.0000000000000000e+00
0150   5.8007812500000000e-01   1.0000009088258190e+00   6.0000003161225357e-01  -4.1876500160974874e-10   0.0000000000000000e+00   0.0000000000000000e+00
0151   5.8398437500000000e-01   1.0000008962762299e+00   6.0000003117573031e-01  -4.3751269109914536e-10   0.0000000000000000e+00   0.0000000000000000e+00
0152   5.8789062500000000e-01   1.0000008831867340e+00   6.0000003072035824e-01  -4.5597262925056895e-10   0.0000000000000000e+00   0.0000000000000000e+00
0153   5.9179687500000000e-01   1.0000008695651810e+00   6.0000003024642490e-01  -4.7413384874685796e-10   0.0000000000000000e+00   0.0000000000000000e+00
0154   5.9570312500000000e-01   1.0000008554197628e+00   6.0000002975422795e-01  -4.9198640972568779e-10   0.0000000000000000e+00   0.0000000000000000e+00
0155   5.9960937500000000e-01   1.0000008407590779e+00   6.0000002924407592e-01  -5.0952062842693143e-10   0.0000000000000000e+00   0.0000000000000000e+00
0156   6.0351562500000000e-01   1.0000008255919290e+00   6.0000002871628688e-01  -5.2672779176329014e-10   0.0000000000000000e+00   0.0000000000000000e+00
0157   6.0742187500000000e-01   1.0000008099274333e+00   6.0000002817118825e-01  -5.4359904189280837e-10   0.0000000000000000e+00   0.0000000000000000e+00
0158   6.1132812500000000e-01   1.0000007937750808e+00   6.0000002760911697e-01  -5.6012660327830336e-10   0.0000000000000000e+00   0.0000000000000000e+00
0159   6.1523437500000000e-01   1.0000007771445862e+00   6.0000002703041888e-01  -5.7630247157211766e-10   0.0000000000000000e+00   0.0000000000000000e+00
0160   6.1914062500000000e-01   1.0000007600459493e+00   6.0000002643544892e-01  -5.9211914663677664e-10   0.0000000000000000e+00   0.0000000000000000e+00
0161   6.2304687500000000e-01   1.0000007424895521e+00   6.0000002582457024e-01  -6.0756827415425980e-10   0.0000000000000000e+00   0.0000000000000000e+00
0162   6.2695312500000000e-01   1.0000007244859188e+00   6.0000002519815521e-01  -6.2264375270238892e-10   0.0000000000000000e+00   0.0000000000000000e+00
0163   6.3085937500000000e-01   1.0000007060459157e+00   6.0000002455658363e-01  -6.3733786862407151e-10   0.0000000000000000e+00   0.0000000000000000e+00
0164   6.3476562500000000e-01   1.0000006871806097e+00   6.0000002390024465e-01  -6.5164379611809899e-10   0.0000000000000000e+00   0.0000000000000000e+00
0165   6.3867187500000000e-01   1.0000006679013971e+00   6.0000002322953427e-01  -6.6555436610548020e-10   0.0000000000000000e+00   0.0000000000000000e+00
0166   6.4257812500000000e-01   1.0000006482199024e+00   6.0000002254485729e-01  -6.7906209600133011e-10   0.0000000000000000e+00   0.0000000000000000e+00
0167   6.4648437500000000e-01   1.0000006281479719e+00   6.0000002184662560e-01  -6.9216089008535186e-10   0.0000000000000000e+00   0.0000000000000000e+00
0168   6.5039062500000000e-01   1.0000006076976802e+00   6.0000002113525930e-01  -7.0484341215781210e-10   0.0000000000000000e+00   0.0000000000000000e+00
0169   6.5429687500000000e-01   1.0000005868813755e+00   6.0000002041118516e-01  -7.1710322077223442e-10   0.0000000000000000e+00   0.0000000000000000e+00
0170   6.5820312500000000e-01   1.0000005657115691e+00   6.0000001967483751e-01  -7.2893335888285708e-10   0.0000000000000000e+00   0.0000000000000000e+00
0171   6.6210937500000000e-01   1.0000005442010158e+00   6.0000001892665844e-01  -7.4032739597583215e-10   0.0000000000000000e+00   0.0000000000000000e+00
0172   6.6601562500000000e-01   1.0000005223626960e+00   6.0000001816709625e-01  -7.5127874992193558e-10   0.0000000000000000e+00   0.0000000000000000e+00
0173   6.6992187500000000e-01   1.0000005002097112e+00   6.0000001739660636e-01  -7.6178078458197581e-10   0.0000000000000000e+00   0.0000000000000000e+00
0174   6.7382812500000000e-01   1.0000004777554441e+00   6.0000001661565083e-01  -7.7182775757266244e-10   0.0000000000000000e+00   0.0000000000000000e+00
0175   6.7773437500000000e-01   1.0000004550133970e+00   6.0000001582469753e-01  -7.8141345135330745e-10   0.0000000000000000e+00   0.0000000000000000e+00
0176   6.8164062500000000e-01   1.0000004319972753e+00   6.0000001502422118e-01  -7.9053188371813318e-10   0.0000000000000000e+00   0.0000000000000000e+00
0177   6.8554687500000000e-01   1.0000004087209444e+00   6.0000001421470150e-01  -7.9917801127512089e-10   0.0000000000000000e+00   0.0000000000000000e+00
0178   6.8945312500000000e-01   1.0000003851984487e+00   6.0000001339662401e-01  -8.0734641402447547e-10   0.0000000000000000e+00   0.0000000000000000e+00
0179   6.9335937500000000e-01   1.0000003614438908e+00   6.0000001257048063e-01  -8.1503135121875183e-10   0.0000000000000000e+00   0.0000000000000000e+00
0180   6.9726562500000000e-01   1.0000003374716153e+00   6.0000001173676709e-01  -8.2222833744468018e-10   0.0000000000000000e+00   0.0000000000000000e+00
0181   7.0117187500000000e-01   1.0000003132960940e+00   6.0000001089598431e-01  -8.2893217208970679e-10   0.0000000000000000e+00   0.0000000000000000e+00
0182   7.0507812500000000e-01   1.0000002889318338e+00   6.0000001004863790e-01  -8.3513924580764614e-10   0.0000000000000000e+00   0.0000000000000000e+00
0183   7.0898437500000000e-01   1.0000002643935266e+00   6.0000000919523711e-01  -8.4084499627592970e-10   0.0000000000000000e+00   0.0000000000000000e+00
0184   7.1289062500000000e-01   1.0000002396959440e+00   6.0000000833629552e-01  -8.4604675850487893e-10   0.0000000000000000e+00   0.0000000000000000e+00
0185   7.1679687500000000e-01   1.0000002148540239e+00   6.0000000747232984e-01  -8.5074027409280888e-10   0.0000000000000000e+00   0.0000000000000000e+00
0186   7.2070312500000000e-01   1.0000001898826303e+00   6.0000000660386099e-01  -8.5492338318624641e-10   0.0000000000000000e+00   0.0000000000000000e+00
0187   7.2460937500000000e-01   1.0000001647968702e+00   6.0000000573140932e-01  -8.5859289102121648e-10   0.0000000000000000e+00   0.0000000000000000e+00
0188   7.2851562500000000e-01   1.0000001396118494e+00   6.0000000485550775e-01  -8.6174749923158052e-10   0.0000000000000000e+00   0.0000000000000000e+00
0189   7.3242187500000000e-01   1.0000001143426824e+00   6.0000000397666453e-01  -8.6438517881386290e-10   0.0000000000000000e+00   0.0000000000000000e+00
0190   7.3632812500000000e-01   1.0000000890047349e+00   6.0000000309546586e-01  -8.6650262033744517e-10   0.0000000000000000e+00   0.0000000000000000e+00
0191   7.4023437500000000e-01   1.0000000636130217e+00   6.0000000221228322e-01  -8.6812027381692822e-10   0.0000000000000000e+00   0.0000000000000000e+00
0192   7.4414062500000000e-01   1.0000000381832890e+00   6.0000000132806075e-01  -8.6916304705192040e-10   0.0000000000000000e+00   0.0000000000000000e+00
0193   7.4804687500000000e-01   1.0000000127298714e+00   6.0000000044234236e-01  -8.6985963683917050e-10   0.0000000000000000e+00   0.0000000000000000e+00
0194   7.5195312500000000e-01   9.9999998727002559e-01   5.9999999955758676e-01  -8.6987088051423493e-10   0.0000000000000000e+00   0.0000000000000000e+00
0195   7.5585937500000000e-01   9.9999996181658091e-01   5.9999999867186904e-01  -8.6919555070837109e-10   0.0000000000000000e+00   0.0000000000000000e+00
0196   7.5976562500000000e-01   9.9999993638684337e-01   5.9999999778764679e-01  -8.6817408095797326e-10   0.0000000000000000e+00   0.0000000000000000e+00
0197   7.6367187500000000e-01   9.9999991099513963e-01   5.9999999690446393e-01  -8.6657826292535786e-10   0.0000000000000000e+00   0.0000000000000000e+00
0198   7.6757812500000000e-01   9.9999988565716991e-01   5.9999999602326548e-01  -8.6448263410097611e-10   0.0000000000000000e+00   0.0000000000000000e+00
0199   7.7148437500000000e-01   9.9999986038804889e-01   5.9999999514442315e-01  -8.6186630148544267e-10   0.0000000000000000e+00   0.0000000000000000e+00
0200   7.7539062500000000e-01   9.9999983520301894e-01   5.9999999426852246e-01  -8.5873272757168233e-10   0.0000000000000000e+00   0.0000000000000000e+00
0201   7.7929687500000000e-01   9.9999981011726891e-01   5.9999999339607213e-01  -8.5508409437215932e-10   0.0000000000000000e+00   0.0000000000000000e+00
0202   7.8320312500000000e-01   9.9999978514589560e-01   5.9999999252760439e-01  -8.5092144338562419e-10   0.0000000000000000e+00   0.0000000000000000e+00
0203   7.8710937500000000e-01   9.9999976030393789e-01   5.9999999166363971e-01  -8.4624767517635287e-10   0.0000000000000000e+00   0.0000000000000000e+00
0204   7.9101562500000000e-01   9.9999973560637423e-01   5.9999999080469935e-01  -8.4106562396979207e-10   0.0000000000000000e+00   0.0000000000000000e+00
0205   7.9492187500000000e-01   9.9999971106807328e-01   5.9999998995129988e-01  -8.3537802435247449e-10   0.0000000000000000e+00   0.0000000000000000e+00
0206   7.9882812500000000e-01   9.9999968670382089e-01   5.9999998910395480e-01  -8.2918914688478068e-10   0.0000000000000000e+00   0.0000000000000000e+00
0207   8.0273437500000000e-01   9.9999966252826444e-01   5.9999998826317380e-01  -8.2250232791424148e-10   0.0000000000000000e+00   0.0000000000000000e+00
0208   8.0664062500000000e-01   9.9999963855602036e-01   5.9999998742946181e-01  -8.1532181348027230e-10   0.0000000000000000e+00   0.0000000000000000e+00
0209   8.1054687500000000e-01   9.9999961480147082e-01   5.9999998660331999e-01  -8.0765221132364565e-10   0.0000000000000000e+00   0.0000000000000000e+00
0210   8.1445312500000000e-01   9.9999959127895477e-01   5.9999998578524494e-01  -7.9949864329073367e-10   0.0000000000000000e+00   0.0000000000000000e+00
0211   8.1835937500000000e-01   9.9999956800263934e-01   5.9999998497572749e-01  -7.9086577265834948e-10   0.0000000000000000e+00   0.0000000000000000e+00
0212   8.2226562500000000e-01   9.9999954498653432e-01   5.9999998417525269e-01  -7.8175987910853699e-10   0.0000000000000000e+00   0.0000000000000000e+00
0213   8.2617187500000000e-01   9.9999952224449606e-01   5.9999998338430116e-01  -7.7218537532442341e-10   0.0000000000000000e+00   0.0000000000000000e+00
0214   8.3007812500000000e-01   9.9999949979021974e-01   5.9999998260334730e-01  -7.6214880483186525e-10   0.0000000000000000e+00   0.0000000000000000e+00
0215   8.3398437500000000e-01   9.9999947763726960e-01   5.9999998183285941e-01  -7.5165582865049991e-10   0.0000000000000000e+00   0.0000000000000000e+00
0216   8.3789062500000000e-01   9.9999945579892779e-01   5.9999998107329922e-01  -7.4071323446587175e-10   0.0000000000000000e+00   0.0000000000000000e+00
0217   8.4179687500000000e-01   9.9999943428838178e-01   5.9999998032512203e-01  -7.2932706428798708e-10   0.0000000000000000e+00   0.0000000000000000e+00
0218   8.4570312500000000e-01   9.9999941311859797e-01   5.9999997958877671e-01  -7.1750386477085195e-10   0.0000000000000000e+00   0.0000000000000000e+00
0219   8.4960937500000000e-01   9.9999939230226997e-01   5.9999997886470413e-01  -7.0525044058086506e-10   0.0000000000000000e+00   0.0000000000000000e+00
0220   8.5351562500000000e-01   9.9999937185200671e-01   5.9999997815333928e-01  -6.9257296779360823e-10   0.0000000000000000e+00   0.0000000000000000e+00
0221   8.5742187500000000e-01   9.9999935178006105e-01   5.9999997745510936e-01  -6.7947900673759992e-10   0.0000000000000000e+00   0.0000000000000000e+00
0222   8.6132812500000000e-01   9.9999933209858427e-01   5.9999997677043426e-01  -6.6597481420509998e-10   0.0000000000000000e+00   0.0000000000000000e+00
0223   8.6523437500000000e-01   9.9999931281936927e-01   5.9999997609972611e-01  -6.5206756714483664e-10   0.0000000000000000e+00   0.0000000000000000e+00
0224   8.6914062500000000e-01   9.9999929395409326e-01   5.9999997544338901e-01  -6.3776348205362070e-10   0.0000000000000000e+00   0.0000000000000000e+00
0225   8.7304687500000000e-01   9.9999927551408363e-01   5.9999997480181955e-01  -6.2307092060258501e-10   0.0000000000000000e+00   0.0000000000000000e+00
0226   8.7695312500000000e-01   9.9999925751044128e-01   5.9999997417540640e-01  -6.0799536758324090e-10   0.0000000000000000e+00   0.0000000000000000e+00
0227   8.8085937500000000e-01   9.9999923995402140e-01   5.9999997356452983e-01  -5.9254539353424986e-10   0.0000000000000000e+00   0.0000000000000000e+00
0228   8.8476562500000000e-01   9.9999922285544540e-01   5.9999997296956176e-01  -5.7672717418008520e-10   0.0000000000000000e+00   0.0000000000000000e+00
0229   8.8867187500000000e-01   9.9999920622493488e-01   5.9999997239086567e-01  -5.6054872812244324e-10   0.0000000000000000e+00   0.0000000000000000e+00
0230   8.9257812500000000e-01   9.9999919007259874e-01   5.9999997182879639e-01  -5.4401740586120790e-10   0.0000000000000000e+00   0.0000000000000000e+00
0231   8.9648437500000000e-01   9.9999917440811881e-01   5.9999997128370008e-01  -5.2714143446205538e-10   0.0000000000000000e+00   0.0000000000000000e+00
0232   9.0039062500000000e-01   9.9999915924096039e-01   5.9999997075591316e-01  -5.0992847667720759e-10   0.0000000000000000e+00   0.0000000000000000e+00
0233   9.0429687500000000e-01   9.9999914458026429e-01   5.9999997024576313e-01  -4.9238753815841016e-10   0.0000000000000000e+00   0.0000000000000000e+00
0234   9.0820312500000000e-01   9.9999913043486166e-01   5.9999996975356840e-01  -4.7452714430573295e-10   0.0000000000000000e+00   0.0000000000000000e+00
0235   9.1210937500000000e-01   9.9999911681329512e-01   5.9999996927963717e-01  -4.5635712630559461e-10   0.0000000000000000e+00   0.0000000000000000e+00
0236   9.1601562500000000e-01   9.9999910372379908e-01   5.9999996882426720e-01  -4.3788731046896336e-10   0.0000000000000000e+00   0.0000000000000000e+00
0237   9.1992187500000000e-01   9.9999909117427321e-01   5.9999996838774605e-01  -4.1912825233385865e-10   0.0000000000000000e+00   0.0000000000000000e+00
0238   9.2382812500000000e-01   9.9999907917225472e-01   5.9999996797035016e-01  -4.0009189211485604e-10   0.0000000000000000e+00   0.0000000000000000e+00
0239   9.2773437500000000e-01   9.9999906772499214e-01   5.9999996757234408e-01  -3.8079116301450840e-10   0.0000000000000000e+00   0.0000000000000000e+00
0240   9.3164062500000000e-01   9.9999905683941359e-01   5.9999996719398108e-01  -3.6123877609666846e-10   0.0000000000000000e+00   0.0000000000000000e+00
0241   9.3554687500000000e-01   9.9999904652207550e-01   5.9999996683550250e-01  -3.4144950357375809e-10   0.0000000000000000e+00   0.0000000000000000e+00
0242   9.3945312500000000e-01   9.9999903677922264e-01   5.9999996649713749e-01  -3.2143828597809634e-10   0.0000000000000000e+00   0.0000000000000000e+00
0243   9.4335937500000000e-01   9.9999902761674186e-01   5.9999996617910079e-01  -3.0122150278938370e-10   0.0000000000000000e+00   0.0000000000000000e+00
0244   9.4726562500000000e-01   9.9999901904012545e-01   5.9999996588159299e-01  -2.8081827720836026e-10   0.0000000000000000e+00   0.0000000000000000e+00
0245   9.5117187500000000e-01   9.9999901105456379e-01   5.9999996560479751e-01  -2.6024969167195734e-10   0.0000000000000000e+00   0.0000000000000000e+00
0246   9.5507812500000000e-01   9.9999900366488392e-01   5.9999996534888200e-01  -2.3953844768793657e-10   0.0000000000000000e+00   0.0000000000000000e+00
0247   9.5898437500000000e-01   9.9999899687549887e-01   5.9999996511399989e-01  -2.1870714463409690e-10   0.0000000000000000e+00   0.0000000000000000e+00
0248   9.6289062500000000e-01   9.9999899069053544e-01   5.9999996490029051e-01  -1.9777596008082530e-10   0.0000000000000000e+00   0.0000000000000000e+00
0249   9.6679687500000000e-01   9.9999898511367902e-01   5.9999996470788042e-01  -1.7676885949947228e-10   0.0000000000000000e+00   0.0000000000000000e+00
0250   9.7070312500000000e-01   9.9999898014830280e-01   5.9999996453687143e-01  -1.5570773306573398e-10   0.0000000000000000e+00   0.0000000000000000e+00
0251   9.7460937500000000e-01   9.9999897579736219e-01   5.9999996438734859e-01  -1.3465108862068214e-10   0.0000000000000000e+00   0.0000000000000000e+00
0252   9.7851562500000000e-01   9.9999897206343624e-01   5.9999996425932400e-01  -1.1360562608138276e-10   0.0000000000000000e+00   0.0000000000000000e+00
0253   9.8242187500000000e-01   9.9999896894870044e-01   5.9999996415285062e-01  -9.2816329705925644e-11   0.0000000000000000e+00   0.0000000000000000e+00
0254   9.8632812500000000e-01   9.9999896645480690e-01   5.9999996406774236e-01  -7.1839448205529087e-11   0.0000000000000000e+00   0.0000000000000000e+00
0255   9.9023437500000000e-01   9.9999896458339921e-01   5.9999996400418221e-01  -5.2451744358818014e-11   0.0000000000000000e+00   0.0000000000000000e+00
0256   9.9414062500000000e-01   9.9999896333520044e-01   5.9999996396182820e-01  -2.9752513189775121e-11   0.0000000000000000e+00   0.0000000000000000e+00
0257   9.9804687500000000e-01   9.9999896271089350e-01   5.9999996394063004e-01  -1.8577645873655403e-11   0.0000000000000000e+00   0.0000000000000000e+00
