# Athena++ data at time=1.052519e+02  cycle=53889  variables=prim 
# i       x1v         rho          press          vel1         vel2         vel3     
0002   1.9531250000000000e-03   9.9999896273388256e-01   5.9999996396360233e-01   1.8561154139290060e-11   0.0000000000000000e+00   0.0000000000000000e+00
0003   5.8593750000000000e-03   9.9999896335812344e-01   5.9999996398476085e-01   2.9752364493529824e-11   0.0000000000000000e+00   0.0000000000000000e+00
0004   9.7656250000000000e-03   9.9999896460623960e-01   5.9999996402703382e-01   5.2448455075454191e-11   0.0000000000000000e+00   0.0000000000000000e+00
0005   1.3671875000000000e-02   9.9999896647755582e-01   5.9999996409047462e-01   7.1839688232569321e-11   0.0000000000000000e+00   0.0000000000000000e+00
0006   1.7578125000000000e-02   9.9999896897127905e-01   5.9999996417542500e-01   9.2821591187167776e-11   0.0000000000000000e+00   0.0000000000000000e+00
0007   2.1484375000000000e-02   9.9999897208581656e-01   5.9999996428170499e-01   1.1361915259260777e-10   0.0000000000000000e+00   0.0000000000000000e+00
0008   2.5390625000000000e-02   9.9999897581953034e-01   5.9999996440950176e-01   1.3467742825431335e-10   0.0000000000000000e+00   0.0000000000000000e+00
0009   2.9296875000000000e-02   9.9999898017019739e-01   5.9999996455876459e-01   1.5575262660370754e-10   0.0000000000000000e+00   0.0000000000000000e+00
0010   3.3203125000000000e-02   9.9999898513529850e-01   5.9999996472948502e-01   1.7683916591968286e-10   0.0000000000000000e+00   0.0000000000000000e+00
0011   3.7109375000000000e-02   9.9999899071182874e-01   5.9999996492158081e-01   1.9787920947749585e-10   0.0000000000000000e+00   0.0000000000000000e+00
0012   4.1015625000000000e-02   9.9999899689645955e-01   5.9999996513495335e-01   2.1885079310095888e-10   0.0000000000000000e+00   0.0000000000000000e+00
0013   4.4921875000000000e-02   9.9999900368546912e-01   5.9999996536947997e-01   2.3973039889620355e-10   0.0000000000000000e+00   0.0000000000000000e+00
0014   4.8828125000000000e-02   9.9999901107479694e-01   5.9999996562502456e-01   2.6049784979723122e-10   0.0000000000000000e+00   0.0000000000000000e+00
0015   5.2734375000000000e-02   9.9999901905996214e-01   5.9999996590143712e-01   2.8113080771764509e-10   0.0000000000000000e+00   0.0000000000000000e+00
0016   5.6640625000000000e-02   9.9999902763618509e-01   5.9999996619855400e-01   3.0160586378564979e-10   0.0000000000000000e+00   0.0000000000000000e+00
0017   6.0546875000000000e-02   9.9999903679827473e-01   5.9999996651619414e-01   3.2190141447567988e-10   0.0000000000000000e+00   0.0000000000000000e+00
0018   6.4453125000000000e-02   9.9999904654072425e-01   5.9999996685416057e-01   3.4199759195839391e-10   0.0000000000000000e+00   0.0000000000000000e+00
0019   6.8359375000000000e-02   9.9999905685765822e-01   5.9999996721224091e-01   3.6187704858611366e-10   0.0000000000000000e+00   0.0000000000000000e+00
0020   7.2265625000000000e-02   9.9999906774285996e-01   5.9999996759020913e-01   3.8152395016546855e-10   0.0000000000000000e+00   0.0000000000000000e+00
0021   7.6171875000000000e-02   9.9999907918970499e-01   5.9999996798782562e-01   4.0092292886336390e-10   0.0000000000000000e+00   0.0000000000000000e+00
0022   8.0078125000000000e-02   9.9999909119135211e-01   5.9999996840483905e-01   4.2005985836291309e-10   0.0000000000000000e+00   0.0000000000000000e+00
0023   8.3984375000000000e-02   9.9999910374052148e-01   5.9999996884098550e-01   4.3892106080608222e-10   0.0000000000000000e+00   0.0000000000000000e+00
0024   8.7890625000000000e-02   9.9999911682965104e-01   5.9999996929599009e-01   4.5749362778222365e-10   0.0000000000000000e+00   0.0000000000000000e+00
0025   9.1796875000000000e-02   9.9999913045084587e-01   5.9999996976956582e-01   4.7576581201604921e-10   0.0000000000000000e+00   0.0000000000000000e+00
0026   9.5703125000000000e-02   9.9999914459589345e-01   5.9999997026141505e-01   4.9372700526706509e-10   0.0000000000000000e+00   0.0000000000000000e+00
0027   9.9609375000000000e-02   9.9999915925627025e-01   5.9999997077122924e-01   5.1136655715540150e-10   0.0000000000000000e+00   0.0000000000000000e+00
0028   1.0351562500000000e-01   9.9999917442310882e-01   5.9999997129868987e-01   5.2867475052308375e-10   0.0000000000000000e+00   0.0000000000000000e+00
0029   1.0742187500000000e-01   9.9999919008726457e-01   5.9999997184346865e-01   5.4564258013871437e-10   0.0000000000000000e+00   0.0000000000000000e+00
0030   1.1132812500000000e-01   9.9999920623929950e-01   5.9999997240522773e-01   5.6226119147599710e-10   0.0000000000000000e+00   0.0000000000000000e+00
0031   1.1523437500000000e-01   9.9999922286948972e-01   5.9999997298361984e-01   5.7852246964195056e-10   0.0000000000000000e+00   0.0000000000000000e+00
0032   1.1914062500000000e-01   9.9999923996778750e-01   5.9999997357828849e-01   5.9441839393000019e-10   0.0000000000000000e+00   0.0000000000000000e+00
0033   1.2304687500000000e-01   9.9999925752390229e-01   5.9999997418886897e-01   6.0994116965849053e-10   0.0000000000000000e+00   0.0000000000000000e+00
0034   1.2695312500000000e-01   9.9999927552724199e-01   5.9999997481498768e-01   6.2508365283314344e-10   0.0000000000000000e+00   0.0000000000000000e+00
0035   1.3085937500000000e-01   9.9999929396697718e-01   5.9999997545626227e-01   6.3983857723923075e-10   0.0000000000000000e+00   0.0000000000000000e+00
0036   1.3476562500000000e-01   9.9999931283196686e-01   5.9999997611230282e-01   6.5419855839892314e-10   0.0000000000000000e+00   0.0000000000000000e+00
0037   1.3867187500000000e-01   9.9999933211086189e-01   5.9999997678271100e-01   6.6815747034282211e-10   0.0000000000000000e+00   0.0000000000000000e+00
0038   1.4257812500000000e-01   9.9999935179204757e-01   5.9999997746708089e-01   6.8170794198618239e-10   0.0000000000000000e+00   0.0000000000000000e+00
0039   1.4648437500000000e-01   9.9999937186366683e-01   5.9999997816499906e-01   6.9484354182879046e-10   0.0000000000000000e+00   0.0000000000000000e+00
0040   1.5039062500000000e-01   9.9999939231363255e-01   5.9999997887604428e-01   7.0755775261064435e-10   0.0000000000000000e+00   0.0000000000000000e+00
0041   1.5429687500000000e-01   9.9999941312960583e-01   5.9999997959978779e-01   7.1984409473343961e-10   0.0000000000000000e+00   0.0000000000000000e+00
0042   1.5820312500000000e-01   9.9999943429905169e-01   5.9999998033579505e-01   7.3169620614329049e-10   0.0000000000000000e+00   0.0000000000000000e+00
0043   1.6210937500000000e-01   9.9999945580924221e-01   5.9999998108362296e-01   7.4310832562928873e-10   0.0000000000000000e+00   0.0000000000000000e+00
0044   1.6601562500000000e-01   9.9999947764723218e-01   5.9999998184282255e-01   7.5407398132902262e-10   0.0000000000000000e+00   0.0000000000000000e+00
0045   1.6992187500000000e-01   9.9999949979982994e-01   5.9999998261293797e-01   7.6458728052446903e-10   0.0000000000000000e+00   0.0000000000000000e+00
0046   1.7382812500000000e-01   9.9999952225370037e-01   5.9999998339350735e-01   7.7464259071751051e-10   0.0000000000000000e+00   0.0000000000000000e+00
0047   1.7773437500000000e-01   9.9999954499534227e-01   5.9999998418406231e-01   7.8423354327673242e-10   0.0000000000000000e+00   0.0000000000000000e+00
0048   1.8164062500000000e-01   9.9999956801104206e-01   5.9999998498412899e-01   7.9335478709738889e-10   0.0000000000000000e+00   0.0000000000000000e+00
0049   1.8554687500000000e-01   9.9999959128695204e-01   5.9999998579322755e-01   8.0200142539380349e-10   0.0000000000000000e+00   0.0000000000000000e+00
0050   1.8945312500000000e-01   9.9999961480904231e-01   5.9999998661087250e-01   8.1016799832478337e-10   0.0000000000000000e+00   0.0000000000000000e+00
0051   1.9335937500000000e-01   9.9999963856313101e-01   5.9999998743657335e-01   8.1784906044245888e-10   0.0000000000000000e+00   0.0000000000000000e+00
0052   1.9726562500000000e-01   9.9999966253493056e-01   5.9999998826983458e-01   8.2504030971574632e-10   0.0000000000000000e+00   0.0000000000000000e+00
0053   2.0117187500000000e-01   9.9999968671000783e-01   5.9999998911015584e-01   8.3173736211511529e-10   0.0000000000000000e+00   0.0000000000000000e+00
0054   2.0507812500000000e-01   9.9999971107379582e-01   5.9999998995703296e-01   8.3793556195205719e-10   0.0000000000000000e+00   0.0000000000000000e+00
0055   2.0898437500000000e-01   9.9999973561163236e-01   5.9999999080995647e-01   8.4363149852002858e-10   0.0000000000000000e+00   0.0000000000000000e+00
0056   2.1289062500000000e-01   9.9999976030871451e-01   5.9999999166841433e-01   8.4882153474691891e-10   0.0000000000000000e+00   0.0000000000000000e+00
0057   2.1679687500000000e-01   9.9999978515018906e-01   5.9999999253189051e-01   8.5350226556888784e-10   0.0000000000000000e+00   0.0000000000000000e+00
0058   2.2070312500000000e-01   9.9999981012103889e-01   5.9999999339986476e-01   8.5767122943215705e-10   0.0000000000000000e+00   0.0000000000000000e+00
0059   2.2460937500000000e-01   9.9999983520629865e-01   5.9999999427181694e-01   8.6132537685996683e-10   0.0000000000000000e+00   0.0000000000000000e+00
0060   2.2851562500000000e-01   9.9999986039083810e-01   5.9999999514721569e-01   8.6446318209559687e-10   0.0000000000000000e+00   0.0000000000000000e+00
0061   2.3242187500000000e-01   9.9999988565947706e-01   5.9999999602555321e-01   8.6708317112895339e-10   0.0000000000000000e+00   0.0000000000000000e+00
0062   2.3632812500000000e-01   9.9999991099693319e-01   5.9999999690624395e-01   8.6918042842070846e-10   0.0000000000000000e+00   0.0000000000000000e+00
0063   2.4023437500000000e-01   9.9999993638811713e-01   5.9999999778891733e-01   8.7077722575518779e-10   0.0000000000000000e+00   0.0000000000000000e+00
0064   2.4414062500000000e-01   9.9999996181735573e-01   5.9999999867263043e-01   8.7179772145322079e-10   0.0000000000000000e+00   0.0000000000000000e+00
0065   2.4804687500000000e-01   9.9999998727025552e-01   5.9999999955783290e-01   8.7246993679554587e-10   0.0000000000000000e+00   0.0000000000000000e+00
0066   2.5195312500000000e-01   1.0000000127296227e+00   6.0000000044208279e-01   8.7245493021829685e-10   0.0000000000000000e+00   0.0000000000000000e+00
0067   2.5585937500000000e-01   1.0000000381825118e+00   6.0000000132728604e-01   8.7175299769821985e-10   0.0000000000000000e+00   0.0000000000000000e+00
0068   2.5976562500000000e-01   1.0000000636117250e+00   6.0000000221099969e-01   8.7070292759670544e-10   0.0000000000000000e+00   0.0000000000000000e+00
0069   2.6367187500000000e-01   1.0000000890029159e+00   6.0000000309367330e-01   8.6907647096840573e-10   0.0000000000000000e+00   0.0000000000000000e+00
0070   2.6757812500000000e-01   1.0000001143404018e+00   6.0000000397436493e-01   8.6694939085115082e-10   0.0000000000000000e+00   0.0000000000000000e+00
0071   2.7148437500000000e-01   1.0000001396090281e+00   6.0000000485270333e-01   8.6430064082040296e-10   0.0000000000000000e+00   0.0000000000000000e+00
0072   2.7539062500000000e-01   1.0000001647935703e+00   6.0000000572810386e-01   8.6113397744356973e-10   0.0000000000000000e+00   0.0000000000000000e+00
0073   2.7929687500000000e-01   1.0000001898788358e+00   6.0000000660005781e-01   8.5745150409560679e-10   0.0000000000000000e+00   0.0000000000000000e+00
0074   2.8320312500000000e-01   1.0000002148497020e+00   6.0000000746803384e-01   8.5325489163375522e-10   0.0000000000000000e+00   0.0000000000000000e+00
0075   2.8710937500000000e-01   1.0000002396911754e+00   6.0000000833151179e-01   8.4854688764038493e-10   0.0000000000000000e+00   0.0000000000000000e+00
0076   2.9101562500000000e-01   1.0000002643882344e+00   6.0000000918997154e-01   8.4333099306697384e-10   0.0000000000000000e+00   0.0000000000000000e+00
0077   2.9492187500000000e-01   1.0000002889260633e+00   6.0000001004289738e-01   8.3760945437165925e-10   0.0000000000000000e+00   0.0000000000000000e+00
0078   2.9882812500000000e-01   1.0000003132898978e+00   6.0000001088977661e-01   8.3138698547453229e-10   0.0000000000000000e+00   0.0000000000000000e+00
0079   3.0273437500000000e-01   1.0000003374649504e+00   6.0000001173010054e-01   8.2466680733768649e-10   0.0000000000000000e+00   0.0000000000000000e+00
0080   3.0664062500000000e-01   1.0000003614367554e+00   6.0000001256336422e-01   8.1745357230540963e-10   0.0000000000000000e+00   0.0000000000000000e+00
0081   3.1054687500000000e-01   1.0000003851909154e+00   6.0000001338906761e-01   8.0975173569793333e-10   0.0000000000000000e+00   0.0000000000000000e+00
0082   3.1445312500000000e-01   1.0000004087129801e+00   6.0000001420671523e-01   8.0156622980917741e-10   0.0000000000000000e+00   0.0000000000000000e+00
0083   3.1835937500000000e-01   1.0000004319888653e+00   6.0000001501581623e-01   7.9290137946712804e-10   0.0000000000000000e+00   0.0000000000000000e+00
0084   3.2226562500000000e-01   1.0000004550045676e+00   6.0000001581588547e-01   7.8376320055189581e-10   0.0000000000000000e+00   0.0000000000000000e+00
0085   3.2617187500000000e-01   1.0000004777462390e+00   6.0000001660644309e-01   7.7415673623089229e-10   0.0000000000000000e+00   0.0000000000000000e+00
0086   3.3007812500000000e-01   1.0000005002001291e+00   6.0000001738701447e-01   7.6408785670959823e-10   0.0000000000000000e+00   0.0000000000000000e+00
0087   3.3398437500000000e-01   1.0000005223527328e+00   6.0000001815713200e-01   7.5356184788522839e-10   0.0000000000000000e+00   0.0000000000000000e+00
0088   3.3789062500000000e-01   1.0000005441906745e+00   6.0000001891633337e-01   7.4258415383909609e-10   0.0000000000000000e+00   0.0000000000000000e+00
0089   3.4179687500000000e-01   1.0000005657008859e+00   6.0000001966416305e-01   7.3116182025313436e-10   0.0000000000000000e+00   0.0000000000000000e+00
0090   3.4570312500000000e-01   1.0000005868703570e+00   6.0000002040017197e-01   7.1929993874693111e-10   0.0000000000000000e+00   0.0000000000000000e+00
0091   3.4960937500000000e-01   1.0000006076863395e+00   6.0000002112391759e-01   7.0700534935626767e-10   0.0000000000000000e+00   0.0000000000000000e+00
0092   3.5351562500000000e-01   1.0000006281363074e+00   6.0000002183496437e-01   6.9428385389828767e-10   0.0000000000000000e+00   0.0000000000000000e+00
0093   3.5742187500000000e-01   1.0000006482079340e+00   6.0000002253288420e-01   6.8114230331995980e-10   0.0000000000000000e+00   0.0000000000000000e+00
0094   3.6132812500000000e-01   1.0000006678891067e+00   6.0000002321725610e-01   6.6758665503603970e-10   0.0000000000000000e+00   0.0000000000000000e+00
0095   3.6523437500000000e-01   1.0000006871680203e+00   6.0000002388766638e-01   6.5362434564265159e-10   0.0000000000000000e+00   0.0000000000000000e+00
0096   3.6914062500000000e-01   1.0000007060330194e+00   6.0000002454370871e-01   6.3926147891945148e-10   0.0000000000000000e+00   0.0000000000000000e+00
0097   3.7304687500000000e-01   1.0000007244727509e+00   6.0000002518498552e-01   6.2450544712879772e-10   0.0000000000000000e+00   0.0000000000000000e+00
0098   3.7695312500000000e-01   1.0000007424760964e+00   6.0000002581110612e-01   6.0936292668770814e-10   0.0000000000000000e+00   0.0000000000000000e+00
0099   3.8085937500000000e-01   1.0000007600322316e+00   6.0000002642168848e-01   5.9384140734819902e-10   0.0000000000000000e+00   0.0000000000000000e+00
0100   3.8476562500000000e-01   1.0000007771305426e+00   6.0000002701635979e-01   5.7794795880486874e-10   0.0000000000000000e+00   0.0000000000000000e+00
0101   3.8867187500000000e-01   1.0000007937607212e+00   6.0000002759475390e-01   5.6169022712593681e-10   0.0000000000000000e+00   0.0000000000000000e+00
0102   3.9257812500000000e-01   1.0000008099127882e+00   6.0000002815651543e-01   5.4507653168136939e-10   0.0000000000000000e+00   0.0000000000000000e+00
0103   3.9648437500000000e-01   1.0000008255769171e+00   6.0000002870129654e-01   5.2811532348243976e-10   0.0000000000000000e+00   0.0000000000000000e+00
0104   4.0039062500000000e-01   1.0000008407437615e+00   6.0000002922875961e-01   5.1081471295611966e-10   0.0000000000000000e+00   0.0000000000000000e+00
0105   4.0429687500000000e-01   1.0000008554041391e+00   6.0000002973857647e-01   4.9318486147536615e-10   0.0000000000000000e+00   0.0000000000000000e+00
0106   4.0820312500000000e-01   1.0000008695491853e+00   6.0000003023042836e-01   4.7523463072210910e-10   0.0000000000000000e+00   0.0000000000000000e+00
0107   4.1210937500000000e-01   1.0000008831703997e+00   6.0000003070400687e-01   4.5697459815896091e-10   0.0000000000000000e+00   0.0000000000000000e+00
0108   4.1601562500000000e-01   1.0000008962595328e+00   6.0000003115901401e-01   4.3841574636742007e-10   0.0000000000000000e+00   0.0000000000000000e+00
0109   4.1992187500000000e-01   1.0000009088087511e+00   6.0000003159516324e-01   4.1956963830768192e-10   0.0000000000000000e+00   0.0000000000000000e+00
0110   4.2382812500000000e-01   1.0000009208103851e+00   6.0000003201217955e-01   4.0044944531959943e-10   0.0000000000000000e+00   0.0000000000000000e+00
0111   4.2773437500000000e-01   1.0000009322572332e+00   6.0000003240979860e-01   3.8106772989805224e-10   0.0000000000000000e+00   0.0000000000000000e+00
0112   4.3164062500000000e-01   1.0000009431424048e+00   6.0000003278776892e-01   3.6144022283462718e-10   0.0000000000000000e+00   0.0000000000000000e+00
0113   4.3554687500000000e-01   1.0000009534593268e+00   6.0000003314585171e-01   3.4158072985512301e-10   0.0000000000000000e+00   0.0000000000000000e+00
0114   4.3945312500000000e-01   1.0000009632018227e+00   6.0000003348382014e-01   3.2150583305787667e-10   0.0000000000000000e+00   0.0000000000000000e+00
0115   4.4335937500000000e-01   1.0000009723639258e+00   6.0000003380146172e-01   3.0123224967582083e-10   0.0000000000000000e+00   0.0000000000000000e+00
0116   4.4726562500000000e-01   1.0000009809401311e+00   6.0000003409857994e-01   2.8077962707389547e-10   0.0000000000000000e+00   0.0000000000000000e+00
0117   4.5117187500000000e-01   1.0000009889253367e+00   6.0000003437499372e-01   2.6016960923214629e-10   0.0000000000000000e+00   0.0000000000000000e+00
0118   4.5507812500000000e-01   1.0000009963146661e+00   6.0000003463053919e-01   2.3942542206534662e-10   0.0000000000000000e+00   0.0000000000000000e+00
0119   4.5898437500000000e-01   1.0000010031036490e+00   6.0000003486506681e-01   2.1856955612362305e-10   0.0000000000000000e+00   0.0000000000000000e+00
0120   4.6289062500000000e-01   1.0000010092883147e+00   6.0000003507844013e-01   1.9762249007340462e-10   0.0000000000000000e+00   0.0000000000000000e+00
0121   4.6679687500000000e-01   1.0000010148648484e+00   6.0000003527053669e-01   1.7660711210896526e-10   0.0000000000000000e+00   0.0000000000000000e+00
0122   4.7070312500000000e-01   1.0000010198299221e+00   6.0000003544125791e-01   1.5554617252078881e-10   0.0000000000000000e+00   0.0000000000000000e+00
0123   4.7460937500000000e-01   1.0000010241806057e+00   6.0000003559052129e-01   1.3449631960243316e-10   0.0000000000000000e+00   0.0000000000000000e+00
0124   4.7851562500000000e-01   1.0000010279143037e+00   6.0000003571831872e-01   1.1346395863496669e-10   0.0000000000000000e+00   0.0000000000000000e+00
0125   4.8242187500000000e-01   1.0000010310288392e+00   6.0000003582459926e-01   9.2692921949849085e-11   0.0000000000000000e+00   0.0000000000000000e+00
0126   4.8632812500000000e-01   1.0000010335225815e+00   6.0000003590955031e-01   7.1738531281168139e-11   0.0000000000000000e+00   0.0000000000000000e+00
0127   4.9023437500000000e-01   1.0000010353938846e+00   6.0000003597299167e-01   5.2375053299404600e-11   0.0000000000000000e+00   0.0000000000000000e+00
0128   4.9414062500000000e-01   1.0000010366420105e+00   6.0000003601526497e-01   2.9707608415099868e-11   0.0000000000000000e+00   0.0000000000000000e+00
0129   4.9804687500000000e-01   1.0000010372662242e+00   6.0000003603642327e-01   1.8545535191112905e-11   0.0000000000000000e+00   0.0000000000000000e+00
0130   5.0195312500000000e-01   1.0000010372662202e+00   6.0000003603642305e-01  -1.8547807793487430e-11   0.0000000000000000e+00   0.0000000000000000e+00
0131   5.0585937500000000e-01   1.0000010366420100e+00   6.0000003601526442e-01  -2.9709955528955435e-11   0.0000000000000000e+00   0.0000000000000000e+00
0132   5.0976562500000000e-01   1.0000010353938580e+00   6.0000003597299101e-01  -5.2377325901736325e-11   0.0000000000000000e+00   0.0000000000000000e+00
0133   5.1367187500000000e-01   1.0000010335225669e+00   6.0000003590954942e-01  -7.1740952906525363e-11   0.0000000000000000e+00   0.0000000000000000e+00
0134   5.1757812500000000e-01   1.0000010310288261e+00   6.0000003582459838e-01  -9.2695194552232761e-11   0.0000000000000000e+00   0.0000000000000000e+00
0135   5.2148437500000000e-01   1.0000010279142941e+00   6.0000003571831784e-01  -1.1346600770288978e-10   0.0000000000000000e+00   0.0000000000000000e+00
0136   5.2539062500000000e-01   1.0000010241805728e+00   6.0000003559052062e-01  -1.3449840592611452e-10   0.0000000000000000e+00   0.0000000000000000e+00
0137   5.2929687500000000e-01   1.0000010198299050e+00   6.0000003544125702e-01  -1.5554818433293798e-10   0.0000000000000000e+00   0.0000000000000000e+00
0138   5.3320312500000000e-01   1.0000010148648275e+00   6.0000003527053558e-01  -1.7660960824594267e-10   0.0000000000000000e+00   0.0000000000000000e+00
0139   5.3710937500000000e-01   1.0000010092883131e+00   6.0000003507843946e-01  -1.9762472542014203e-10   0.0000000000000000e+00   0.0000000000000000e+00
0140   5.4101562500000000e-01   1.0000010031036579e+00   6.0000003486506603e-01  -2.1857194049337183e-10   0.0000000000000000e+00   0.0000000000000000e+00
0141   5.4492187500000000e-01   1.0000009963146361e+00   6.0000003463053875e-01  -2.3942765741206587e-10   0.0000000000000000e+00   0.0000000000000000e+00
0142   5.4882812500000000e-01   1.0000009889253039e+00   6.0000003437499327e-01  -2.6017199360190888e-10   0.0000000000000000e+00   0.0000000000000000e+00
0143   5.5273437500000000e-01   1.0000009809401487e+00   6.0000003409857938e-01  -2.8078167614149917e-10   0.0000000000000000e+00   0.0000000000000000e+00
0144   5.5664062500000000e-01   1.0000009723639176e+00   6.0000003380146139e-01  -3.0123422423241657e-10   0.0000000000000000e+00   0.0000000000000000e+00
0145   5.6054687500000000e-01   1.0000009632018112e+00   6.0000003348381992e-01  -3.2150758407957530e-10   0.0000000000000000e+00   0.0000000000000000e+00
0146   5.6445312500000000e-01   1.0000009534593555e+00   6.0000003314585204e-01  -3.4158270441160821e-10   0.0000000000000000e+00   0.0000000000000000e+00
0147   5.6835937500000000e-01   1.0000009431423968e+00   6.0000003278776970e-01  -3.6144253269281575e-10   0.0000000000000000e+00   0.0000000000000000e+00
0148   5.7226562500000000e-01   1.0000009322572332e+00   6.0000003240979949e-01  -3.8107026329100008e-10   0.0000000000000000e+00   0.0000000000000000e+00
0149   5.7617187500000000e-01   1.0000009208103258e+00   6.0000003201218088e-01  -4.0045127085303613e-10   0.0000000000000000e+00   0.0000000000000000e+00
0150   5.8007812500000000e-01   1.0000009088087372e+00   6.0000003159516535e-01  -4.1957146384111690e-10   0.0000000000000000e+00   0.0000000000000000e+00
0151   5.8398437500000000e-01   1.0000008962595084e+00   6.0000003115901646e-01  -4.3841727385494523e-10   0.0000000000000000e+00   0.0000000000000000e+00
0152   5.8789062500000000e-01   1.0000008831703928e+00   6.0000003070400920e-01  -4.5697631192510422e-10   0.0000000000000000e+00   0.0000000000000000e+00
0153   5.9179687500000000e-01   1.0000008695491827e+00   6.0000003023043080e-01  -4.7523567388451093e-10   0.0000000000000000e+00   0.0000000000000000e+00
0154   5.9570312500000000e-01   1.0000008554041067e+00   6.0000002973857924e-01  -4.9318612817252451e-10   0.0000000000000000e+00   0.0000000000000000e+00
0155   5.9960937500000000e-01   1.0000008407437666e+00   6.0000002922876250e-01  -5.1081594239763988e-10   0.0000000000000000e+00   0.0000000000000000e+00
0156   6.0351562500000000e-01   1.0000008255769499e+00   6.0000002870129909e-01  -5.2811662743557592e-10   0.0000000000000000e+00   0.0000000000000000e+00
0157   6.0742187500000000e-01   1.0000008099127489e+00   6.0000002815651765e-01  -5.4507779837843180e-10   0.0000000000000000e+00   0.0000000000000000e+00
0158   6.1132812500000000e-01   1.0000007937607225e+00   6.0000002759475612e-01  -5.6169115852139041e-10   0.0000000000000000e+00   0.0000000000000000e+00
0159   6.1523437500000000e-01   1.0000007771305324e+00   6.0000002701636179e-01  -5.7794874117668203e-10   0.0000000000000000e+00   0.0000000000000000e+00
0160   6.1914062500000000e-01   1.0000007600322069e+00   6.0000002642169059e-01  -5.9384200344226994e-10   0.0000000000000000e+00   0.0000000000000000e+00
0161   6.2304687500000000e-01   1.0000007424760966e+00   6.0000002581110745e-01  -6.0936348552536719e-10   0.0000000000000000e+00   0.0000000000000000e+00
0162   6.2695312500000000e-01   1.0000007244727502e+00   6.0000002518498663e-01  -6.2450589419932242e-10   0.0000000000000000e+00   0.0000000000000000e+00
0163   6.3085937500000000e-01   1.0000007060330425e+00   6.0000002454370960e-01  -6.3926200050146598e-10   0.0000000000000000e+00   0.0000000000000000e+00
0164   6.3476562500000000e-01   1.0000006871680418e+00   6.0000002388766682e-01  -6.5362460643425271e-10   0.0000000000000000e+00   0.0000000000000000e+00
0165   6.3867187500000000e-01   1.0000006678891198e+00   6.0000002321725665e-01  -6.6758702759479036e-10   0.0000000000000000e+00   0.0000000000000000e+00
0166   6.4257812500000000e-01   1.0000006482079231e+00   6.0000002253288465e-01  -6.8114207978633309e-10   0.0000000000000000e+00   0.0000000000000000e+00
0167   6.4648437500000000e-01   1.0000006281363198e+00   6.0000002183496437e-01  -6.9428385389937872e-10   0.0000000000000000e+00   0.0000000000000000e+00
0168   6.5039062500000000e-01   1.0000006076863381e+00   6.0000002112391704e-01  -7.0700486503279595e-10   0.0000000000000000e+00   0.0000000000000000e+00
0169   6.5429687500000000e-01   1.0000005868703703e+00   6.0000002040017120e-01  -7.1929967795774288e-10   0.0000000000000000e+00   0.0000000000000000e+00
0170   6.5820312500000000e-01   1.0000005657008930e+00   6.0000001966416228e-01  -7.3116114965064383e-10   0.0000000000000000e+00   0.0000000000000000e+00
0171   6.6210937500000000e-01   1.0000005441907034e+00   6.0000001891633226e-01  -7.4258374402680306e-10   0.0000000000000000e+00   0.0000000000000000e+00
0172   6.6601562500000000e-01   1.0000005223527311e+00   6.0000001815713033e-01  -7.5356117728283557e-10   0.0000000000000000e+00   0.0000000000000000e+00
0173   6.6992187500000000e-01   1.0000005002001200e+00   6.0000001738701270e-01  -7.6408737238544533e-10   0.0000000000000000e+00   0.0000000000000000e+00
0174   6.7382812500000000e-01   1.0000004777462324e+00   6.0000001660644098e-01  -7.7415666172071078e-10   0.0000000000000000e+00   0.0000000000000000e+00
0175   6.7773437500000000e-01   1.0000004550045742e+00   6.0000001581588347e-01  -7.8376308878536758e-10   0.0000000000000000e+00   0.0000000000000000e+00
0176   6.8164062500000000e-01   1.0000004319888749e+00   6.0000001501581401e-01  -7.9290134221159733e-10   0.0000000000000000e+00   0.0000000000000000e+00
0177   6.8554687500000000e-01   1.0000004087129646e+00   6.0000001420671312e-01  -8.0156596901935980e-10   0.0000000000000000e+00   0.0000000000000000e+00
0178   6.8945312500000000e-01   1.0000003851908827e+00   6.0000001338906583e-01  -8.0975169844283792e-10   0.0000000000000000e+00   0.0000000000000000e+00
0179   6.9335937500000000e-01   1.0000003614367718e+00   6.0000001256336255e-01  -8.1745375858493014e-10   0.0000000000000000e+00   0.0000000000000000e+00
0180   6.9726562500000000e-01   1.0000003374649415e+00   6.0000001173009898e-01  -8.2466714264066170e-10   0.0000000000000000e+00   0.0000000000000000e+00
0181   7.0117187500000000e-01   1.0000003132898805e+00   6.0000001088977539e-01  -8.3138720900982039e-10   0.0000000000000000e+00   0.0000000000000000e+00
0182   7.0507812500000000e-01   1.0000002889260822e+00   6.0000001004289627e-01  -8.3761023674328777e-10   0.0000000000000000e+00   0.0000000000000000e+00
0183   7.0898437500000000e-01   1.0000002643882491e+00   6.0000000918997098e-01  -8.4333117934565703e-10   0.0000000000000000e+00   0.0000000000000000e+00
0184   7.1289062500000000e-01   1.0000002396911607e+00   6.0000000833151146e-01  -8.4854767001267912e-10   0.0000000000000000e+00   0.0000000000000000e+00
0185   7.1679687500000000e-01   1.0000002148497316e+00   6.0000000746803395e-01  -8.5325567400585471e-10   0.0000000000000000e+00   0.0000000000000000e+00
0186   7.2070312500000000e-01   1.0000001898788387e+00   6.0000000660005826e-01  -8.5745236097900738e-10   0.0000000000000000e+00   0.0000000000000000e+00
0187   7.2460937500000000e-01   1.0000001647935681e+00   6.0000000572810486e-01  -8.6113461079223726e-10   0.0000000000000000e+00   0.0000000000000000e+00
0188   7.2851562500000000e-01   1.0000001396090430e+00   6.0000000485270510e-01  -8.6430123691248379e-10   0.0000000000000000e+00   0.0000000000000000e+00
0189   7.3242187500000000e-01   1.0000001143403845e+00   6.0000000397436659e-01  -8.6694976340915371e-10   0.0000000000000000e+00   0.0000000000000000e+00
0190   7.3632812500000000e-01   1.0000000890029590e+00   6.0000000309367485e-01  -8.6907639645635283e-10   0.0000000000000000e+00   0.0000000000000000e+00
0191   7.4023437500000000e-01   1.0000000636117441e+00   6.0000000221100136e-01  -8.7070274131800592e-10   0.0000000000000000e+00   0.0000000000000000e+00
0192   7.4414062500000000e-01   1.0000000381825158e+00   6.0000000132728781e-01  -8.7175195453671231e-10   0.0000000000000000e+00   0.0000000000000000e+00
0193   7.4804687500000000e-01   1.0000000127296216e+00   6.0000000044208412e-01  -8.7245384980045778e-10   0.0000000000000000e+00   0.0000000000000000e+00
0194   7.5195312500000000e-01   9.9999998727027894e-01   5.9999999955783456e-01  -8.7246885637735948e-10   0.0000000000000000e+00   0.0000000000000000e+00
0195   7.5585937500000000e-01   9.9999996181734019e-01   5.9999999867263198e-01  -8.7179626847789881e-10   0.0000000000000000e+00   0.0000000000000000e+00
0196   7.5976562500000000e-01   9.9999993638811602e-01   5.9999999778891933e-01  -8.7077566101169180e-10   0.0000000000000000e+00   0.0000000000000000e+00
0197   7.6367187500000000e-01   9.9999991099692287e-01   5.9999999690624639e-01  -8.6917893818852029e-10   0.0000000000000000e+00   0.0000000000000000e+00
0198   7.6757812500000000e-01   9.9999988565946507e-01   5.9999999602555543e-01  -8.6708149461796344e-10   0.0000000000000000e+00   0.0000000000000000e+00
0199   7.7148437500000000e-01   9.9999986039084288e-01   5.9999999514721802e-01  -8.6446180363108072e-10   0.0000000000000000e+00   0.0000000000000000e+00
0200   7.7539062500000000e-01   9.9999983520631186e-01   5.9999999427181927e-01  -8.6132377486104487e-10   0.0000000000000000e+00   0.0000000000000000e+00
0201   7.7929687500000000e-01   9.9999981012105488e-01   5.9999999339986732e-01  -8.5766970194414111e-10   0.0000000000000000e+00   0.0000000000000000e+00
0202   7.8320312500000000e-01   9.9999978515018950e-01   5.9999999253189318e-01  -8.5350058905791722e-10   0.0000000000000000e+00   0.0000000000000000e+00
0203   7.8710937500000000e-01   9.9999976030872284e-01   5.9999999166841678e-01  -8.4881956018908736e-10   0.0000000000000000e+00   0.0000000000000000e+00
0204   7.9101562500000000e-01   9.9999973561162747e-01   5.9999999080995903e-01  -8.4362915140443744e-10   0.0000000000000000e+00   0.0000000000000000e+00
0205   7.9492187500000000e-01   9.9999971107379482e-01   5.9999998995703518e-01  -8.3793287953447240e-10   0.0000000000000000e+00   0.0000000000000000e+00
0206   7.9882812500000000e-01   9.9999968671001660e-01   5.9999998911015795e-01  -8.3173430713931295e-10   0.0000000000000000e+00   0.0000000000000000e+00
0207   8.0273437500000000e-01   9.9999966253492834e-01   5.9999998826983636e-01  -8.2503729199523812e-10   0.0000000000000000e+00   0.0000000000000000e+00
0208   8.0664062500000000e-01   9.9999963856312779e-01   5.9999998743657501e-01  -8.1784593095448215e-10   0.0000000000000000e+00   0.0000000000000000e+00
0209   8.1054687500000000e-01   9.9999961480901434e-01   5.9999998661087417e-01  -8.1016475706974239e-10   0.0000000000000000e+00   0.0000000000000000e+00
0210   8.1445312500000000e-01   9.9999959128694360e-01   5.9999998579322911e-01  -8.0199844492925964e-10   0.0000000000000000e+00   0.0000000000000000e+00
0211   8.1835937500000000e-01   9.9999956801104295e-01   5.9999998498413054e-01  -7.9335199291123500e-10   0.0000000000000000e+00   0.0000000000000000e+00
0212   8.2226562500000000e-01   9.9999954499534516e-01   5.9999998418406353e-01  -7.8423089811390885e-10   0.0000000000000000e+00   0.0000000000000000e+00
0213   8.2617187500000000e-01   9.9999952225370581e-01   5.9999998339350824e-01  -7.7463998281046415e-10   0.0000000000000000e+00   0.0000000000000000e+00
0214   8.3007812500000000e-01   9.9999949979980729e-01   5.9999998261293874e-01  -7.6458511968633603e-10   0.0000000000000000e+00   0.0000000000000000e+00
0215   8.3398437500000000e-01   9.9999947764723573e-01   5.9999998184282310e-01  -7.5407185774677322e-10   0.0000000000000000e+00   0.0000000000000000e+00
0216   8.3789062500000000e-01   9.9999945580924832e-01   5.9999998108362329e-01  -7.4310601576850596e-10   0.0000000000000000e+00   0.0000000000000000e+00
0217   8.4179687500000000e-01   9.9999943429905458e-01   5.9999998033579549e-01  -7.3169397079415221e-10   0.0000000000000000e+00   0.0000000000000000e+00
0218   8.4570312500000000e-01   9.9999941312960805e-01   5.9999997959978846e-01  -7.1984171036039715e-10   0.0000000000000000e+00   0.0000000000000000e+00
0219   8.4960937500000000e-01   9.9999939231360724e-01   5.9999997887604462e-01  -7.0755566628427949e-10   0.0000000000000000e+00   0.0000000000000000e+00
0220   8.5351562500000000e-01   9.9999937186366694e-01   5.9999997816499928e-01  -6.9484190257239143e-10   0.0000000000000000e+00   0.0000000000000000e+00
0221   8.5742187500000000e-01   9.9999935179203159e-01   5.9999997746708122e-01  -6.8170674979924307e-10   0.0000000000000000e+00   0.0000000000000000e+00
0222   8.6132812500000000e-01   9.9999933211086522e-01   5.9999997678271144e-01  -6.6815661345800042e-10   0.0000000000000000e+00   0.0000000000000000e+00
0223   8.6523437500000000e-01   9.9999931283195254e-01   5.9999997611230327e-01  -6.5419788779281390e-10   0.0000000000000000e+00   0.0000000000000000e+00
0224   8.6914062500000000e-01   9.9999929396696463e-01   5.9999997545626271e-01  -6.3983827919100653e-10   0.0000000000000000e+00   0.0000000000000000e+00
0225   8.7304687500000000e-01   9.9999927552724710e-01   5.9999997481498824e-01  -6.2508342929672200e-10   0.0000000000000000e+00   0.0000000000000000e+00
0226   8.7695312500000000e-01   9.9999925752390673e-01   5.9999997418886974e-01  -6.0994124416883241e-10   0.0000000000000000e+00   0.0000000000000000e+00
0227   8.8085937500000000e-01   9.9999923996777829e-01   5.9999997357828927e-01  -5.9441839392819074e-10   0.0000000000000000e+00   0.0000000000000000e+00
0228   8.8476562500000000e-01   9.9999922286949905e-01   5.9999997298362040e-01  -5.7852243238524339e-10   0.0000000000000000e+00   0.0000000000000000e+00
0229   8.8867187500000000e-01   9.9999920623929639e-01   5.9999997240522818e-01  -5.6226130324200090e-10   0.0000000000000000e+00   0.0000000000000000e+00
0230   8.9257812500000000e-01   9.9999919008727933e-01   5.9999997184346909e-01  -5.4564243111354936e-10   0.0000000000000000e+00   0.0000000000000000e+00
0231   8.9648437500000000e-01   9.9999917442311081e-01   5.9999997129869032e-01  -5.2867471326557153e-10   0.0000000000000000e+00   0.0000000000000000e+00
0232   9.0039062500000000e-01   9.9999915925627025e-01   5.9999997077122968e-01  -5.1136614733988060e-10   0.0000000000000000e+00   0.0000000000000000e+00
0233   9.0429687500000000e-01   9.9999914459592265e-01   5.9999997026141583e-01  -4.9372644642823785e-10   0.0000000000000000e+00   0.0000000000000000e+00
0234   9.0820312500000000e-01   9.9999913045086286e-01   5.9999996976956671e-01  -4.7576558847995047e-10   0.0000000000000000e+00   0.0000000000000000e+00
0235   9.1210937500000000e-01   9.9999911682964659e-01   5.9999996929599109e-01  -4.5749318071101203e-10   0.0000000000000000e+00   0.0000000000000000e+00
0236   9.1601562500000000e-01   9.9999910374051348e-01   5.9999996884098672e-01  -4.3892061373482908e-10   0.0000000000000000e+00   0.0000000000000000e+00
0237   9.1992187500000000e-01   9.9999909119136920e-01   5.9999996840484027e-01  -4.2005978384973021e-10   0.0000000000000000e+00   0.0000000000000000e+00
0238   9.2382812500000000e-01   9.9999907918972852e-01   5.9999996798782707e-01  -4.0092300337354505e-10   0.0000000000000000e+00   0.0000000000000000e+00
0239   9.2773437500000000e-01   9.9999906774286107e-01   5.9999996759021046e-01  -3.8152417369860815e-10   0.0000000000000000e+00   0.0000000000000000e+00
0240   9.3164062500000000e-01   9.9999905685767654e-01   5.9999996721224258e-01  -3.6187716035186992e-10   0.0000000000000000e+00   0.0000000000000000e+00
0241   9.3554687500000000e-01   9.9999904654072891e-01   5.9999996685416257e-01  -3.4199803902641531e-10   0.0000000000000000e+00   0.0000000000000000e+00
0242   9.3945312500000000e-01   9.9999903679828328e-01   5.9999996651619603e-01  -3.2190171252043904e-10   0.0000000000000000e+00   0.0000000000000000e+00
0243   9.4335937500000000e-01   9.9999902763620774e-01   5.9999996619855600e-01  -3.0160653438885304e-10   0.0000000000000000e+00   0.0000000000000000e+00
0244   9.4726562500000000e-01   9.9999901905996147e-01   5.9999996590143945e-01  -2.8113159008835989e-10   0.0000000000000000e+00   0.0000000000000000e+00
0245   9.5117187500000000e-01   9.9999901107479194e-01   5.9999996562502700e-01  -2.6049844588879071e-10   0.0000000000000000e+00   0.0000000000000000e+00
0246   9.5507812500000000e-01   9.9999900368548411e-01   5.9999996536948241e-01  -2.3973110675520273e-10   0.0000000000000000e+00   0.0000000000000000e+00
0247   9.5898437500000000e-01   9.9999899689645078e-01   5.9999996513495557e-01  -2.1885131468076103e-10   0.0000000000000000e+00   0.0000000000000000e+00
0248   9.6289062500000000e-01   9.9999899071182929e-01   5.9999996492158270e-01  -1.9787980556884779e-10   0.0000000000000000e+00   0.0000000000000000e+00
0249   9.6679687500000000e-01   9.9999898513528362e-01   5.9999996472948669e-01  -1.7683979926694041e-10   0.0000000000000000e+00   0.0000000000000000e+00
0250   9.7070312500000000e-01   9.9999898017019262e-01   5.9999996455876614e-01  -1.5575299916027321e-10   0.0000000000000000e+00   0.0000000000000000e+00
0251   9.7460937500000000e-01   9.9999897581951325e-01   5.9999996440950321e-01  -1.3467742825263369e-10   0.0000000000000000e+00   0.0000000000000000e+00
0252   9.7851562500000000e-01   9.9999897208582333e-01   5.9999996428170610e-01  -1.1361892905594796e-10   0.0000000000000000e+00   0.0000000000000000e+00
0253   9.8242187500000000e-01   9.9999896897127216e-01   5.9999996417542623e-01  -9.2821218627088131e-11   0.0000000000000000e+00   0.0000000000000000e+00
0254   9.8632812500000000e-01   9.9999896647753883e-01   5.9999996409047562e-01  -7.1840060789009345e-11   0.0000000000000000e+00   0.0000000000000000e+00
0255   9.9023437500000000e-01   9.9999896460624638e-01   5.9999996402703470e-01  -5.2448045259559524e-11   0.0000000000000000e+00   0.0000000000000000e+00
0256   9.9414062500000000e-01   9.9999896335813387e-01   5.9999996398476141e-01  -2.9752252724224242e-11   0.0000000000000000e+00   0.0000000000000000e+00
0257   9.9804687500000000e-01   9.9999896273386857e-01   5.9999996396360256e-01  -1.8561005114172341e-11   0.0000000000000000e+00   0.0000000000000000e+00
