# Athena++ data at time=1.207519e+02  cycle=61825  variables=prim 
# i       x1v         rho          press          vel1         vel2         vel3     
0002   1.9531250000000000e-03   9.9999903479308438e-01   6.0000003602287000e-01  -1.8541360966863576e-11   0.0000000000000000e+00   0.0000000000000000e+00
0003   5.8593750000000000e-03   9.9999903537502421e-01   6.0000003600173202e-01  -2.9716234082135609e-11   0.0000000000000000e+00   0.0000000000000000e+00
0004   9.7656250000000000e-03   9.9999903653863176e-01   6.0000003595950047e-01  -5.2385327229423735e-11   0.0000000000000000e+00   0.0000000000000000e+00
0005   1.3671875000000000e-02   9.9999903828312942e-01   6.0000003589612128e-01  -7.1754229042948409e-11   0.0000000000000000e+00   0.0000000000000000e+00
0006   1.7578125000000000e-02   9.9999904060703637e-01   6.0000003581125261e-01  -9.2713138439809293e-11   0.0000000000000000e+00   0.0000000000000000e+00
0007   2.1484375000000000e-02   9.9999904350911550e-01   6.0000003570507321e-01  -1.1349038644665769e-10   0.0000000000000000e+00   0.0000000000000000e+00
0008   2.5390625000000000e-02   9.9999904698735753e-01   6.0000003557739501e-01  -1.3453028789057859e-10   0.0000000000000000e+00   0.0000000000000000e+00
0009   2.9296875000000000e-02   9.9999905103963371e-01   6.0000003542826807e-01  -1.5559044545412636e-10   0.0000000000000000e+00   0.0000000000000000e+00
0010   3.3203125000000000e-02   9.9999905566344061e-01   6.0000003525769929e-01  -1.7666455586524094e-10   0.0000000000000000e+00   0.0000000000000000e+00
0011   3.7109375000000000e-02   9.9999906085594614e-01   6.0000003506576971e-01  -1.9769652716028914e-10   0.0000000000000000e+00   0.0000000000000000e+00
0012   4.1015625000000000e-02   9.9999906661402005e-01   6.0000003485257636e-01  -2.1866361615082720e-10   0.0000000000000000e+00   0.0000000000000000e+00
0013   4.4921875000000000e-02   9.9999907293417079e-01   6.0000003461824025e-01  -2.3954325490522424e-10   0.0000000000000000e+00   0.0000000000000000e+00
0014   4.8828125000000000e-02   9.9999907981260883e-01   6.0000003436289562e-01  -2.6031463871581998e-10   0.0000000000000000e+00   0.0000000000000000e+00
0015   5.2734375000000000e-02   9.9999908724516073e-01   6.0000003408669111e-01  -2.8095588264416914e-10   0.0000000000000000e+00   0.0000000000000000e+00
0016   5.6640625000000000e-02   9.9999909522736508e-01   6.0000003378978917e-01  -3.0144315482073346e-10   0.0000000000000000e+00   0.0000000000000000e+00
0017   6.0546875000000000e-02   9.9999910375439549e-01   6.0000003347236852e-01  -3.2175472989699567e-10   0.0000000000000000e+00   0.0000000000000000e+00
0018   6.4453125000000000e-02   9.9999911282113607e-01   6.0000003313462491e-01  -3.4187124497532783e-10   0.0000000000000000e+00   0.0000000000000000e+00
0019   6.8359375000000000e-02   9.9999912242213440e-01   6.0000003277676905e-01  -3.6177491512317635e-10   0.0000000000000000e+00   0.0000000000000000e+00
0020   7.2265625000000000e-02   9.9999913255163453e-01   6.0000003239902633e-01  -3.8145009303127552e-10   0.0000000000000000e+00   0.0000000000000000e+00
0021   7.6171875000000000e-02   9.9999914320347116e-01   6.0000003200163465e-01  -4.0088044150234219e-10   0.0000000000000000e+00   0.0000000000000000e+00
0022   8.0078125000000000e-02   9.9999915437132236e-01   6.0000003158484461e-01  -4.2005199564517814e-10   0.0000000000000000e+00   0.0000000000000000e+00
0023   8.3984375000000000e-02   9.9999916604842520e-01   6.0000003114891920e-01  -4.3895045388482087e-10   0.0000000000000000e+00   0.0000000000000000e+00
0024   8.7890625000000000e-02   9.9999917822776774e-01   6.0000003069413266e-01  -4.5756283153255202e-10   0.0000000000000000e+00   0.0000000000000000e+00
0025   9.1796875000000000e-02   9.9999919090201961e-01   6.0000003022077175e-01  -4.7587677105315384e-10   0.0000000000000000e+00   0.0000000000000000e+00
0026   9.5703125000000000e-02   9.9999920406358689e-01   6.0000002972913380e-01  -4.9388089946526137e-10   0.0000000000000000e+00   0.0000000000000000e+00
0027   9.9609375000000000e-02   9.9999921770454081e-01   6.0000002921952700e-01  -5.1156466830859790e-10   0.0000000000000000e+00   0.0000000000000000e+00
0028   1.0351562500000000e-01   9.9999923181667616e-01   6.0000002869226998e-01  -5.2891734102631339e-10   0.0000000000000000e+00   0.0000000000000000e+00
0029   1.0742187500000000e-01   9.9999924639146875e-01   6.0000002814769082e-01  -5.4592996528361650e-10   0.0000000000000000e+00   0.0000000000000000e+00
0030   1.1132812500000000e-01   9.9999926142018714e-01   6.0000002758612814e-01  -5.6259351256146107e-10   0.0000000000000000e+00   0.0000000000000000e+00
0031   1.1523437500000000e-01   9.9999927689379109e-01   6.0000002700792943e-01  -5.7889873629827268e-10   0.0000000000000000e+00   0.0000000000000000e+00
0032   1.1914062500000000e-01   9.9999929280294675e-01   6.0000002641345163e-01  -5.9483797226762987e-10   0.0000000000000000e+00   0.0000000000000000e+00
0033   1.2304687500000000e-01   9.9999930913809332e-01   6.0000002580305989e-01  -6.1040310669205539e-10   0.0000000000000000e+00   0.0000000000000000e+00
0034   1.2695312500000000e-01   9.9999932588938745e-01   6.0000002517712925e-01  -6.2558693986189653e-10   0.0000000000000000e+00   0.0000000000000000e+00
0035   1.3085937500000000e-01   9.9999934304676252e-01   6.0000002453604162e-01  -6.4038150015731608e-10   0.0000000000000000e+00   0.0000000000000000e+00
0036   1.3476562500000000e-01   9.9999936059986427e-01   6.0000002388018858e-01  -6.5478038720868116e-10   0.0000000000000000e+00   0.0000000000000000e+00
0037   1.3867187500000000e-01   9.9999937853812793e-01   6.0000002320996904e-01  -6.6877650098558876e-10   0.0000000000000000e+00   0.0000000000000000e+00
0038   1.4257812500000000e-01   9.9999939685077188e-01   6.0000002252578932e-01  -6.8236290616375774e-10   0.0000000000000000e+00   0.0000000000000000e+00
0039   1.4648437500000000e-01   9.9999941552674443e-01   6.0000002182806411e-01  -6.9553362789215284e-10   0.0000000000000000e+00   0.0000000000000000e+00
0040   1.5039062500000000e-01   9.9999943455482720e-01   6.0000002111721462e-01  -7.0828151039160981e-10   0.0000000000000000e+00   0.0000000000000000e+00
0041   1.5429687500000000e-01   9.9999945392352052e-01   6.0000002039367017e-01  -7.2060073869728903e-10   0.0000000000000000e+00   0.0000000000000000e+00
0042   1.5820312500000000e-01   9.9999947362114694e-01   6.0000001965786676e-01  -7.3248459793788480e-10   0.0000000000000000e+00   0.0000000000000000e+00
0043   1.6210937500000000e-01   9.9999949363590201e-01   6.0000001891024735e-01  -7.4392752343349949e-10   0.0000000000000000e+00   0.0000000000000000e+00
0044   1.6601562500000000e-01   9.9999951395570263e-01   6.0000001815126136e-01  -7.5492350623508996e-10   0.0000000000000000e+00   0.0000000000000000e+00
0045   1.6992187500000000e-01   9.9999953456828894e-01   6.0000001738136477e-01  -7.6546625630737251e-10   0.0000000000000000e+00   0.0000000000000000e+00
0046   1.7382812500000000e-01   9.9999955546125152e-01   6.0000001660102009e-01  -7.7555101168419393e-10   0.0000000000000000e+00   0.0000000000000000e+00
0047   1.7773437500000000e-01   9.9999957662202399e-01   6.0000001581069562e-01  -7.8517125040402528e-10   0.0000000000000000e+00   0.0000000000000000e+00
0048   1.8164062500000000e-01   9.9999959803782767e-01   6.0000001501086586e-01  -7.9432248796574939e-10   0.0000000000000000e+00   0.0000000000000000e+00
0049   1.8554687500000000e-01   9.9999961969578521e-01   6.0000001420201043e-01  -8.0299874239687793e-10   0.0000000000000000e+00   0.0000000000000000e+00
0050   1.8945312500000000e-01   9.9999964158283738e-01   6.0000001338461451e-01  -8.1119556344205416e-10   0.0000000000000000e+00   0.0000000000000000e+00
0051   1.9335937500000000e-01   9.9999966368578586e-01   6.0000001255916913e-01  -8.1890770409092606e-10   0.0000000000000000e+00   0.0000000000000000e+00
0052   1.9726562500000000e-01   9.9999968599132072e-01   6.0000001172616901e-01  -8.2613015239187005e-10   0.0000000000000000e+00   0.0000000000000000e+00
0053   2.0117187500000000e-01   9.9999970848603192e-01   6.0000001088611421e-01  -8.3285898430793953e-10   0.0000000000000000e+00   0.0000000000000000e+00
0054   2.0507812500000000e-01   9.9999973115633800e-01   6.0000001003950965e-01  -8.3909010040259767e-10   0.0000000000000000e+00   0.0000000000000000e+00
0055   2.0898437500000000e-01   9.9999975398860341e-01   6.0000000918686325e-01  -8.4481893863822136e-10   0.0000000000000000e+00   0.0000000000000000e+00
0056   2.1289062500000000e-01   9.9999977696905484e-01   6.0000000832868750e-01  -8.5004265358559067e-10   0.0000000000000000e+00   0.0000000000000000e+00
0057   2.1679687500000000e-01   9.9999980008386580e-01   6.0000000746549775e-01  -8.5475738544360568e-10   0.0000000000000000e+00   0.0000000000000000e+00
0058   2.2070312500000000e-01   9.9999982331904869e-01   6.0000000659781383e-01  -8.5896071528471337e-10   0.0000000000000000e+00   0.0000000000000000e+00
0059   2.2460937500000000e-01   9.9999984666071096e-01   6.0000000572615553e-01  -8.6264921010671727e-10   0.0000000000000000e+00   0.0000000000000000e+00
0060   2.2851562500000000e-01   9.9999987009474878e-01   6.0000000485105376e-01  -8.6582163879566037e-10   0.0000000000000000e+00   0.0000000000000000e+00
0061   2.3242187500000000e-01   9.9999989360701791e-01   6.0000000397301601e-01  -8.6847541449463890e-10   0.0000000000000000e+00   0.0000000000000000e+00
0062   2.3632812500000000e-01   9.9999991718338666e-01   6.0000000309262680e-01  -8.7060703307650520e-10   0.0000000000000000e+00   0.0000000000000000e+00
0063   2.4023437500000000e-01   9.9999994080953025e-01   6.0000000221025818e-01  -8.7223710408161539e-10   0.0000000000000000e+00   0.0000000000000000e+00
0064   2.4414062500000000e-01   9.9999996447164397e-01   6.0000000132684927e-01  -8.7329065799377955e-10   0.0000000000000000e+00   0.0000000000000000e+00
0065   2.4804687500000000e-01   9.9999998815445212e-01   6.0000000044195423e-01  -8.7399516337251568e-10   0.0000000000000000e+00   0.0000000000000000e+00
0066   2.5195312500000000e-01   1.0000000118456132e+00   5.9999999955800698e-01  -8.7401243689044442e-10   0.0000000000000000e+00   0.0000000000000000e+00
0067   2.5585937500000000e-01   1.0000000355284069e+00   5.9999999867311293e-01  -8.7334199641841230e-10   0.0000000000000000e+00   0.0000000000000000e+00
0068   2.5976562500000000e-01   1.0000000591905092e+00   5.9999999778970470e-01  -8.7232236493685761e-10   0.0000000000000000e+00   0.0000000000000000e+00
0069   2.6367187500000000e-01   1.0000000828166571e+00   5.9999999690733585e-01  -8.7072622727199743e-10   0.0000000000000000e+00   0.0000000000000000e+00
0070   2.6757812500000000e-01   1.0000001063930557e+00   5.9999999602694731e-01  -8.6862837097680984e-10   0.0000000000000000e+00   0.0000000000000000e+00
0071   2.7148437500000000e-01   1.0000001299052976e+00   5.9999999514891056e-01  -8.6600848884651079e-10   0.0000000000000000e+00   0.0000000000000000e+00
0072   2.7539062500000000e-01   1.0000001533393497e+00   5.9999999427380979e-01  -8.6286915785496611e-10   0.0000000000000000e+00   0.0000000000000000e+00
0073   2.7929687500000000e-01   1.0000001766810018e+00   5.9999999340215249e-01  -8.5921345336588532e-10   0.0000000000000000e+00   0.0000000000000000e+00
0074   2.8320312500000000e-01   1.0000001999162098e+00   5.9999999253446956e-01  -8.5504190274867967e-10   0.0000000000000000e+00   0.0000000000000000e+00
0075   2.8710937500000000e-01   1.0000002230310208e+00   5.9999999167128071e-01  -8.5035820383516841e-10   0.0000000000000000e+00   0.0000000000000000e+00
0076   2.9101562500000000e-01   1.0000002460114192e+00   5.9999999081310562e-01  -8.4516459322403051e-10   0.0000000000000000e+00   0.0000000000000000e+00
0077   2.9492187500000000e-01   1.0000002688436864e+00   5.9999998996045989e-01  -8.3946456201626718e-10   0.0000000000000000e+00   0.0000000000000000e+00
0078   2.9882812500000000e-01   1.0000002915140358e+00   5.9999998911385644e-01  -8.3326129468920245e-10   0.0000000000000000e+00   0.0000000000000000e+00
0079   3.0273437500000000e-01   1.0000003140087044e+00   5.9999998827380263e-01  -8.2655924514974289e-10   0.0000000000000000e+00   0.0000000000000000e+00
0080   3.0664062500000000e-01   1.0000003363142562e+00   5.9999998744080307e-01  -8.1936199476295107e-10   0.0000000000000000e+00   0.0000000000000000e+00
0081   3.1054687500000000e-01   1.0000003584172599e+00   5.9999998661535814e-01  -8.1167432782756450e-10   0.0000000000000000e+00   0.0000000000000000e+00
0082   3.1445312500000000e-01   1.0000003803042865e+00   5.9999998579796332e-01  -8.0350040265108955e-10   0.0000000000000000e+00   0.0000000000000000e+00
0083   3.1835937500000000e-01   1.0000004019621977e+00   5.9999998498910856e-01  -7.9484528305594284e-10   0.0000000000000000e+00   0.0000000000000000e+00
0084   3.2226562500000000e-01   1.0000004233780129e+00   5.9999998418927925e-01  -7.8571364576819527e-10   0.0000000000000000e+00   0.0000000000000000e+00
0085   3.2617187500000000e-01   1.0000004445387973e+00   5.9999998339895533e-01  -7.7611140102048140e-10   0.0000000000000000e+00   0.0000000000000000e+00
0086   3.3007812500000000e-01   1.0000004654317591e+00   5.9999998261861132e-01  -7.6604340847620661e-10   0.0000000000000000e+00   0.0000000000000000e+00
0087   3.3398437500000000e-01   1.0000004860443541e+00   5.9999998184871506e-01  -7.5551581996943649e-10   0.0000000000000000e+00   0.0000000000000000e+00
0088   3.3789062500000000e-01   1.0000005063640971e+00   5.9999998108972907e-01  -7.4453362324692566e-10   0.0000000000000000e+00   0.0000000000000000e+00
0089   3.4179687500000000e-01   1.0000005263788683e+00   5.9999998034210955e-01  -7.3310352022133331e-10   0.0000000000000000e+00   0.0000000000000000e+00
0090   3.4570312500000000e-01   1.0000005460765100e+00   5.9999997960630613e-01  -7.2123062757165427e-10   0.0000000000000000e+00   0.0000000000000000e+00
0091   3.4960937500000000e-01   1.0000005654451967e+00   5.9999997888276146e-01  -7.0892177834948913e-10   0.0000000000000000e+00   0.0000000000000000e+00
0092   3.5351562500000000e-01   1.0000005844732787e+00   5.9999997817191197e-01  -6.9618245945817950e-10   0.0000000000000000e+00   0.0000000000000000e+00
0093   3.5742187500000000e-01   1.0000006031492559e+00   5.9999997747418632e-01  -6.8301919499559321e-10   0.0000000000000000e+00   0.0000000000000000e+00
0094   3.6132812500000000e-01   1.0000006214618635e+00   5.9999997679000661e-01  -6.6943847119977680e-10   0.0000000000000000e+00   0.0000000000000000e+00
0095   3.6523437500000000e-01   1.0000006394001479e+00   5.9999997611978695e-01  -6.5544659908094929e-10   0.0000000000000000e+00   0.0000000000000000e+00
0096   3.6914062500000000e-01   1.0000006569532416e+00   5.9999997546393413e-01  -6.4105044009555081e-10   0.0000000000000000e+00   0.0000000000000000e+00
0097   3.7304687500000000e-01   1.0000006741106227e+00   5.9999997482284673e-01  -6.2625683391486459e-10   0.0000000000000000e+00   0.0000000000000000e+00
0098   3.7695312500000000e-01   1.0000006908619030e+00   5.9999997419691620e-01  -6.1107273996442084e-10   0.0000000000000000e+00   0.0000000000000000e+00
0099   3.8085937500000000e-01   1.0000007071970678e+00   5.9999997358652479e-01  -5.9550572005442559e-10   0.0000000000000000e+00   0.0000000000000000e+00
0100   3.8476562500000000e-01   1.0000007231062302e+00   5.9999997299204699e-01  -5.7956286191527750e-10   0.0000000000000000e+00   0.0000000000000000e+00
0101   3.8867187500000000e-01   1.0000007385798064e+00   5.9999997241384861e-01  -5.6325253969178065e-10   0.0000000000000000e+00   0.0000000000000000e+00
0102   3.9257812500000000e-01   1.0000007536085516e+00   5.9999997185228671e-01  -5.4658267776275514e-10   0.0000000000000000e+00   0.0000000000000000e+00
0103   3.9648437500000000e-01   1.0000007681833054e+00   5.9999997130770810e-01  -5.2956192574798383e-10   0.0000000000000000e+00   0.0000000000000000e+00
0104   4.0039062500000000e-01   1.0000007822954251e+00   5.9999997078045142e-01  -5.1219923659610336e-10   0.0000000000000000e+00   0.0000000000000000e+00
0105   4.0429687500000000e-01   1.0000007959363757e+00   5.9999997027084528e-01  -4.9450482807217546e-10   0.0000000000000000e+00   0.0000000000000000e+00
0106   4.0820312500000000e-01   1.0000008090979355e+00   5.9999996977920789e-01  -4.7648835484456758e-10   0.0000000000000000e+00   0.0000000000000000e+00
0107   4.1210937500000000e-01   1.0000008217722112e+00   5.9999996930584776e-01  -4.5816017742477383e-10   0.0000000000000000e+00   0.0000000000000000e+00
0108   4.1601562500000000e-01   1.0000008339515454e+00   5.9999996885106188e-01  -4.3953241203921870e-10   0.0000000000000000e+00   0.0000000000000000e+00
0109   4.1992187500000000e-01   1.0000008456286831e+00   5.9999996841513703e-01  -4.2061666904637743e-10   0.0000000000000000e+00   0.0000000000000000e+00
0110   4.2382812500000000e-01   1.0000008567965077e+00   5.9999996799834787e-01  -4.0142682502310145e-10   0.0000000000000000e+00   0.0000000000000000e+00
0111   4.2773437500000000e-01   1.0000008674483563e+00   5.9999996760095675e-01  -3.8197621046243277e-10   0.0000000000000000e+00   0.0000000000000000e+00
0112   4.3164062500000000e-01   1.0000008775777989e+00   5.9999996722321447e-01  -3.6227994257496667e-10   0.0000000000000000e+00   0.0000000000000000e+00
0113   4.3554687500000000e-01   1.0000008871787913e+00   5.9999996686535895e-01  -3.4235349889483349e-10   0.0000000000000000e+00   0.0000000000000000e+00
0114   4.3945312500000000e-01   1.0000008962455618e+00   5.9999996652761534e-01  -3.2221345518113058e-10   0.0000000000000000e+00   0.0000000000000000e+00
0115   4.4335937500000000e-01   1.0000009047726062e+00   5.9999996621019480e-01  -3.0187736973022447e-10   0.0000000000000000e+00   0.0000000000000000e+00
0116   4.4726562500000000e-01   1.0000009127547886e+00   5.9999996591329274e-01  -2.8136504925489918e-10   0.0000000000000000e+00   0.0000000000000000e+00
0117   4.5117187500000000e-01   1.0000009201873654e+00   5.9999996563708802e-01  -2.6069795491583616e-10   0.0000000000000000e+00   0.0000000000000000e+00
0118   4.5507812500000000e-01   1.0000009270658097e+00   5.9999996538174338e-01  -2.3990010132623506e-10   0.0000000000000000e+00   0.0000000000000000e+00
0119   4.5898437500000000e-01   1.0000009333859197e+00   5.9999996514740705e-01  -2.1899355604902735e-10   0.0000000000000000e+00   0.0000000000000000e+00
0120   4.6289062500000000e-01   1.0000009391440272e+00   5.9999996493421337e-01  -1.9799856118774896e-10   0.0000000000000000e+00   0.0000000000000000e+00
0121   4.6679687500000000e-01   1.0000009443365261e+00   5.9999996474228345e-01  -1.7693842591287461e-10   0.0000000000000000e+00   0.0000000000000000e+00
0122   4.7070312500000000e-01   1.0000009489603183e+00   5.9999996457171456e-01  -1.5583484627845741e-10   0.0000000000000000e+00   0.0000000000000000e+00
0123   4.7460937500000000e-01   1.0000009530125971e+00   5.9999996442258718e-01  -1.3474484151859389e-10   0.0000000000000000e+00   0.0000000000000000e+00
0124   4.7851562500000000e-01   1.0000009564908350e+00   5.9999996429490909e-01  -1.1367370489364035e-10   0.0000000000000000e+00   0.0000000000000000e+00
0125   4.8242187500000000e-01   1.0000009593928949e+00   5.9999996418872981e-01  -9.2864760489458896e-11   0.0000000000000000e+00   0.0000000000000000e+00
0126   4.8632812500000000e-01   1.0000009617168248e+00   5.9999996410386103e-01  -7.1873019509996964e-11   0.0000000000000000e+00   0.0000000000000000e+00
0127   4.9023437500000000e-01   1.0000009634613052e+00   5.9999996404048173e-01  -5.2470478556712785e-11   0.0000000000000000e+00   0.0000000000000000e+00
0128   4.9414062500000000e-01   1.0000009646249237e+00   5.9999996399825017e-01  -2.9766832070238695e-11   0.0000000000000000e+00   0.0000000000000000e+00
0129   4.9804687500000000e-01   1.0000009652068444e+00   5.9999996397711119e-01  -1.8557389943735111e-11   0.0000000000000000e+00   0.0000000000000000e+00
0130   5.0195312500000000e-01   1.0000009652068347e+00   5.9999996397711108e-01   1.8558470358170792e-11   0.0000000000000000e+00   0.0000000000000000e+00
0131   5.0585937500000000e-01   1.0000009646249306e+00   5.9999996399824929e-01   2.9767726205937066e-11   0.0000000000000000e+00   0.0000000000000000e+00
0132   5.0976562500000000e-01   1.0000009634612732e+00   5.9999996404048039e-01   5.2471186413711767e-11   0.0000000000000000e+00   0.0000000000000000e+00
0133   5.1367187500000000e-01   1.0000009617167942e+00   5.9999996410385914e-01   7.1873392065184831e-11   0.0000000000000000e+00   0.0000000000000000e+00
0134   5.1757812500000000e-01   1.0000009593928889e+00   5.9999996418872759e-01   9.2865244811893985e-11   0.0000000000000000e+00   0.0000000000000000e+00
0135   5.2148437500000000e-01   1.0000009564908103e+00   5.9999996429490643e-01   1.1367396568152928e-10   0.0000000000000000e+00   0.0000000000000000e+00
0136   5.2539062500000000e-01   1.0000009530125606e+00   5.9999996442258430e-01   1.3474513956224430e-10   0.0000000000000000e+00   0.0000000000000000e+00
0137   5.2929687500000000e-01   1.0000009489602979e+00   5.9999996457171123e-01   1.5583492078766024e-10   0.0000000000000000e+00   0.0000000000000000e+00
0138   5.3320312500000000e-01   1.0000009443365101e+00   5.9999996474228035e-01   1.7693838865475012e-10   0.0000000000000000e+00   0.0000000000000000e+00
0139   5.3710937500000000e-01   1.0000009391440148e+00   5.9999996493421048e-01   1.9799863569690846e-10   0.0000000000000000e+00   0.0000000000000000e+00
0140   5.4101562500000000e-01   1.0000009333859361e+00   5.9999996514740428e-01   2.1899351879095229e-10   0.0000000000000000e+00   0.0000000000000000e+00
0141   5.4492187500000000e-01   1.0000009270657753e+00   5.9999996538174083e-01   2.3990032485847071e-10   0.0000000000000000e+00   0.0000000000000000e+00
0142   5.4882812500000000e-01   1.0000009201873439e+00   5.9999996563708569e-01   2.6069829021526457e-10   0.0000000000000000e+00   0.0000000000000000e+00
0143   5.5273437500000000e-01   1.0000009127548102e+00   5.9999996591329074e-01   2.8136460218391539e-10   0.0000000000000000e+00   0.0000000000000000e+00
0144   5.5664062500000000e-01   1.0000009047726013e+00   5.9999996621019303e-01   3.0187714619326640e-10   0.0000000000000000e+00   0.0000000000000000e+00
0145   5.6054687500000000e-01   1.0000008962455529e+00   5.9999996652761356e-01   3.2221323164466220e-10   0.0000000000000000e+00   0.0000000000000000e+00
0146   5.6445312500000000e-01   1.0000008871788166e+00   5.9999996686535728e-01   3.4235342438112116e-10   0.0000000000000000e+00   0.0000000000000000e+00
0147   5.6835937500000000e-01   1.0000008775778031e+00   5.9999996722321292e-01   3.6227960727106373e-10   0.0000000000000000e+00   0.0000000000000000e+00
0148   5.7226562500000000e-01   1.0000008674483460e+00   5.9999996760095542e-01   3.8197591241407806e-10   0.0000000000000000e+00   0.0000000000000000e+00
0149   5.7617187500000000e-01   1.0000008567964516e+00   5.9999996799834676e-01   4.0142656423075670e-10   0.0000000000000000e+00   0.0000000000000000e+00
0150   5.8007812500000000e-01   1.0000008456286675e+00   5.9999996841513614e-01   4.2061678081147475e-10   0.0000000000000000e+00   0.0000000000000000e+00
0151   5.8398437500000000e-01   1.0000008339515205e+00   5.9999996885106099e-01   4.3953222575825002e-10   0.0000000000000000e+00   0.0000000000000000e+00
0152   5.8789062500000000e-01   1.0000008217722023e+00   5.9999996930584665e-01   4.5816036370158402e-10   0.0000000000000000e+00   0.0000000000000000e+00
0153   5.9179687500000000e-01   1.0000008090979375e+00   5.9999996977920689e-01   4.7648824307540767e-10   0.0000000000000000e+00   0.0000000000000000e+00
0154   5.9570312500000000e-01   1.0000007959363384e+00   5.9999997027084417e-01   4.9450505160465372e-10   0.0000000000000000e+00   0.0000000000000000e+00
0155   5.9960937500000000e-01   1.0000007822954349e+00   5.9999997078045053e-01   5.1219934836116552e-10   0.0000000000000000e+00   0.0000000000000000e+00
0156   6.0351562500000000e-01   1.0000007681833345e+00   5.9999997130770699e-01   5.2956211202447303e-10   0.0000000000000000e+00   0.0000000000000000e+00
0157   6.0742187500000000e-01   1.0000007536085029e+00   5.9999997185228560e-01   5.4658260324946064e-10   0.0000000000000000e+00   0.0000000000000000e+00
0158   6.1132812500000000e-01   1.0000007385798033e+00   5.9999997241384795e-01   5.6325253968984474e-10   0.0000000000000000e+00   0.0000000000000000e+00
0159   6.1523437500000000e-01   1.0000007231062094e+00   5.9999997299204633e-01   5.7956327172713058e-10   0.0000000000000000e+00   0.0000000000000000e+00
0160   6.1914062500000000e-01   1.0000007071970407e+00   5.9999997358652390e-01   5.9550586907513841e-10   0.0000000000000000e+00   0.0000000000000000e+00
0161   6.2304687500000000e-01   1.0000006908619097e+00   5.9999997419691531e-01   6.1107329879913016e-10   0.0000000000000000e+00   0.0000000000000000e+00
0162   6.2695312500000000e-01   1.0000006741106229e+00   5.9999997482284595e-01   6.2625765353986043e-10   0.0000000000000000e+00   0.0000000000000000e+00
0163   6.3085937500000000e-01   1.0000006569532747e+00   5.9999997546393313e-01   6.4105144599937552e-10   0.0000000000000000e+00   0.0000000000000000e+00
0164   6.3476562500000000e-01   1.0000006394001646e+00   5.9999997611978606e-01   6.5544767949632854e-10   0.0000000000000000e+00   0.0000000000000000e+00
0165   6.3867187500000000e-01   1.0000006214618784e+00   5.9999997679000572e-01   6.6943962612704248e-10   0.0000000000000000e+00   0.0000000000000000e+00
0166   6.4257812500000000e-01   1.0000006031492361e+00   5.9999997747418543e-01   6.8302072248055686e-10   0.0000000000000000e+00   0.0000000000000000e+00
0167   6.4648437500000000e-01   1.0000005844732762e+00   5.9999997817191075e-01   6.9618432224480862e-10   0.0000000000000000e+00   0.0000000000000000e+00
0168   6.5039062500000000e-01   1.0000005654451971e+00   5.9999997888276035e-01   7.0892367839151186e-10   0.0000000000000000e+00   0.0000000000000000e+00
0169   6.5429687500000000e-01   1.0000005460765311e+00   5.9999997960630502e-01   7.2123271389294675e-10   0.0000000000000000e+00   0.0000000000000000e+00
0170   6.5820312500000000e-01   1.0000005263788763e+00   5.9999998034210833e-01   7.3310590458867102e-10   0.0000000000000000e+00   0.0000000000000000e+00
0171   6.6210937500000000e-01   1.0000005063641275e+00   5.9999998108972774e-01   7.4453634291650621e-10   0.0000000000000000e+00   0.0000000000000000e+00
0172   6.6601562500000000e-01   1.0000004860443461e+00   5.9999998184871350e-01   7.5551831610410314e-10   0.0000000000000000e+00   0.0000000000000000e+00
0173   6.6992187500000000e-01   1.0000004654317585e+00   5.9999998261860965e-01   7.6604609089043854e-10   0.0000000000000000e+00   0.0000000000000000e+00
0174   6.7382812500000000e-01   1.0000004445387805e+00   5.9999998339895377e-01   7.7611389715558139e-10   0.0000000000000000e+00   0.0000000000000000e+00
0175   6.7773437500000000e-01   1.0000004233780133e+00   5.9999998418927747e-01   7.8571610464793929e-10   0.0000000000000000e+00   0.0000000000000000e+00
0176   6.8164062500000000e-01   1.0000004019622137e+00   5.9999998498910656e-01   7.9484744389000261e-10   0.0000000000000000e+00   0.0000000000000000e+00
0177   6.8554687500000000e-01   1.0000003803042568e+00   5.9999998579796110e-01   8.0350293604277812e-10   0.0000000000000000e+00   0.0000000000000000e+00
0178   6.8945312500000000e-01   1.0000003584172210e+00   5.9999998661535592e-01   8.1167712200965776e-10   0.0000000000000000e+00   0.0000000000000000e+00
0179   6.9335937500000000e-01   1.0000003363142766e+00   5.9999998744080085e-01   8.1936504973530552e-10   0.0000000000000000e+00   0.0000000000000000e+00
0180   6.9726562500000000e-01   1.0000003140086999e+00   5.9999998827380008e-01   8.2656200207587665e-10   0.0000000000000000e+00   0.0000000000000000e+00
0181   7.0117187500000000e-01   1.0000002915140156e+00   5.9999998911385399e-01   8.3326405161588443e-10   0.0000000000000000e+00   0.0000000000000000e+00
0182   7.0507812500000000e-01   1.0000002688437082e+00   5.9999998996045745e-01   8.3946683461800227e-10   0.0000000000000000e+00   0.0000000000000000e+00
0183   7.0898437500000000e-01   1.0000002460114410e+00   5.9999999081310285e-01   8.4516671680354556e-10   0.0000000000000000e+00   0.0000000000000000e+00
0184   7.1289062500000000e-01   1.0000002230309990e+00   5.9999999167127760e-01   8.5035976857673748e-10   0.0000000000000000e+00   0.0000000000000000e+00
0185   7.1679687500000000e-01   1.0000001999162234e+00   5.9999999253446612e-01   8.5504324395605852e-10   0.0000000000000000e+00   0.0000000000000000e+00
0186   7.2070312500000000e-01   1.0000001766810012e+00   5.9999999340214882e-01   8.5921412396919156e-10   0.0000000000000000e+00   0.0000000000000000e+00
0187   7.2460937500000000e-01   1.0000001533393288e+00   5.9999999427380613e-01   8.6287001473782800e-10   0.0000000000000000e+00   0.0000000000000000e+00
0188   7.2851562500000000e-01   1.0000001299053189e+00   5.9999999514890712e-01   8.6600886140463238e-10   0.0000000000000000e+00   0.0000000000000000e+00
0189   7.3242187500000000e-01   1.0000001063930377e+00   5.9999999602694432e-01   8.6862874353446190e-10   0.0000000000000000e+00   0.0000000000000000e+00
0190   7.3632812500000000e-01   1.0000000828166797e+00   5.9999999690733263e-01   8.7072619001651987e-10   0.0000000000000000e+00   0.0000000000000000e+00
0191   7.4023437500000000e-01   1.0000000591905132e+00   5.9999999778970148e-01   8.7232214140165730e-10   0.0000000000000000e+00   0.0000000000000000e+00
0192   7.4414062500000000e-01   1.0000000355284078e+00   5.9999999867310982e-01   8.7334136306938153e-10   0.0000000000000000e+00   0.0000000000000000e+00
0193   7.4804687500000000e-01   1.0000000118456120e+00   5.9999999955800398e-01   8.7401172903047734e-10   0.0000000000000000e+00   0.0000000000000000e+00
0194   7.5195312500000000e-01   9.9999998815446656e-01   6.0000000044195123e-01   8.7399453002465527e-10   0.0000000000000000e+00   0.0000000000000000e+00
0195   7.5585937500000000e-01   9.9999996447162387e-01   6.0000000132684661e-01   8.7329013641207793e-10   0.0000000000000000e+00   0.0000000000000000e+00
0196   7.5976562500000000e-01   9.9999994080952437e-01   6.0000000221025551e-01   8.7223650798879879e-10   0.0000000000000000e+00   0.0000000000000000e+00
0197   7.6367187500000000e-01   9.9999991718337278e-01   6.0000000309262458e-01   8.7060628796111226e-10   0.0000000000000000e+00   0.0000000000000000e+00
0198   7.6757812500000000e-01   9.9999989360699160e-01   6.0000000397301378e-01   8.6847470663507227e-10   0.0000000000000000e+00   0.0000000000000000e+00
0199   7.7148437500000000e-01   9.9999987009474833e-01   6.0000000485105176e-01   8.6582104270335424e-10   0.0000000000000000e+00   0.0000000000000000e+00
0200   7.7539062500000000e-01   9.9999984666071950e-01   6.0000000572615375e-01   8.6264865126960633e-10   0.0000000000000000e+00   0.0000000000000000e+00
0201   7.7929687500000000e-01   9.9999982331906767e-01   6.0000000659781250e-01   8.5896019370395371e-10   0.0000000000000000e+00   0.0000000000000000e+00
0202   7.8320312500000000e-01   9.9999980008386091e-01   6.0000000746549664e-01   8.5475697563024372e-10   0.0000000000000000e+00   0.0000000000000000e+00
0203   7.8710937500000000e-01   9.9999977696906461e-01   6.0000000832868661e-01   8.5004239279572488e-10   0.0000000000000000e+00   0.0000000000000000e+00
0204   7.9101562500000000e-01   9.9999975398859442e-01   6.0000000918686258e-01   8.4481878961542530e-10   0.0000000000000000e+00   0.0000000000000000e+00
0205   7.9492187500000000e-01   9.9999973115632845e-01   6.0000001003950920e-01   8.3908998863538195e-10   0.0000000000000000e+00   0.0000000000000000e+00
0206   7.9882812500000000e-01   9.9999970848603348e-01   6.0000001088611432e-01   8.3285924509892853e-10   0.0000000000000000e+00   0.0000000000000000e+00
0207   8.0273437500000000e-01   9.9999968599132116e-01   6.0000001172616935e-01   8.2613078574104547e-10   0.0000000000000000e+00   0.0000000000000000e+00
0208   8.0664062500000000e-01   9.9999966368577486e-01   6.0000001255916968e-01   8.1890807664979470e-10   0.0000000000000000e+00   0.0000000000000000e+00
0209   8.1054687500000000e-01   9.9999964158281041e-01   6.0000001338461550e-01   8.1119653209334825e-10   0.0000000000000000e+00   0.0000000000000000e+00
0210   8.1445312500000000e-01   9.9999961969577300e-01   6.0000001420201121e-01   8.0299993458299007e-10   0.0000000000000000e+00   0.0000000000000000e+00
0211   8.1835937500000000e-01   9.9999959803782557e-01   6.0000001501086697e-01   7.9432338210623000e-10   0.0000000000000000e+00   0.0000000000000000e+00
0212   8.2226562500000000e-01   9.9999957662202354e-01   6.0000001581069684e-01   7.8517207003268564e-10   0.0000000000000000e+00   0.0000000000000000e+00
0213   8.2617187500000000e-01   9.9999955546125985e-01   6.0000001660102120e-01   7.7555171954517989e-10   0.0000000000000000e+00   0.0000000000000000e+00
0214   8.3007812500000000e-01   9.9999953456827684e-01   6.0000001738136588e-01   7.6546733672728284e-10   0.0000000000000000e+00   0.0000000000000000e+00
0215   8.3398437500000000e-01   9.9999951395570585e-01   6.0000001815126225e-01   7.5492432586422346e-10   0.0000000000000000e+00   0.0000000000000000e+00
0216   8.3789062500000000e-01   9.9999949363590412e-01   6.0000001891024801e-01   7.4392838031793789e-10   0.0000000000000000e+00   0.0000000000000000e+00
0217   8.4179687500000000e-01   9.9999947362115282e-01   6.0000001965786720e-01   7.3248538031075554e-10   0.0000000000000000e+00   0.0000000000000000e+00
0218   8.4570312500000000e-01   9.9999945392351763e-01   6.0000002039367029e-01   7.2060107400120423e-10   0.0000000000000000e+00   0.0000000000000000e+00
0219   8.4960937500000000e-01   9.9999943455479934e-01   6.0000002111721451e-01   7.0828192020703941e-10   0.0000000000000000e+00   0.0000000000000000e+00
0220   8.5351562500000000e-01   9.9999941552674831e-01   6.0000002182806400e-01   6.9553388868381868e-10   0.0000000000000000e+00   0.0000000000000000e+00
0221   8.5742187500000000e-01   9.9999939685075390e-01   6.0000002252578921e-01   6.8236342774662868e-10   0.0000000000000000e+00   0.0000000000000000e+00
0222   8.6132812500000000e-01   9.9999937853812570e-01   6.0000002320996859e-01   6.6877661275452616e-10   0.0000000000000000e+00   0.0000000000000000e+00
0223   8.6523437500000000e-01   9.9999936059984285e-01   6.0000002388018803e-01   6.5478053623410270e-10   0.0000000000000000e+00   0.0000000000000000e+00
0224   8.6914062500000000e-01   9.9999934304674187e-01   6.0000002453604084e-01   6.4038164918282189e-10   0.0000000000000000e+00   0.0000000000000000e+00
0225   8.7304687500000000e-01   9.9999932588938600e-01   6.0000002517712792e-01   6.2558645553844633e-10   0.0000000000000000e+00   0.0000000000000000e+00
0226   8.7695312500000000e-01   9.9999930913809254e-01   6.0000002580305845e-01   6.1040254785661173e-10   0.0000000000000000e+00   0.0000000000000000e+00
0227   8.8085937500000000e-01   9.9999929280293332e-01   6.0000002641344985e-01   5.9483722715351998e-10   0.0000000000000000e+00   0.0000000000000000e+00
0228   8.8476562500000000e-01   9.9999927689379275e-01   6.0000002700792787e-01   5.7889761862534740e-10   0.0000000000000000e+00   0.0000000000000000e+00
0229   8.8867187500000000e-01   9.9999926142018114e-01   6.0000002758612647e-01   5.6259191056346690e-10   0.0000000000000000e+00   0.0000000000000000e+00
0230   8.9257812500000000e-01   9.9999924639148274e-01   6.0000002814768916e-01   5.4592825151854753e-10   0.0000000000000000e+00   0.0000000000000000e+00
0231   8.9648437500000000e-01   9.9999923181667461e-01   6.0000002869226809e-01   5.2891525470306297e-10   0.0000000000000000e+00   0.0000000000000000e+00
0232   9.0039062500000000e-01   9.9999921770454581e-01   6.0000002921952522e-01   5.1156217217107706e-10   0.0000000000000000e+00   0.0000000000000000e+00
0233   9.0429687500000000e-01   9.9999920406361742e-01   6.0000002972913213e-01   4.9387881314164575e-10   0.0000000000000000e+00   0.0000000000000000e+00
0234   9.0820312500000000e-01   9.9999919090203981e-01   6.0000003022077031e-01   4.7587461021750610e-10   0.0000000000000000e+00   0.0000000000000000e+00
0235   9.1210937500000000e-01   9.9999917822774809e-01   6.0000003069413121e-01   4.5756055892987782e-10   0.0000000000000000e+00   0.0000000000000000e+00
0236   9.1601562500000000e-01   9.9999916604840478e-01   6.0000003114891765e-01   4.3894818128189863e-10   0.0000000000000000e+00   0.0000000000000000e+00
0237   9.1992187500000000e-01   9.9999915437132914e-01   6.0000003158484327e-01   4.2004976029818106e-10   0.0000000000000000e+00   0.0000000000000000e+00
0238   9.2382812500000000e-01   9.9999914320349348e-01   6.0000003200163332e-01   4.0087816889961376e-10   0.0000000000000000e+00   0.0000000000000000e+00
0239   9.2773437500000000e-01   9.9999913255162876e-01   6.0000003239902500e-01   3.8144767140551590e-10   0.0000000000000000e+00   0.0000000000000000e+00
0240   9.3164062500000000e-01   9.9999912242215216e-01   6.0000003277676806e-01   3.6177245624146586e-10   0.0000000000000000e+00   0.0000000000000000e+00
0241   9.3554687500000000e-01   9.9999911282114262e-01   6.0000003313462402e-01   3.4186874883792290e-10   0.0000000000000000e+00   0.0000000000000000e+00
0242   9.3945312500000000e-01   9.9999910375440793e-01   6.0000003347236797e-01   3.2175201022470719e-10   0.0000000000000000e+00   0.0000000000000000e+00
0243   9.4335937500000000e-01   9.9999909522738828e-01   6.0000003378978872e-01   3.0144024886897581e-10   0.0000000000000000e+00   0.0000000000000000e+00
0244   9.4726562500000000e-01   9.9999908724515607e-01   6.0000003408669100e-01   2.8095323748319044e-10   0.0000000000000000e+00   0.0000000000000000e+00
0245   9.5117187500000000e-01   9.9999907981260250e-01   6.0000003436289595e-01   2.6031236611310613e-10   0.0000000000000000e+00   0.0000000000000000e+00
0246   9.5507812500000000e-01   9.9999907293418022e-01   6.0000003461824081e-01   2.3954120583736111e-10   0.0000000000000000e+00   0.0000000000000000e+00
0247   9.5898437500000000e-01   9.9999906661400251e-01   6.0000003485257702e-01   2.1866186512973158e-10   0.0000000000000000e+00   0.0000000000000000e+00
0248   9.6289062500000000e-01   9.9999906085595514e-01   6.0000003506577071e-01   1.9769488790676418e-10   0.0000000000000000e+00   0.0000000000000000e+00
0249   9.6679687500000000e-01   9.9999905566343594e-01   6.0000003525770018e-01   1.7666340093728607e-10   0.0000000000000000e+00   0.0000000000000000e+00
0250   9.7070312500000000e-01   9.9999905103963305e-01   6.0000003542826874e-01   1.5558929052605760e-10   0.0000000000000000e+00   0.0000000000000000e+00
0251   9.7460937500000000e-01   9.9999904698734032e-01   6.0000003557739567e-01   1.3452939375329731e-10   0.0000000000000000e+00   0.0000000000000000e+00
0252   9.7851562500000000e-01   9.9999904350912350e-01   6.0000003570507354e-01   1.1348900798368966e-10   0.0000000000000000e+00   0.0000000000000000e+00
0253   9.8242187500000000e-01   9.9999904060703249e-01   6.0000003581125261e-01   9.2712169791015527e-11   0.0000000000000000e+00   0.0000000000000000e+00
0254   9.8632812500000000e-01   9.9999903828311298e-01   6.0000003589612139e-01   7.1752664300980391e-11   0.0000000000000000e+00   0.0000000000000000e+00
0255   9.9023437500000000e-01   9.9999903653863964e-01   6.0000003595950069e-01   5.2383501696682211e-11   0.0000000000000000e+00   0.0000000000000000e+00
0256   9.9414062500000000e-01   9.9999903537503299e-01   6.0000003600173224e-01   2.9713961479528717e-11   0.0000000000000000e+00   0.0000000000000000e+00
0257   9.9804687500000000e-01   9.9999903479306795e-01   6.0000003602287022e-01   1.8539386410836615e-11   0.0000000000000000e+00   0.0000000000000000e+00
