# Athena++ data at time=1.995019e+02  cycle=102145  variables=prim 
# i       x1v         rho          press          vel1         vel2         vel3     
0002   1.9531250000000000e-03   9.9999899788835755e-01   5.9999999911810409e-01  -4.4120806963132245e-10   0.0000000000000000e+00   0.0000000000000000e+00
0003   5.8593750000000000e-03   9.9999899849212470e-01   5.9999999911879454e-01  -1.3246242292867651e-09   0.0000000000000000e+00   0.0000000000000000e+00
0004   9.7656250000000000e-03   9.9999899969900830e-01   5.9999999911983537e-01  -2.2065348168541058e-09   0.0000000000000000e+00   0.0000000000000000e+00
0005   1.3671875000000000e-02   9.9999900150850751e-01   5.9999999912145496e-01  -3.0874191894922137e-09   0.0000000000000000e+00   0.0000000000000000e+00
0006   1.7578125000000000e-02   9.9999900391939467e-01   5.9999999912357871e-01  -3.9663290330245263e-09   0.0000000000000000e+00   0.0000000000000000e+00
0007   2.1484375000000000e-02   9.9999900693030552e-01   5.9999999912622692e-01  -4.8428988594925625e-09   0.0000000000000000e+00   0.0000000000000000e+00
0008   2.5390625000000000e-02   9.9999901053939688e-01   5.9999999912939639e-01  -5.7165455394059777e-09   0.0000000000000000e+00   0.0000000000000000e+00
0009   2.9296875000000000e-02   9.9999901474449038e-01   5.9999999913308522e-01  -6.5867638325935578e-09   0.0000000000000000e+00   0.0000000000000000e+00
0010   3.3203125000000000e-02   9.9999901954307724e-01   5.9999999913729185e-01  -7.4530246962842421e-09   0.0000000000000000e+00   0.0000000000000000e+00
0011   3.7109375000000000e-02   9.9999902493222714e-01   5.9999999914201396e-01  -8.3148103986272304e-09   0.0000000000000000e+00   0.0000000000000000e+00
0012   4.1015625000000000e-02   9.9999903090873121e-01   5.9999999914724900e-01  -9.1716022812296473e-09   0.0000000000000000e+00   0.0000000000000000e+00
0013   4.4921875000000000e-02   9.9999903746896102e-01   5.9999999915299407e-01  -1.0022886406221067e-08   0.0000000000000000e+00   0.0000000000000000e+00
0014   4.8828125000000000e-02   9.9999904460898359e-01   5.9999999915924629e-01  -1.0868151306871234e-08   0.0000000000000000e+00   0.0000000000000000e+00
0015   5.2734375000000000e-02   9.9999905232449837e-01   5.9999999916600222e-01  -1.1706889205027370e-08   0.0000000000000000e+00   0.0000000000000000e+00
0016   5.6640625000000000e-02   9.9999906061087585e-01   5.9999999917325797e-01  -1.2538596448370792e-08   0.0000000000000000e+00   0.0000000000000000e+00
0017   6.0546875000000000e-02   9.9999906946305550e-01   5.9999999918100966e-01  -1.3362773577501517e-08   0.0000000000000000e+00   0.0000000000000000e+00
0018   6.4453125000000000e-02   9.9999907887580020e-01   5.9999999918925351e-01  -1.4178924650475060e-08   0.0000000000000000e+00   0.0000000000000000e+00
0019   6.8359375000000000e-02   9.9999908884337940e-01   5.9999999919798486e-01  -1.4986559215255555e-08   0.0000000000000000e+00   0.0000000000000000e+00
0020   7.2265625000000000e-02   9.9999909935982823e-01   5.9999999920719937e-01  -1.5785191118351235e-08   0.0000000000000000e+00   0.0000000000000000e+00
0021   7.6171875000000000e-02   9.9999911041873923e-01   5.9999999921689240e-01  -1.6574340595077838e-08   0.0000000000000000e+00   0.0000000000000000e+00
0022   8.0078125000000000e-02   9.9999912201355401e-01   5.9999999922705916e-01  -1.7353531519845796e-08   0.0000000000000000e+00   0.0000000000000000e+00
0023   8.3984375000000000e-02   9.9999913413721708e-01   5.9999999923769443e-01  -1.8122294322807197e-08   0.0000000000000000e+00   0.0000000000000000e+00
0024   8.7890625000000000e-02   9.9999914678245172e-01   5.9999999924879266e-01  -1.8880164364911803e-08   0.0000000000000000e+00   0.0000000000000000e+00
0025   9.1796875000000000e-02   9.9999915994161315e-01   5.9999999926034897e-01  -1.9626684712973926e-08   0.0000000000000000e+00   0.0000000000000000e+00
0026   9.5703125000000000e-02   9.9999917360682022e-01   5.9999999927235736e-01  -2.0361403255815377e-08   0.0000000000000000e+00   0.0000000000000000e+00
0027   9.9609375000000000e-02   9.9999918776983299e-01   5.9999999928481207e-01  -2.1083875114888593e-08   0.0000000000000000e+00   0.0000000000000000e+00
0028   1.0351562500000000e-01   9.9999920242212026e-01   5.9999999929770687e-01  -2.1793662153243584e-08   0.0000000000000000e+00   0.0000000000000000e+00
0029   1.0742187500000000e-01   9.9999921755482846e-01   5.9999999931103576e-01  -2.2490332637988946e-08   0.0000000000000000e+00   0.0000000000000000e+00
0030   1.1132812500000000e-01   9.9999923315885120e-01   5.9999999932479198e-01  -2.3173463030955640e-08   0.0000000000000000e+00   0.0000000000000000e+00
0031   1.1523437500000000e-01   9.9999924922483341e-01   5.9999999933896864e-01  -2.3842635760514358e-08   0.0000000000000000e+00   0.0000000000000000e+00
0032   1.1914062500000000e-01   9.9999926574306230e-01   5.9999999935355897e-01  -2.4497442922005034e-08   0.0000000000000000e+00   0.0000000000000000e+00
0033   1.2304687500000000e-01   9.9999928270359983e-01   5.9999999936855530e-01  -2.5137482979151323e-08   0.0000000000000000e+00   0.0000000000000000e+00
0034   1.2695312500000000e-01   9.9999930009620552e-01   5.9999999938394988e-01  -2.5762363208099404e-08   0.0000000000000000e+00   0.0000000000000000e+00
0035   1.3085937500000000e-01   9.9999931791044949e-01   5.9999999939973492e-01  -2.6371699501673871e-08   0.0000000000000000e+00   0.0000000000000000e+00
0036   1.3476562500000000e-01   9.9999933613557646e-01   5.9999999941590143e-01  -2.6965115583050928e-08   0.0000000000000000e+00   0.0000000000000000e+00
0037   1.3867187500000000e-01   9.9999935476061019e-01   5.9999999943244076e-01  -2.7542245652613718e-08   0.0000000000000000e+00   0.0000000000000000e+00
0038   1.4257812500000000e-01   9.9999937377430381e-01   5.9999999944934268e-01  -2.8102731526741607e-08   0.0000000000000000e+00   0.0000000000000000e+00
0039   1.4648437500000000e-01   9.9999939316525899e-01   5.9999999946659821e-01  -2.8646225631664940e-08   0.0000000000000000e+00   0.0000000000000000e+00
0040   1.5039062500000000e-01   9.9999941292180627e-01   5.9999999948419680e-01  -2.9172390203275126e-08   0.0000000000000000e+00   0.0000000000000000e+00
0041   1.5429687500000000e-01   9.9999943303195482e-01   5.9999999950212646e-01  -2.9680897908823676e-08   0.0000000000000000e+00   0.0000000000000000e+00
0042   1.5820312500000000e-01   9.9999945348364794e-01   5.9999999952037653e-01  -3.0171430574843155e-08   0.0000000000000000e+00   0.0000000000000000e+00
0043   1.6210937500000000e-01   9.9999947426457814e-01   5.9999999953893468e-01  -3.0643682317669262e-08   0.0000000000000000e+00   0.0000000000000000e+00
0044   1.6601562500000000e-01   9.9999949536221111e-01   5.9999999955778760e-01  -3.1097358209766180e-08   0.0000000000000000e+00   0.0000000000000000e+00
0045   1.6992187500000000e-01   9.9999951676382826e-01   5.9999999957692207e-01  -3.1532174405654067e-08   0.0000000000000000e+00   0.0000000000000000e+00
0046   1.7382812500000000e-01   9.9999953845654566e-01   5.9999999959632333e-01  -3.1947859541246318e-08   0.0000000000000000e+00   0.0000000000000000e+00
0047   1.7773437500000000e-01   9.9999956042727756e-01   5.9999999961597605e-01  -3.2344155245876143e-08   0.0000000000000000e+00   0.0000000000000000e+00
0048   1.8164062500000000e-01   9.9999958266280975e-01   5.9999999963586459e-01  -3.2720814388635411e-08   0.0000000000000000e+00   0.0000000000000000e+00
0049   1.8554687500000000e-01   9.9999960514971908e-01   5.9999999965597250e-01  -3.3077604323993821e-08   0.0000000000000000e+00   0.0000000000000000e+00
0050   1.8945312500000000e-01   9.9999962787448438e-01   5.9999999967628248e-01  -3.3414304295361065e-08   0.0000000000000000e+00   0.0000000000000000e+00
0051   1.9335937500000000e-01   9.9999965082336717e-01   5.9999999969677664e-01  -3.3730708732238297e-08   0.0000000000000000e+00   0.0000000000000000e+00
0052   1.9726562500000000e-01   9.9999967398256107e-01   5.9999999971743512e-01  -3.4026627536908279e-08   0.0000000000000000e+00   0.0000000000000000e+00
0053   2.0117187500000000e-01   9.9999969733811622e-01   5.9999999973823581e-01  -3.4301887682406044e-08   0.0000000000000000e+00   0.0000000000000000e+00
0054   2.0507812500000000e-01   9.9999972087594791e-01   5.9999999975915597e-01  -3.4556331911944250e-08   0.0000000000000000e+00   0.0000000000000000e+00
0055   2.0898437500000000e-01   9.9999974458187257e-01   5.9999999978017371e-01  -3.4789817445801302e-08   0.0000000000000000e+00   0.0000000000000000e+00
0056   2.1289062500000000e-01   9.9999976844160132e-01   5.9999999980126906e-01  -3.5002215254573777e-08   0.0000000000000000e+00   0.0000000000000000e+00
0057   2.1679687500000000e-01   9.9999979244076576e-01   5.9999999982242047e-01  -3.5193409377259704e-08   0.0000000000000000e+00   0.0000000000000000e+00
0058   2.2070312500000000e-01   9.9999981656481396e-01   5.9999999984360775e-01  -3.5363307498275647e-08   0.0000000000000000e+00   0.0000000000000000e+00
0059   2.2460937500000000e-01   9.9999984079929960e-01   5.9999999986477548e-01  -3.5511833313893718e-08   0.0000000000000000e+00   0.0000000000000000e+00
0060   2.2851562500000000e-01   9.9999986512958217e-01   5.9999999988592090e-01  -3.5638982688828904e-08   0.0000000000000000e+00   0.0000000000000000e+00
0061   2.3242187500000000e-01   9.9999988954076224e-01   5.9999999990680386e-01  -3.5744710640708685e-08   0.0000000000000000e+00   0.0000000000000000e+00
0062   2.3632812500000000e-01   9.9999991401857713e-01   5.9999999992786734e-01  -3.5829206540856797e-08   0.0000000000000000e+00   0.0000000000000000e+00
0063   2.4023437500000000e-01   9.9999993854657876e-01   5.9999999994735342e-01  -3.5892296301169099e-08   0.0000000000000000e+00   0.0000000000000000e+00
0064   2.4414062500000000e-01   9.9999996311487027e-01   5.9999999997011411e-01  -3.5934322405830220e-08   0.0000000000000000e+00   0.0000000000000000e+00
0065   2.4804687500000000e-01   9.9999998769393961e-01   5.9999999998147591e-01  -3.5955348328329729e-08   0.0000000000000000e+00   0.0000000000000000e+00
0066   2.5195312500000000e-01   1.0000000123061275e+00   6.0000000001855291e-01  -3.5955315410954999e-08   0.0000000000000000e+00   0.0000000000000000e+00
0067   2.5585937500000000e-01   1.0000000368851609e+00   6.0000000002991150e-01  -3.5934226044145883e-08   0.0000000000000000e+00   0.0000000000000000e+00
0068   2.5976562500000000e-01   1.0000000614534357e+00   6.0000000005267318e-01  -3.5892136693284197e-08   0.0000000000000000e+00   0.0000000000000000e+00
0069   2.6367187500000000e-01   1.0000000859814513e+00   6.0000000007215870e-01  -3.5828986017926332e-08   0.0000000000000000e+00   0.0000000000000000e+00
0070   2.6757812500000000e-01   1.0000001104593004e+00   6.0000000009322130e-01  -3.5744430536075529e-08   0.0000000000000000e+00   0.0000000000000000e+00
0071   2.7148437500000000e-01   1.0000001348704595e+00   6.0000000011410315e-01  -3.5638645759990738e-08   0.0000000000000000e+00   0.0000000000000000e+00
0072   2.7539062500000000e-01   1.0000001592007493e+00   6.0000000013524757e-01  -3.5511441097191192e-08   0.0000000000000000e+00   0.0000000000000000e+00
0073   2.7929687500000000e-01   1.0000001834352228e+00   6.0000000015641486e-01  -3.5362862246099784e-08   0.0000000000000000e+00   0.0000000000000000e+00
0074   2.8320312500000000e-01   1.0000002075593135e+00   6.0000000017760113e-01  -3.5192913238303321e-08   0.0000000000000000e+00   0.0000000000000000e+00
0075   2.8710937500000000e-01   1.0000002315584711e+00   6.0000000019875144e-01  -3.5001669826604063e-08   0.0000000000000000e+00   0.0000000000000000e+00
0076   2.9101562500000000e-01   1.0000002554181195e+00   6.0000000021984567e-01  -3.4789224967680323e-08   0.0000000000000000e+00   0.0000000000000000e+00
0077   2.9492187500000000e-01   1.0000002791240497e+00   6.0000000024086220e-01  -3.4555693959481905e-08   0.0000000000000000e+00   0.0000000000000000e+00
0078   2.9882812500000000e-01   1.0000003026619237e+00   6.0000000026178102e-01  -3.4301206062295558e-08   0.0000000000000000e+00   0.0000000000000000e+00
0079   3.0273437500000000e-01   1.0000003260174570e+00   6.0000000028258060e-01  -3.4025903951207877e-08   0.0000000000000000e+00   0.0000000000000000e+00
0080   3.0664062500000000e-01   1.0000003491766620e+00   6.0000000030323808e-01  -3.3729944554587993e-08   0.0000000000000000e+00   0.0000000000000000e+00
0081   3.1054687500000000e-01   1.0000003721255981e+00   6.0000000032373113e-01  -3.3413501278585272e-08   0.0000000000000000e+00   0.0000000000000000e+00
0082   3.1445312500000000e-01   1.0000003948503375e+00   6.0000000034403989e-01  -3.3076764748850940e-08   0.0000000000000000e+00   0.0000000000000000e+00
0083   3.1835937500000000e-01   1.0000004173372157e+00   6.0000000036414625e-01  -3.2719939945852888e-08   0.0000000000000000e+00   0.0000000000000000e+00
0084   3.2226562500000000e-01   1.0000004395727462e+00   6.0000000038403278e-01  -3.2343248079000586e-08   0.0000000000000000e+00   0.0000000000000000e+00
0085   3.2617187500000000e-01   1.0000004615435201e+00   6.0000000040368373e-01  -3.1946921762001228e-08   0.0000000000000000e+00   0.0000000000000000e+00
0086   3.3007812500000000e-01   1.0000004832362139e+00   6.0000000042308288e-01  -3.1531208093608840e-08   0.0000000000000000e+00   0.0000000000000000e+00
0087   3.3398437500000000e-01   1.0000005046378648e+00   6.0000000044221535e-01  -3.1096365449245321e-08   0.0000000000000000e+00   0.0000000000000000e+00
0088   3.3789062500000000e-01   1.0000005257354181e+00   6.0000000046106616e-01  -3.0642665458186420e-08   0.0000000000000000e+00   0.0000000000000000e+00
0089   3.4179687500000000e-01   1.0000005465163466e+00   6.0000000047962210e-01  -3.0170391299337361e-08   0.0000000000000000e+00   0.0000000000000000e+00
0090   3.4570312500000000e-01   1.0000005669680654e+00   6.0000000049787006e-01  -2.9679838425468041e-08   0.0000000000000000e+00   0.0000000000000000e+00
0091   3.4960937500000000e-01   1.0000005870782229e+00   6.0000000051579760e-01  -2.9171313692163178e-08   0.0000000000000000e+00   0.0000000000000000e+00
0092   3.5351562500000000e-01   1.0000006068347325e+00   6.0000000053339375e-01  -2.8645133561994534e-08   0.0000000000000000e+00   0.0000000000000000e+00
0093   3.5742187500000000e-01   1.0000006262257224e+00   6.0000000055064706e-01  -2.8101626338839707e-08   0.0000000000000000e+00   0.0000000000000000e+00
0094   3.6132812500000000e-01   1.0000006452394006e+00   6.0000000056754732e-01  -2.7541129677110045e-08   0.0000000000000000e+00   0.0000000000000000e+00
0095   3.6523437500000000e-01   1.0000006638644565e+00   6.0000000058408420e-01  -2.6963991413020766e-08   0.0000000000000000e+00   0.0000000000000000e+00
0096   3.6914062500000000e-01   1.0000006820895440e+00   6.0000000060024872e-01  -2.6370569321627099e-08   0.0000000000000000e+00   0.0000000000000000e+00
0097   3.7304687500000000e-01   1.0000006999038222e+00   6.0000000061603131e-01  -2.5761229501416587e-08   0.0000000000000000e+00   0.0000000000000000e+00
0098   3.7695312500000000e-01   1.0000007172964256e+00   6.0000000063142378e-01  -2.5136348192370426e-08   0.0000000000000000e+00   0.0000000000000000e+00
0099   3.8085937500000000e-01   1.0000007342569490e+00   6.0000000064641790e-01  -2.4496309799699025e-08   0.0000000000000000e+00   0.0000000000000000e+00
0100   3.8476562500000000e-01   1.0000007507752142e+00   6.0000000066100567e-01  -2.3841506674266281e-08   0.0000000000000000e+00   0.0000000000000000e+00
0101   3.8867187500000000e-01   1.0000007668411568e+00   6.0000000067518011e-01  -2.3172340053459703e-08   0.0000000000000000e+00   0.0000000000000000e+00
0102   3.9257812500000000e-01   1.0000007824452268e+00   6.0000000068893400e-01  -2.2489218734814138e-08   0.0000000000000000e+00   0.0000000000000000e+00
0103   3.9648437500000000e-01   1.0000007975778396e+00   6.0000000070226045e-01  -2.1792559729447596e-08   0.0000000000000000e+00   0.0000000000000000e+00
0104   4.0039062500000000e-01   1.0000008122301136e+00   6.0000000071515303e-01  -2.1082786461674771e-08   0.0000000000000000e+00   0.0000000000000000e+00
0105   4.0429687500000000e-01   1.0000008263931379e+00   6.0000000072760551e-01  -2.0360330885437965e-08   0.0000000000000000e+00   0.0000000000000000e+00
0106   4.0820312500000000e-01   1.0000008400583731e+00   6.0000000073961168e-01  -1.9625631134802932e-08   0.0000000000000000e+00   0.0000000000000000e+00
0107   4.1210937500000000e-01   1.0000008532175617e+00   6.0000000075116577e-01  -1.8879132196812214e-08   0.0000000000000000e+00   0.0000000000000000e+00
0108   4.1601562500000000e-01   1.0000008658627819e+00   6.0000000076226190e-01  -1.8121285508382391e-08   0.0000000000000000e+00   0.0000000000000000e+00
0109   4.1992187500000000e-01   1.0000008779864602e+00   6.0000000077289439e-01  -1.7352549451645579e-08   0.0000000000000000e+00   0.0000000000000000e+00
0110   4.2382812500000000e-01   1.0000008895812258e+00   6.0000000078305860e-01  -1.6573387767119333e-08   0.0000000000000000e+00   0.0000000000000000e+00
0111   4.2773437500000000e-01   1.0000009006401702e+00   6.0000000079274884e-01  -1.5784269796373069e-08   0.0000000000000000e+00   0.0000000000000000e+00
0112   4.3164062500000000e-01   1.0000009111565753e+00   6.0000000080196070e-01  -1.4985671659905172e-08   0.0000000000000000e+00   0.0000000000000000e+00
0113   4.3554687500000000e-01   1.0000009211241585e+00   6.0000000081068927e-01  -1.4178073377775789e-08   0.0000000000000000e+00   0.0000000000000000e+00
0114   4.3945312500000000e-01   1.0000009305368920e+00   6.0000000081893023e-01  -1.3361961097741560e-08   0.0000000000000000e+00   0.0000000000000000e+00
0115   4.4335937500000000e-01   1.0000009393891263e+00   6.0000000082667915e-01  -1.2537825899151161e-08   0.0000000000000000e+00   0.0000000000000000e+00
0116   4.4726562500000000e-01   1.0000009476754304e+00   6.0000000083393201e-01  -1.1706162227393009e-08   0.0000000000000000e+00   0.0000000000000000e+00
0117   4.5117187500000000e-01   1.0000009553909901e+00   6.0000000084068483e-01  -1.0867470429406751e-08   0.0000000000000000e+00   0.0000000000000000e+00
0118   4.5507812500000000e-01   1.0000009625310247e+00   6.0000000084693417e-01  -1.0022253740844122e-08   0.0000000000000000e+00   0.0000000000000000e+00
0119   4.5898437500000000e-01   1.0000009690912339e+00   6.0000000085267646e-01  -9.1710197092275219e-09   0.0000000000000000e+00   0.0000000000000000e+00
0120   4.6289062500000000e-01   1.0000009750677592e+00   6.0000000085790883e-01  -8.3142791606174832e-09   0.0000000000000000e+00   0.0000000000000000e+00
0121   4.6679687500000000e-01   1.0000009804569141e+00   6.0000000086262817e-01  -7.4525469194995059e-09   0.0000000000000000e+00   0.0000000000000000e+00
0122   4.7070312500000000e-01   1.0000009852554710e+00   6.0000000086683192e-01  -6.5863398110174371e-09   0.0000000000000000e+00   0.0000000000000000e+00
0123   4.7460937500000000e-01   1.0000009894605584e+00   6.0000000087051808e-01  -5.7161769748621399e-09   0.0000000000000000e+00   0.0000000000000000e+00
0124   4.7851562500000000e-01   1.0000009930696443e+00   6.0000000087368521e-01  -4.8425864771079276e-09   0.0000000000000000e+00   0.0000000000000000e+00
0125   4.8242187500000000e-01   1.0000009960805207e+00   6.0000000087633132e-01  -3.9660728791957357e-09   0.0000000000000000e+00   0.0000000000000000e+00
0126   4.8632812500000000e-01   1.0000009984914520e+00   6.0000000087845329e-01  -3.0872202708747619e-09   0.0000000000000000e+00   0.0000000000000000e+00
0127   4.9023437500000000e-01   1.0000010003009445e+00   6.0000000088007133e-01  -2.2063937595015386e-09   0.0000000000000000e+00   0.0000000000000000e+00
0128   4.9414062500000000e-01   1.0000010015078387e+00   6.0000000088111127e-01  -1.3245404205337636e-09   0.0000000000000000e+00   0.0000000000000000e+00
0129   4.9804687500000000e-01   1.0000010021115484e+00   6.0000000088180105e-01  -4.4118200801462113e-10   0.0000000000000000e+00   0.0000000000000000e+00
0130   5.0195312500000000e-01   1.0000010021115309e+00   6.0000000088180094e-01   4.4118066680072710e-10   0.0000000000000000e+00   0.0000000000000000e+00
0131   5.0585937500000000e-01   1.0000010015078495e+00   6.0000000088111116e-01   1.3245396009003730e-09   0.0000000000000000e+00   0.0000000000000000e+00
0132   5.0976562500000000e-01   1.0000010003009003e+00   6.0000000088007122e-01   2.2063928281010355e-09   0.0000000000000000e+00   0.0000000000000000e+00
0133   5.1367187500000000e-01   1.0000009984914187e+00   6.0000000087845284e-01   3.0872194884972486e-09   0.0000000000000000e+00   0.0000000000000000e+00
0134   5.1757812500000000e-01   1.0000009960805267e+00   6.0000000087633099e-01   3.9660720968180624e-09   0.0000000000000000e+00   0.0000000000000000e+00
0135   5.2148437500000000e-01   1.0000009930696254e+00   6.0000000087368466e-01   4.8425851358940857e-09   0.0000000000000000e+00   0.0000000000000000e+00
0136   5.2539062500000000e-01   1.0000009894605362e+00   6.0000000087051786e-01   5.7161761552288912e-09   0.0000000000000000e+00   0.0000000000000000e+00
0137   5.2929687500000000e-01   1.0000009852554710e+00   6.0000000086683192e-01   6.5863389541284625e-09   0.0000000000000000e+00   0.0000000000000000e+00
0138   5.3320312500000000e-01   1.0000009804569052e+00   6.0000000086262772e-01   7.4525460626105130e-09   0.0000000000000000e+00   0.0000000000000000e+00
0139   5.3710937500000000e-01   1.0000009750677537e+00   6.0000000085790839e-01   8.3142786762859846e-09   0.0000000000000000e+00   0.0000000000000000e+00
0140   5.4101562500000000e-01   1.0000009690912322e+00   6.0000000085267635e-01   9.1710192621518112e-09   0.0000000000000000e+00   0.0000000000000000e+00
0141   5.4492187500000000e-01   1.0000009625310027e+00   6.0000000084693406e-01   1.0022253517303189e-08   0.0000000000000000e+00   0.0000000000000000e+00
0142   5.4882812500000000e-01   1.0000009553909597e+00   6.0000000084068483e-01   1.0867470876469556e-08   0.0000000000000000e+00   0.0000000000000000e+00
0143   5.5273437500000000e-01   1.0000009476754887e+00   6.0000000083393201e-01   1.1706163121524176e-08   0.0000000000000000e+00   0.0000000000000000e+00
0144   5.5664062500000000e-01   1.0000009393891209e+00   6.0000000082667926e-01   1.2537826718771005e-08   0.0000000000000000e+00   0.0000000000000000e+00
0145   5.6054687500000000e-01   1.0000009305368871e+00   6.0000000081893057e-01   1.3361962513453921e-08   0.0000000000000000e+00   0.0000000000000000e+00
0146   5.6445312500000000e-01   1.0000009211241838e+00   6.0000000081068983e-01   1.4178074681720417e-08   0.0000000000000000e+00   0.0000000000000000e+00
0147   5.6835937500000000e-01   1.0000009111566048e+00   6.0000000080196136e-01   1.4985672926594180e-08   0.0000000000000000e+00   0.0000000000000000e+00
0148   5.7226562500000000e-01   1.0000009006401516e+00   6.0000000079274940e-01   1.5784271249341140e-08   0.0000000000000000e+00   0.0000000000000000e+00
0149   5.7617187500000000e-01   1.0000008895811754e+00   6.0000000078305893e-01   1.6573388698508341e-08   0.0000000000000000e+00   0.0000000000000000e+00
0150   5.8007812500000000e-01   1.0000008779864482e+00   6.0000000077289473e-01   1.7352550308521926e-08   0.0000000000000000e+00   0.0000000000000000e+00
0151   5.8398437500000000e-01   1.0000008658627295e+00   6.0000000076226190e-01   1.8121286328003694e-08   0.0000000000000000e+00   0.0000000000000000e+00
0152   5.8789062500000000e-01   1.0000008532175511e+00   6.0000000075116577e-01   1.8879132755643335e-08   0.0000000000000000e+00   0.0000000000000000e+00
0153   5.9179687500000000e-01   1.0000008400583629e+00   6.0000000073961157e-01   1.9625631470099095e-08   0.0000000000000000e+00   0.0000000000000000e+00
0154   5.9570312500000000e-01   1.0000008263931164e+00   6.0000000072760484e-01   2.0360331518780232e-08   0.0000000000000000e+00   0.0000000000000000e+00
0155   5.9960937500000000e-01   1.0000008122301496e+00   6.0000000071515192e-01   2.1082786647947143e-08   0.0000000000000000e+00   0.0000000000000000e+00
0156   6.0351562500000000e-01   1.0000007975779048e+00   6.0000000070225912e-01   2.1792559207859513e-08   0.0000000000000000e+00   0.0000000000000000e+00
0157   6.0742187500000000e-01   1.0000007824451489e+00   6.0000000068893211e-01   2.2489218064206180e-08   0.0000000000000000e+00   0.0000000000000000e+00
0158   6.1132812500000000e-01   1.0000007668411350e+00   6.0000000067517811e-01   2.3172339010293673e-08   0.0000000000000000e+00   0.0000000000000000e+00
0159   6.1523437500000000e-01   1.0000007507751776e+00   6.0000000066100345e-01   2.3841505444822006e-08   0.0000000000000000e+00   0.0000000000000000e+00
0160   6.1914062500000000e-01   1.0000007342569570e+00   6.0000000064641501e-01   2.4496308085928384e-08   0.0000000000000000e+00   0.0000000000000000e+00
0161   6.2304687500000000e-01   1.0000007172964356e+00   6.0000000063142089e-01   2.5136346478600080e-08   0.0000000000000000e+00   0.0000000000000000e+00
0162   6.2695312500000000e-01   1.0000006999037891e+00   6.0000000061602854e-01   2.5761227303322761e-08   0.0000000000000000e+00   0.0000000000000000e+00
0163   6.3085937500000000e-01   1.0000006820895866e+00   6.0000000060024583e-01   2.6370566825484941e-08   0.0000000000000000e+00   0.0000000000000000e+00
0164   6.3476562500000000e-01   1.0000006638644483e+00   6.0000000058408154e-01   2.6963988693345323e-08   0.0000000000000000e+00   0.0000000000000000e+00
0165   6.3867187500000000e-01   1.0000006452394117e+00   6.0000000056754477e-01   2.7541126659388199e-08   0.0000000000000000e+00   0.0000000000000000e+00
0166   6.4257812500000000e-01   1.0000006262256778e+00   6.0000000055064484e-01   2.8101623060329023e-08   0.0000000000000000e+00   0.0000000000000000e+00
0167   6.4648437500000000e-01   1.0000006068347633e+00   6.0000000053339153e-01   2.8645130171714669e-08   0.0000000000000000e+00   0.0000000000000000e+00
0168   6.5039062500000000e-01   1.0000005870782103e+00   6.0000000051579550e-01   2.9171309780303426e-08   0.0000000000000000e+00   0.0000000000000000e+00
0169   6.5429687500000000e-01   1.0000005669680732e+00   6.0000000049786784e-01   2.9679834699886905e-08   0.0000000000000000e+00   0.0000000000000000e+00
0170   6.5820312500000000e-01   1.0000005465163850e+00   6.0000000047962021e-01   3.0170387461987472e-08   0.0000000000000000e+00   0.0000000000000000e+00
0171   6.6210937500000000e-01   1.0000005257354494e+00   6.0000000046106428e-01   3.0642661509070103e-08   0.0000000000000000e+00   0.0000000000000000e+00
0172   6.6601562500000000e-01   1.0000005046378326e+00   6.0000000044221358e-01   3.1096361425618712e-08   0.0000000000000000e+00   0.0000000000000000e+00
0173   6.6992187500000000e-01   1.0000004832362093e+00   6.0000000042308155e-01   3.1531204368028422e-08   0.0000000000000000e+00   0.0000000000000000e+00
0174   6.7382812500000000e-01   1.0000004615434863e+00   6.0000000040368218e-01   3.1946918408979239e-08   0.0000000000000000e+00   0.0000000000000000e+00
0175   6.7773437500000000e-01   1.0000004395727331e+00   6.0000000038403134e-01   3.2343244316164794e-08   0.0000000000000000e+00   0.0000000000000000e+00
0176   6.8164062500000000e-01   1.0000004173372408e+00   6.0000000036414480e-01   3.2719936704597307e-08   0.0000000000000000e+00   0.0000000000000000e+00
0177   6.8554687500000000e-01   1.0000003948503124e+00   6.0000000034403889e-01   3.3076761395828971e-08   0.0000000000000000e+00   0.0000000000000000e+00
0178   6.8945312500000000e-01   1.0000003721255657e+00   6.0000000032373058e-01   3.3413498484400212e-08   0.0000000000000000e+00   0.0000000000000000e+00
0179   6.9335937500000000e-01   1.0000003491766976e+00   6.0000000030323775e-01   3.3729941760401153e-08   0.0000000000000000e+00   0.0000000000000000e+00
0180   6.9726562500000000e-01   1.0000003260174548e+00   6.0000000028258060e-01   3.4025901268789588e-08   0.0000000000000000e+00   0.0000000000000000e+00
0181   7.0117187500000000e-01   1.0000003026619206e+00   6.0000000026178113e-01   3.4301203715178868e-08   0.0000000000000000e+00   0.0000000000000000e+00
0182   7.0507812500000000e-01   1.0000002791240796e+00   6.0000000024086220e-01   3.4555691761388267e-08   0.0000000000000000e+00   0.0000000000000000e+00
0183   7.0898437500000000e-01   1.0000002554181502e+00   6.0000000021984567e-01   3.4789222695074984e-08   0.0000000000000000e+00   0.0000000000000000e+00
0184   7.1289062500000000e-01   1.0000002315584522e+00   6.0000000019875144e-01   3.5001668299115793e-08   0.0000000000000000e+00   0.0000000000000000e+00
0185   7.1679687500000000e-01   1.0000002075593155e+00   6.0000000017760091e-01   3.5192911599047413e-08   0.0000000000000000e+00   0.0000000000000000e+00
0186   7.2070312500000000e-01   1.0000001834352312e+00   6.0000000015641475e-01   3.5362861277447285e-08   0.0000000000000000e+00   0.0000000000000000e+00
0187   7.2460937500000000e-01   1.0000001592007555e+00   6.0000000013524757e-01   3.5511440091283855e-08   0.0000000000000000e+00   0.0000000000000000e+00
0188   7.2851562500000000e-01   1.0000001348704839e+00   6.0000000011410304e-01   3.5638645312919800e-08   0.0000000000000000e+00   0.0000000000000000e+00
0189   7.3242187500000000e-01   1.0000001104592864e+00   6.0000000009322108e-01   3.5744430610586840e-08   0.0000000000000000e+00   0.0000000000000000e+00
0190   7.3632812500000000e-01   1.0000000859814744e+00   6.0000000007215837e-01   3.5828986204203985e-08   0.0000000000000000e+00   0.0000000000000000e+00
0191   7.4023437500000000e-01   1.0000000614534457e+00   6.0000000005267295e-01   3.5892137401143781e-08   0.0000000000000000e+00   0.0000000000000000e+00
0192   7.4414062500000000e-01   1.0000000368851605e+00   6.0000000002991105e-01   3.5934226118656877e-08   0.0000000000000000e+00   0.0000000000000000e+00
0193   7.4804687500000000e-01   1.0000000123061163e+00   6.0000000001855247e-01   3.5955315634490435e-08   0.0000000000000000e+00   0.0000000000000000e+00
0194   7.5195312500000000e-01   9.9999998769396059e-01   5.9999999998147557e-01   3.5955348402840821e-08   0.0000000000000000e+00   0.0000000000000000e+00
0195   7.5585937500000000e-01   9.9999996311484862e-01   5.9999999997011388e-01   3.5934322778388093e-08   0.0000000000000000e+00   0.0000000000000000e+00
0196   7.5976562500000000e-01   9.9999993854658098e-01   5.9999999994735298e-01   3.5892296450191900e-08   0.0000000000000000e+00   0.0000000000000000e+00
0197   7.6367187500000000e-01   9.9999991401856969e-01   5.9999999992786679e-01   3.5829206727136647e-08   0.0000000000000000e+00   0.0000000000000000e+00
0198   7.6757812500000000e-01   9.9999988954075025e-01   5.9999999990680319e-01   3.5744710976012640e-08   0.0000000000000000e+00   0.0000000000000000e+00
0199   7.7148437500000000e-01   9.9999986512957661e-01   5.9999999988592045e-01   3.5638983433945775e-08   0.0000000000000000e+00   0.0000000000000000e+00
0200   7.7539062500000000e-01   9.9999984079930015e-01   5.9999999986477504e-01   3.5511833723707760e-08   0.0000000000000000e+00   0.0000000000000000e+00
0201   7.7929687500000000e-01   9.9999981656482806e-01   5.9999999984360719e-01   3.5363307982601741e-08   0.0000000000000000e+00   0.0000000000000000e+00
0202   7.8320312500000000e-01   9.9999979244075043e-01   5.9999999982241992e-01   3.5193410085121439e-08   0.0000000000000000e+00   0.0000000000000000e+00
0203   7.8710937500000000e-01   9.9999976844160798e-01   5.9999999980126861e-01   3.5002215925180250e-08   0.0000000000000000e+00   0.0000000000000000e+00
0204   7.9101562500000000e-01   9.9999974458186180e-01   5.9999999978017338e-01   3.4789817967383505e-08   0.0000000000000000e+00   0.0000000000000000e+00
0205   7.9492187500000000e-01   9.9999972087593514e-01   5.9999999975915574e-01   3.4556332619806408e-08   0.0000000000000000e+00   0.0000000000000000e+00
0206   7.9882812500000000e-01   9.9999969733811866e-01   5.9999999973823537e-01   3.4301888576546802e-08   0.0000000000000000e+00   0.0000000000000000e+00
0207   8.0273437500000000e-01   9.9999967398255263e-01   5.9999999971743456e-01   3.4026628393793867e-08   0.0000000000000000e+00   0.0000000000000000e+00
0208   8.0664062500000000e-01   9.9999965082335140e-01   5.9999999969677587e-01   3.3730708993031694e-08   0.0000000000000000e+00   0.0000000000000000e+00
0209   8.1054687500000000e-01   9.9999962787442609e-01   5.9999999967628148e-01   3.3414304481644078e-08   0.0000000000000000e+00   0.0000000000000000e+00
0210   8.1445312500000000e-01   9.9999960514970976e-01   5.9999999965597117e-01   3.3077604249484330e-08   0.0000000000000000e+00   0.0000000000000000e+00
0211   8.1835937500000000e-01   9.9999958266280564e-01   5.9999999963586337e-01   3.2720814351382684e-08   0.0000000000000000e+00   0.0000000000000000e+00
0212   8.2226562500000000e-01   9.9999956042728888e-01   5.9999999961597472e-01   3.2344155394902114e-08   0.0000000000000000e+00   0.0000000000000000e+00
0213   8.2617187500000000e-01   9.9999953845652756e-01   5.9999999959632189e-01   3.1947860100086053e-08   0.0000000000000000e+00   0.0000000000000000e+00
0214   8.3007812500000000e-01   9.9999951676381194e-01   5.9999999957692052e-01   3.1532174554681004e-08   0.0000000000000000e+00   0.0000000000000000e+00
0215   8.3398437500000000e-01   9.9999949536222810e-01   5.9999999955778605e-01   3.1097358805862784e-08   0.0000000000000000e+00   0.0000000000000000e+00
0216   8.3789062500000000e-01   9.9999947426458324e-01   5.9999999953893302e-01   3.0643683323579306e-08   0.0000000000000000e+00   0.0000000000000000e+00
0217   8.4179687500000000e-01   9.9999945348363617e-01   5.9999999952037475e-01   3.0171431580753815e-08   0.0000000000000000e+00   0.0000000000000000e+00
0218   8.4570312500000000e-01   9.9999943303195937e-01   5.9999999950212479e-01   2.9680898840222875e-08   0.0000000000000000e+00   0.0000000000000000e+00
0219   8.4960937500000000e-01   9.9999941292176830e-01   5.9999999948419491e-01   2.9172391320954939e-08   0.0000000000000000e+00   0.0000000000000000e+00
0220   8.5351562500000000e-01   9.9999939316528652e-01   5.9999999946659666e-01   2.8646226786597997e-08   0.0000000000000000e+00   0.0000000000000000e+00
0221   8.5742187500000000e-01   9.9999937377429582e-01   5.9999999944934124e-01   2.8102732681676344e-08   0.0000000000000000e+00   0.0000000000000000e+00
0222   8.6132812500000000e-01   9.9999935476058688e-01   5.9999999943243909e-01   2.7542246695781591e-08   0.0000000000000000e+00   0.0000000000000000e+00
0223   8.6523437500000000e-01   9.9999933613555747e-01   5.9999999941590010e-01   2.6965116887009856e-08   0.0000000000000000e+00   0.0000000000000000e+00
0224   8.6914062500000000e-01   9.9999931791043861e-01   5.9999999939973392e-01   2.6371700433074797e-08   0.0000000000000000e+00   0.0000000000000000e+00
0225   8.7304687500000000e-01   9.9999930009620563e-01   5.9999999938394932e-01   2.5762364325779201e-08   0.0000000000000000e+00   0.0000000000000000e+00
0226   8.7695312500000000e-01   9.9999928270358507e-01   5.9999999936855486e-01   2.5137484022319206e-08   0.0000000000000000e+00   0.0000000000000000e+00
0227   8.8085937500000000e-01   9.9999926574305653e-01   5.9999999935355874e-01   2.4497443853406116e-08   0.0000000000000000e+00   0.0000000000000000e+00
0228   8.8476562500000000e-01   9.9999924922483485e-01   5.9999999933896875e-01   2.3842636840937718e-08   0.0000000000000000e+00   0.0000000000000000e+00
0229   8.8867187500000000e-01   9.9999923315886119e-01   5.9999999932479209e-01   2.3173463701565663e-08   0.0000000000000000e+00   0.0000000000000000e+00
0230   8.9257812500000000e-01   9.9999921755483645e-01   5.9999999931103565e-01   2.2490333494878889e-08   0.0000000000000000e+00   0.0000000000000000e+00
0231   8.9648437500000000e-01   9.9999920242212481e-01   5.9999999929770675e-01   2.1793662712087004e-08   0.0000000000000000e+00   0.0000000000000000e+00
0232   9.0039062500000000e-01   9.9999918776985175e-01   5.9999999928481185e-01   2.1083876120800982e-08   0.0000000000000000e+00   0.0000000000000000e+00
0233   9.0429687500000000e-01   9.9999917360684942e-01   5.9999999927235703e-01   2.0361404336239502e-08   0.0000000000000000e+00   0.0000000000000000e+00
0234   9.0820312500000000e-01   9.9999915994163380e-01   5.9999999926034864e-01   1.9626685905165384e-08   0.0000000000000000e+00   0.0000000000000000e+00
0235   9.1210937500000000e-01   9.9999914678241963e-01   5.9999999924879233e-01   1.8880165817895670e-08   0.0000000000000000e+00   0.0000000000000000e+00
0236   9.1601562500000000e-01   9.9999913413720198e-01   5.9999999923769354e-01   1.8122295589511217e-08   0.0000000000000000e+00   0.0000000000000000e+00
0237   9.1992187500000000e-01   9.9999912201356111e-01   5.9999999922705805e-01   1.7353533084596451e-08   0.0000000000000000e+00   0.0000000000000000e+00
0238   9.2382812500000000e-01   9.9999911041876899e-01   5.9999999921689129e-01   1.6574341936293454e-08   0.0000000000000000e+00   0.0000000000000000e+00
0239   9.2773437500000000e-01   9.9999909935982545e-01   5.9999999920719793e-01   1.5785192981149005e-08   0.0000000000000000e+00   0.0000000000000000e+00
0240   9.3164062500000000e-01   9.9999908884337851e-01   5.9999999919798308e-01   1.4986560370192844e-08   0.0000000000000000e+00   0.0000000000000000e+00
0241   9.3554687500000000e-01   9.9999907887579131e-01   5.9999999918925129e-01   1.4178925656389190e-08   0.0000000000000000e+00   0.0000000000000000e+00
0242   9.3945312500000000e-01   9.9999906946306882e-01   5.9999999918100722e-01   1.3362774061833965e-08   0.0000000000000000e+00   0.0000000000000000e+00
0243   9.4335937500000000e-01   9.9999906061089261e-01   5.9999999917325531e-01   1.2538597230749501e-08   0.0000000000000000e+00   0.0000000000000000e+00
0244   9.4726562500000000e-01   9.9999905232450204e-01   5.9999999916599944e-01   1.1706890024662302e-08   0.0000000000000000e+00   0.0000000000000000e+00
0245   9.5117187500000000e-01   9.9999904460896827e-01   5.9999999915924340e-01   1.0868152238273773e-08   0.0000000000000000e+00   0.0000000000000000e+00
0246   9.5507812500000000e-01   9.9999903746896057e-01   5.9999999915299129e-01   1.0022887412135051e-08   0.0000000000000000e+00   0.0000000000000000e+00
0247   9.5898437500000000e-01   9.9999903090870546e-01   5.9999999914724611e-01   9.1716038832373657e-09   0.0000000000000000e+00   0.0000000000000000e+00
0248   9.6289062500000000e-01   9.9999902493223281e-01   5.9999999914201096e-01   8.3148124849604884e-09   0.0000000000000000e+00   0.0000000000000000e+00
0249   9.6679687500000000e-01   9.9999901954306036e-01   5.9999999913728885e-01   7.4530273041991421e-09   0.0000000000000000e+00   0.0000000000000000e+00
0250   9.7070312500000000e-01   9.9999901474449171e-01   5.9999999913308233e-01   6.5867666640433254e-09   0.0000000000000000e+00   0.0000000000000000e+00
0251   9.7460937500000000e-01   9.9999901053938001e-01   5.9999999912939395e-01   5.7165487434140352e-09   0.0000000000000000e+00   0.0000000000000000e+00
0252   9.7851562500000000e-01   9.9999900693031352e-01   5.9999999912622470e-01   4.8429024360588380e-09   0.0000000000000000e+00   0.0000000000000000e+00
0253   9.8242187500000000e-01   9.9999900391940499e-01   5.9999999912357649e-01   3.9663326841025671e-09   0.0000000000000000e+00   0.0000000000000000e+00
0254   9.8632812500000000e-01   9.9999900150849330e-01   5.9999999912145352e-01   3.0874229150819839e-09   0.0000000000000000e+00   0.0000000000000000e+00
0255   9.9023437500000000e-01   9.9999899969902539e-01   5.9999999911983426e-01   2.2065391757928045e-09   0.0000000000000000e+00   0.0000000000000000e+00
0256   9.9414062500000000e-01   9.9999899849212903e-01   5.9999999911879376e-01   1.3246285882255705e-09   0.0000000000000000e+00   0.0000000000000000e+00
0257   9.9804687500000000e-01   9.9999899788833990e-01   5.9999999911810376e-01   4.4121235405850542e-10   0.0000000000000000e+00   0.0000000000000000e+00
