# Athena++ data at time=1.070019e+02  cycle=54785  variables=prim 
# i       x1v         rho          press          vel1         vel2         vel3     
0002   1.9531250000000000e-03   9.9999899964285299e-01   6.0000000087260774e-01   4.4208694232915463e-10   0.0000000000000000e+00   0.0000000000000000e+00
0003   5.8593750000000000e-03   9.9999900024524679e-01   6.0000000087191963e-01   1.3272560414277668e-09   0.0000000000000000e+00   0.0000000000000000e+00
0004   9.7656250000000000e-03   9.9999900145005383e-01   6.0000000087088456e-01   2.2109149191542725e-09   0.0000000000000000e+00   0.0000000000000000e+00
0005   1.3671875000000000e-02   9.9999900325631919e-01   6.0000000086927341e-01   3.0935404979216543e-09   0.0000000000000000e+00   0.0000000000000000e+00
0006   1.7578125000000000e-02   9.9999900566298061e-01   6.0000000086716121e-01   3.9741820819885722e-09   0.0000000000000000e+00   0.0000000000000000e+00
0007   2.1484375000000000e-02   9.9999900866860536e-01   6.0000000086452721e-01   4.8524708051791107e-09   0.0000000000000000e+00   0.0000000000000000e+00
0008   2.5390625000000000e-02   9.9999901227136856e-01   6.0000000086137484e-01   5.7278211884519583e-09   0.0000000000000000e+00   0.0000000000000000e+00
0009   2.9296875000000000e-02   9.9999901646910472e-01   6.0000000085770655e-01   6.5997261146373976e-09   0.0000000000000000e+00   0.0000000000000000e+00
0010   3.3203125000000000e-02   9.9999902125930384e-01   6.0000000085352390e-01   7.4676539483598687e-09   0.0000000000000000e+00   0.0000000000000000e+00
0011   3.7109375000000000e-02   9.9999902663904494e-01   6.0000000084882943e-01   8.3310845067357490e-09   0.0000000000000000e+00   0.0000000000000000e+00
0012   4.1015625000000000e-02   9.9999903260510226e-01   6.0000000084362626e-01   9.1894978256429401e-09   0.0000000000000000e+00   0.0000000000000000e+00
0013   4.4921875000000000e-02   9.9999903915387789e-01   6.0000000083791771e-01   1.0042377863890641e-08   0.0000000000000000e+00   0.0000000000000000e+00
0014   4.8828125000000000e-02   9.9999904628144953e-01   6.0000000083170713e-01   1.0889212703534583e-08   0.0000000000000000e+00   0.0000000000000000e+00
0015   5.2734375000000000e-02   9.9999905398349476e-01   6.0000000082499849e-01   1.1729492624592771e-08   0.0000000000000000e+00   0.0000000000000000e+00
0016   5.6640625000000000e-02   9.9999906225539970e-01   6.0000000081779603e-01   1.2562713877702459e-08   0.0000000000000000e+00   0.0000000000000000e+00
0017   6.0546875000000000e-02   9.9999907109215858e-01   6.0000000081010452e-01   1.3388376344441137e-08   0.0000000000000000e+00   0.0000000000000000e+00
0018   6.4453125000000000e-02   9.9999908048846553e-01   6.0000000080192850e-01   1.4205983840237158e-08   0.0000000000000000e+00   0.0000000000000000e+00
0019   6.8359375000000000e-02   9.9999909043866597e-01   6.0000000079327254e-01   1.5015046351836453e-08   0.0000000000000000e+00   0.0000000000000000e+00
0020   7.2265625000000000e-02   9.9999910093677191e-01   6.0000000078414217e-01   1.5815078881555080e-08   0.0000000000000000e+00   0.0000000000000000e+00
0021   7.6171875000000000e-02   9.9999911197640090e-01   6.0000000077454263e-01   1.6605600660979935e-08   0.0000000000000000e+00   0.0000000000000000e+00
0022   8.0078125000000000e-02   9.9999912355097342e-01   6.0000000076447990e-01   1.7386138534032292e-08   0.0000000000000000e+00   0.0000000000000000e+00
0023   8.3984375000000000e-02   9.9999913565347864e-01   6.0000000075395898e-01   1.8156223220706828e-08   0.0000000000000000e+00   0.0000000000000000e+00
0024   8.7890625000000000e-02   9.9999914827663161e-01   6.0000000074298632e-01   1.8915393587177480e-08   0.0000000000000000e+00   0.0000000000000000e+00
0025   9.1796875000000000e-02   9.9999916141283163e-01   6.0000000073156734e-01   1.9663193274650388e-08   0.0000000000000000e+00   0.0000000000000000e+00
0026   9.5703125000000000e-02   9.9999917505417235e-01   6.0000000071970827e-01   2.0399173434196476e-08   0.0000000000000000e+00   0.0000000000000000e+00
0027   9.9609375000000000e-02   9.9999918919244390e-01   6.0000000070741522e-01   2.1122891508323019e-08   0.0000000000000000e+00   0.0000000000000000e+00
0028   1.0351562500000000e-01   9.9999920381910634e-01   6.0000000069469495e-01   2.1833911461221242e-08   0.0000000000000000e+00   0.0000000000000000e+00
0029   1.0742187500000000e-01   9.9999921892534083e-01   6.0000000068155357e-01   2.2531805606541520e-08   0.0000000000000000e+00   0.0000000000000000e+00
0030   1.1132812500000000e-01   9.9999923450206363e-01   6.0000000066799786e-01   2.3216152444172788e-08   0.0000000000000000e+00   0.0000000000000000e+00
0031   1.1523437500000000e-01   9.9999925053989935e-01   6.0000000065403425e-01   2.3886538366847206e-08   0.0000000000000000e+00   0.0000000000000000e+00
0032   1.1914062500000000e-01   9.9999926702916742e-01   6.0000000063966918e-01   2.4542557759810743e-08   0.0000000000000000e+00   0.0000000000000000e+00
0033   1.2304687500000000e-01   9.9999928395994353e-01   6.0000000062490966e-01   2.5183811754195957e-08   0.0000000000000000e+00   0.0000000000000000e+00
0034   1.2695312500000000e-01   9.9999930132201964e-01   6.0000000060976311e-01   2.5809910179174228e-08   0.0000000000000000e+00   0.0000000000000000e+00
0035   1.3085937500000000e-01   9.9999931910495199e-01   6.0000000059423642e-01   2.6420471198861322e-08   0.0000000000000000e+00   0.0000000000000000e+00
0036   1.3476562500000000e-01   9.9999933729800738e-01   6.0000000057833691e-01   2.7015121428043411e-08   0.0000000000000000e+00   0.0000000000000000e+00
0037   1.3867187500000000e-01   9.9999935589023026e-01   6.0000000056207259e-01   2.7593494850062989e-08   0.0000000000000000e+00   0.0000000000000000e+00
0038   1.4257812500000000e-01   9.9999937487042911e-01   6.0000000054545122e-01   2.8155236162358123e-08   0.0000000000000000e+00   0.0000000000000000e+00
0039   1.4648437500000000e-01   9.9999939422715689e-01   6.0000000052848113e-01   2.8699997111999121e-08   0.0000000000000000e+00   0.0000000000000000e+00
0040   1.5039062500000000e-01   9.9999941394877134e-01   6.0000000051117153e-01   2.9227440164574672e-08   0.0000000000000000e+00   0.0000000000000000e+00
0041   1.5429687500000000e-01   9.9999943402336355e-01   6.0000000049353097e-01   2.9737237100125597e-08   0.0000000000000000e+00   0.0000000000000000e+00
0042   1.5820312500000000e-01   9.9999945443884175e-01   6.0000000047556989e-01   3.0229069540093662e-08   0.0000000000000000e+00   0.0000000000000000e+00
0043   1.6210937500000000e-01   9.9999947518293431e-01   6.0000000045729840e-01   3.0702628312944569e-08   0.0000000000000000e+00   0.0000000000000000e+00
0044   1.6601562500000000e-01   9.9999949624315265e-01   6.0000000043872725e-01   3.1157616725136770e-08   0.0000000000000000e+00   0.0000000000000000e+00
0045   1.6992187500000000e-01   9.9999951760678085e-01   6.0000000041986823e-01   3.1593747491986720e-08   0.0000000000000000e+00   0.0000000000000000e+00
0046   1.7382812500000000e-01   9.9999953926094964e-01   6.0000000040073431e-01   3.2010745101157680e-08   0.0000000000000000e+00   0.0000000000000000e+00
0047   1.7773437500000000e-01   9.9999956119264077e-01   6.0000000038133916e-01   3.2408346194768919e-08   0.0000000000000000e+00   0.0000000000000000e+00
0048   1.8164062500000000e-01   9.9999958338863293e-01   6.0000000036169721e-01   3.2786299236729654e-08   0.0000000000000000e+00   0.0000000000000000e+00
0049   1.8554687500000000e-01   9.9999960583557301e-01   6.0000000034182321e-01   3.3144364880921153e-08   0.0000000000000000e+00   0.0000000000000000e+00
0050   1.8945312500000000e-01   9.9999962851992985e-01   6.0000000032173306e-01   3.3482317375448181e-08   0.0000000000000000e+00   0.0000000000000000e+00
0051   1.9335937500000000e-01   9.9999965142803204e-01   6.0000000030144451e-01   3.3799943836129975e-08   0.0000000000000000e+00   0.0000000000000000e+00
0052   1.9726562500000000e-01   9.9999967454610306e-01   6.0000000028097678e-01   3.4097048020680726e-08   0.0000000000000000e+00   0.0000000000000000e+00
0053   2.0117187500000000e-01   9.9999969786023690e-01   6.0000000026035172e-01   3.4373448954268414e-08   0.0000000000000000e+00   0.0000000000000000e+00
0054   2.0507812500000000e-01   9.9999972135638771e-01   6.0000000023959277e-01   3.4628982863430631e-08   0.0000000000000000e+00   0.0000000000000000e+00
0055   2.0898437500000000e-01   9.9999974502043021e-01   6.0000000021872235e-01   3.4863500184757797e-08   0.0000000000000000e+00   0.0000000000000000e+00
0056   2.1289062500000000e-01   9.9999976883809338e-01   6.0000000019776067e-01   3.5076865211217979e-08   0.0000000000000000e+00   0.0000000000000000e+00
0057   2.1679687500000000e-01   9.9999979279506379e-01   6.0000000017673116e-01   3.5268955023035152e-08   0.0000000000000000e+00   0.0000000000000000e+00
0058   2.2070312500000000e-01   9.9999981687686335e-01   6.0000000015565569e-01   3.5439671673975165e-08   0.0000000000000000e+00   0.0000000000000000e+00
0059   2.2460937500000000e-01   9.9999984106911033e-01   6.0000000013459187e-01   3.5588932091066967e-08   0.0000000000000000e+00   0.0000000000000000e+00
0060   2.2851562500000000e-01   9.9999986535720464e-01   6.0000000011354504e-01   3.5716729087656572e-08   0.0000000000000000e+00   0.0000000000000000e+00
0061   2.3242187500000000e-01   9.9999988972672227e-01   6.0000000009275967e-01   3.5823010896417124e-08   0.0000000000000000e+00   0.0000000000000000e+00
0062   2.3632812500000000e-01   9.9999991416251466e-01   6.0000000007179144e-01   3.5907965775118578e-08   0.0000000000000000e+00   0.0000000000000000e+00
0063   2.4023437500000000e-01   9.9999993865164771e-01   6.0000000005241139e-01   3.5971414071145445e-08   0.0000000000000000e+00   0.0000000000000000e+00
0064   2.4414062500000000e-01   9.9999996317449558e-01   6.0000000002973375e-01   3.6013697247119295e-08   0.0000000000000000e+00   0.0000000000000000e+00
0065   2.4804687500000000e-01   9.9999998773099996e-01   6.0000000001854059e-01   3.6034869751051660e-08   0.0000000000000000e+00   0.0000000000000000e+00
0066   2.5195312500000000e-01   1.0000000122690378e+00   5.9999999998145892e-01   3.6034884767509498e-08   0.0000000000000000e+00   0.0000000000000000e+00
0067   2.5585937500000000e-01   1.0000000368255257e+00   5.9999999997026421e-01   3.6013742778913007e-08   0.0000000000000000e+00   0.0000000000000000e+00
0068   2.5976562500000000e-01   1.0000000613483508e+00   5.9999999994758746e-01   3.5971489336590305e-08   0.0000000000000000e+00   0.0000000000000000e+00
0069   2.6367187500000000e-01   1.0000000858374876e+00   5.9999999992820718e-01   3.5908070177670900e-08   0.0000000000000000e+00   0.0000000000000000e+00
0070   2.6757812500000000e-01   1.0000001102733120e+00   5.9999999990723885e-01   3.5823143765372650e-08   0.0000000000000000e+00   0.0000000000000000e+00
0071   2.7148437500000000e-01   1.0000001346428151e+00   5.9999999988645358e-01   3.5716889714870789e-08   0.0000000000000000e+00   0.0000000000000000e+00
0072   2.7539062500000000e-01   1.0000001589309089e+00   5.9999999986540675e-01   3.5589120327298984e-08   0.0000000000000000e+00   0.0000000000000000e+00
0073   2.7929687500000000e-01   1.0000001831231520e+00   5.9999999984434305e-01   3.5439886177790331e-08   0.0000000000000000e+00   0.0000000000000000e+00
0074   2.8320312500000000e-01   1.0000002072049679e+00   5.9999999982326757e-01   3.5269196166797310e-08   0.0000000000000000e+00   0.0000000000000000e+00
0075   2.8710937500000000e-01   1.0000002311619360e+00   5.9999999980223784e-01   3.5077132361397552e-08   0.0000000000000000e+00   0.0000000000000000e+00
0076   2.9101562500000000e-01   1.0000002549795699e+00   5.9999999978127605e-01   3.4863792596085567e-08   0.0000000000000000e+00   0.0000000000000000e+00
0077   2.9492187500000000e-01   1.0000002786436033e+00   5.9999999976040519e-01   3.4629300125951921e-08   0.0000000000000000e+00   0.0000000000000000e+00
0078   2.9882812500000000e-01   1.0000003021397934e+00   5.9999999973964580e-01   3.4373790658053312e-08   0.0000000000000000e+00   0.0000000000000000e+00
0079   3.0273437500000000e-01   1.0000003254539003e+00   5.9999999971902063e-01   3.4097413755820171e-08   0.0000000000000000e+00   0.0000000000000000e+00
0080   3.0664062500000000e-01   1.0000003485719715e+00   5.9999999969855222e-01   3.3800333118223203e-08   0.0000000000000000e+00   0.0000000000000000e+00
0081   3.1054687500000000e-01   1.0000003714801393e+00   5.9999999967826279e-01   3.3482728937738161e-08   0.0000000000000000e+00   0.0000000000000000e+00
0082   3.1445312500000000e-01   1.0000003941644631e+00   5.9999999965817186e-01   3.3144798350809368e-08   0.0000000000000000e+00   0.0000000000000000e+00
0083   3.1835937500000000e-01   1.0000004166113707e+00   5.9999999963829664e-01   3.2786753272974855e-08   0.0000000000000000e+00   0.0000000000000000e+00
0084   3.2226562500000000e-01   1.0000004388073593e+00   5.9999999961865325e-01   3.2408819903207015e-08   0.0000000000000000e+00   0.0000000000000000e+00
0085   3.2617187500000000e-01   1.0000004607390758e+00   5.9999999959925654e-01   3.2011237662140704e-08   0.0000000000000000e+00   0.0000000000000000e+00
0086   3.3007812500000000e-01   1.0000004823932578e+00   5.9999999958012107e-01   3.1594257005454764e-08   0.0000000000000000e+00   0.0000000000000000e+00
0087   3.3398437500000000e-01   1.0000005037568820e+00   5.9999999956126049e-01   3.1158142296931773e-08   0.0000000000000000e+00   0.0000000000000000e+00
0088   3.3789062500000000e-01   1.0000005248170438e+00   5.9999999954268779e-01   3.0703168080259476e-08   0.0000000000000000e+00   0.0000000000000000e+00
0089   3.4179687500000000e-01   1.0000005455611540e+00   5.9999999952441463e-01   3.0229621938157991e-08   0.0000000000000000e+00   0.0000000000000000e+00
0090   3.4570312500000000e-01   1.0000005659766480e+00   5.9999999950645166e-01   2.9737800973978867e-08   0.0000000000000000e+00   0.0000000000000000e+00
0091   3.4960937500000000e-01   1.0000005860512413e+00   5.9999999948881011e-01   2.9228013874920736e-08   0.0000000000000000e+00   0.0000000000000000e+00
0092   3.5351562500000000e-01   1.0000006057728523e+00   5.9999999947149896e-01   2.8700578721487055e-08   0.0000000000000000e+00   0.0000000000000000e+00
0093   3.5742187500000000e-01   1.0000006251295888e+00   5.9999999945452764e-01   2.8155824665020159e-08   0.0000000000000000e+00   0.0000000000000000e+00
0094   3.6132812500000000e-01   1.0000006441097604e+00   5.9999999943790494e-01   2.7594088979131882e-08   0.0000000000000000e+00   0.0000000000000000e+00
0095   3.6523437500000000e-01   1.0000006627019955e+00   5.9999999942163951e-01   2.7015719618691471e-08   0.0000000000000000e+00   0.0000000000000000e+00
0096   3.6914062500000000e-01   1.0000006808950495e+00   5.9999999940573889e-01   2.6421072184298245e-08   0.0000000000000000e+00   0.0000000000000000e+00
0097   3.7304687500000000e-01   1.0000006986779781e+00   5.9999999939021131e-01   2.5810512021994212e-08   0.0000000000000000e+00   0.0000000000000000e+00
0098   3.7695312500000000e-01   1.0000007160400535e+00   5.9999999937506387e-01   2.5184413150332451e-08   0.0000000000000000e+00   0.0000000000000000e+00
0099   3.8085937500000000e-01   1.0000007329708465e+00   5.9999999936030346e-01   2.4543157554209211e-08   0.0000000000000000e+00   0.0000000000000000e+00
0100   3.8476562500000000e-01   1.0000007494601177e+00   5.9999999934593762e-01   2.3887135441704843e-08   0.0000000000000000e+00   0.0000000000000000e+00
0101   3.8867187500000000e-01   1.0000007654979344e+00   5.9999999933197301e-01   2.3216745607164549e-08   0.0000000000000000e+00   0.0000000000000000e+00
0102   3.9257812500000000e-01   1.0000007810746785e+00   5.9999999931841663e-01   2.2532393106502583e-08   0.0000000000000000e+00   0.0000000000000000e+00
0103   3.9648437500000000e-01   1.0000007961808881e+00   5.9999999930527459e-01   2.1834492441121809e-08   0.0000000000000000e+00   0.0000000000000000e+00
0104   4.0039062500000000e-01   1.0000008108075424e+00   5.9999999929255354e-01   2.1123464291501266e-08   0.0000000000000000e+00   0.0000000000000000e+00
0105   4.0429687500000000e-01   1.0000008249458079e+00   5.9999999928025971e-01   2.0399737834221613e-08   0.0000000000000000e+00   0.0000000000000000e+00
0106   4.0820312500000000e-01   1.0000008385871422e+00   5.9999999926839964e-01   1.9663747875652088e-08   0.0000000000000000e+00   0.0000000000000000e+00
0107   4.1210937500000000e-01   1.0000008517233538e+00   5.9999999925697967e-01   1.8915936787005666e-08   0.0000000000000000e+00   0.0000000000000000e+00
0108   4.1601562500000000e-01   1.0000008643465066e+00   5.9999999924600567e-01   1.8156754311353919e-08   0.0000000000000000e+00   0.0000000000000000e+00
0109   4.1992187500000000e-01   1.0000008764490538e+00   5.9999999923548364e-01   1.7386656099633096e-08   0.0000000000000000e+00   0.0000000000000000e+00
0110   4.2382812500000000e-01   1.0000008880236051e+00   5.9999999922541936e-01   1.6606103732746136e-08   0.0000000000000000e+00   0.0000000000000000e+00
0111   4.2773437500000000e-01   1.0000008990632334e+00   5.9999999921581815e-01   1.5815565708329857e-08   0.0000000000000000e+00   0.0000000000000000e+00
0112   4.3164062500000000e-01   1.0000009095612996e+00   5.9999999920668634e-01   1.5015516188375818e-08   0.0000000000000000e+00   0.0000000000000000e+00
0113   4.3554687500000000e-01   1.0000009195114803e+00   5.9999999919802893e-01   1.4206434935396793e-08   0.0000000000000000e+00   0.0000000000000000e+00
0114   4.3945312500000000e-01   1.0000009289078269e+00   5.9999999918985092e-01   1.3388807021596288e-08   0.0000000000000000e+00   0.0000000000000000e+00
0115   4.4335937500000000e-01   1.0000009377445955e+00   5.9999999918215774e-01   1.2563123279863634e-08   0.0000000000000000e+00   0.0000000000000000e+00
0116   4.4726562500000000e-01   1.0000009460164758e+00   5.9999999917495372e-01   1.1729879037894511e-08   0.0000000000000000e+00   0.0000000000000000e+00
0117   4.5117187500000000e-01   1.0000009537185570e+00   5.9999999916824354e-01   1.0889575084721723e-08   0.0000000000000000e+00   0.0000000000000000e+00
0118   4.5507812500000000e-01   1.0000009608461313e+00   5.9999999916203151e-01   1.0042715616787549e-08   0.0000000000000000e+00   0.0000000000000000e+00
0119   4.5898437500000000e-01   1.0000009673948715e+00   5.9999999915632174e-01   9.1898092736635887e-09   0.0000000000000000e+00   0.0000000000000000e+00
0120   4.6289062500000000e-01   1.0000009733609623e+00   5.9999999915111735e-01   8.3313690909742540e-09   0.0000000000000000e+00   0.0000000000000000e+00
0121   4.6679687500000000e-01   1.0000009787406992e+00   5.9999999914642166e-01   7.4679108118728566e-09   0.0000000000000000e+00   0.0000000000000000e+00
0122   4.7070312500000000e-01   1.0000009835308712e+00   5.9999999914223801e-01   6.5999543632315338e-09   0.0000000000000000e+00   0.0000000000000000e+00
0123   4.7460937500000000e-01   1.0000009877286193e+00   5.9999999913856883e-01   5.7280203750138929e-09   0.0000000000000000e+00   0.0000000000000000e+00
0124   4.7851562500000000e-01   1.0000009913313659e+00   5.9999999913541557e-01   4.8526398119857386e-09   0.0000000000000000e+00   0.0000000000000000e+00
0125   4.8242187500000000e-01   1.0000009943369834e+00   5.9999999913278068e-01   3.9743206482448685e-09   0.0000000000000000e+00   0.0000000000000000e+00
0126   4.8632812500000000e-01   1.0000009967436625e+00   5.9999999913066804e-01   3.0936491078417960e-09   0.0000000000000000e+00   0.0000000000000000e+00
0127   4.9023437500000000e-01   1.0000009985499136e+00   5.9999999912905644e-01   2.2109930513758410e-09   0.0000000000000000e+00   0.0000000000000000e+00
0128   4.9414062500000000e-01   1.0000009997547297e+00   5.9999999912802104e-01   1.3273038071051778e-09   0.0000000000000000e+00   0.0000000000000000e+00
0129   4.9804687500000000e-01   1.0000010003571027e+00   5.9999999912733271e-01   4.4210382129387980e-10   0.0000000000000000e+00   0.0000000000000000e+00
0130   5.0195312500000000e-01   1.0000010003570947e+00   5.9999999912733293e-01  -4.4210151143911085e-10   0.0000000000000000e+00   0.0000000000000000e+00
0131   5.0585937500000000e-01   1.0000009997547332e+00   5.9999999912802149e-01  -1.3273012364601301e-09   0.0000000000000000e+00   0.0000000000000000e+00
0132   5.0976562500000000e-01   1.0000009985498899e+00   5.9999999912905710e-01  -2.2109905924980590e-09   0.0000000000000000e+00   0.0000000000000000e+00
0133   5.1367187500000000e-01   1.0000009967436514e+00   5.9999999913066893e-01  -3.0936466862197737e-09   0.0000000000000000e+00   0.0000000000000000e+00
0134   5.1757812500000000e-01   1.0000009943369765e+00   5.9999999913278235e-01  -3.9743185246688547e-09   0.0000000000000000e+00   0.0000000000000000e+00
0135   5.2148437500000000e-01   1.0000009913313610e+00   5.9999999913541735e-01  -4.8526378374327567e-09   0.0000000000000000e+00   0.0000000000000000e+00
0136   5.2539062500000000e-01   1.0000009877285876e+00   5.9999999913857083e-01  -5.7280181769265389e-09   0.0000000000000000e+00   0.0000000000000000e+00
0137   5.2929687500000000e-01   1.0000009835308559e+00   5.9999999914224023e-01  -6.5999525004458008e-09   0.0000000000000000e+00   0.0000000000000000e+00
0138   5.3320312500000000e-01   1.0000009787406823e+00   5.9999999914642432e-01  -7.4679087628084527e-09   0.0000000000000000e+00   0.0000000000000000e+00
0139   5.3710937500000000e-01   1.0000009733609638e+00   5.9999999915111990e-01  -8.3313672654442188e-09   0.0000000000000000e+00   0.0000000000000000e+00
0140   5.4101562500000000e-01   1.0000009673948844e+00   5.9999999915632463e-01  -9.1898072618546667e-09   0.0000000000000000e+00   0.0000000000000000e+00
0141   5.4492187500000000e-01   1.0000009608461016e+00   5.9999999916203506e-01  -1.0042713567723236e-08   0.0000000000000000e+00   0.0000000000000000e+00
0142   5.4882812500000000e-01   1.0000009537185302e+00   5.9999999916824709e-01  -1.0889572998401644e-08   0.0000000000000000e+00   0.0000000000000000e+00
0143   5.5273437500000000e-01   1.0000009460164998e+00   5.9999999917495717e-01  -1.1729877286875235e-08   0.0000000000000000e+00   0.0000000000000000e+00
0144   5.5664062500000000e-01   1.0000009377445909e+00   5.9999999918216118e-01  -1.2563121342566399e-08   0.0000000000000000e+00   0.0000000000000000e+00
0145   5.6054687500000000e-01   1.0000009289078184e+00   5.9999999918985458e-01  -1.3388804972531404e-08   0.0000000000000000e+00   0.0000000000000000e+00
0146   5.6445312500000000e-01   1.0000009195115123e+00   5.9999999919803237e-01  -1.4206433035354587e-08   0.0000000000000000e+00   0.0000000000000000e+00
0147   5.6835937500000000e-01   1.0000009095612914e+00   5.9999999920668967e-01  -1.5015514586380102e-08   0.0000000000000000e+00   0.0000000000000000e+00
0148   5.7226562500000000e-01   1.0000008990632332e+00   5.9999999921582137e-01  -1.5815564292613002e-08   0.0000000000000000e+00   0.0000000000000000e+00
0149   5.7617187500000000e-01   1.0000008880235463e+00   5.9999999922542213e-01  -1.6606102428797220e-08   0.0000000000000000e+00   0.0000000000000000e+00
0150   5.8007812500000000e-01   1.0000008764490389e+00   5.9999999923548619e-01  -1.7386655019218021e-08   0.0000000000000000e+00   0.0000000000000000e+00
0151   5.8398437500000000e-01   1.0000008643464884e+00   5.9999999924600811e-01  -1.8156753342706214e-08   0.0000000000000000e+00   0.0000000000000000e+00
0152   5.8789062500000000e-01   1.0000008517233532e+00   5.9999999925698166e-01  -1.8915936153659276e-08   0.0000000000000000e+00   0.0000000000000000e+00
0153   5.9179687500000000e-01   1.0000008385871402e+00   5.9999999926840131e-01  -1.9663746757980729e-08   0.0000000000000000e+00   0.0000000000000000e+00
0154   5.9570312500000000e-01   1.0000008249457792e+00   5.9999999928026093e-01  -2.0399736902829813e-08   0.0000000000000000e+00   0.0000000000000000e+00
0155   5.9960937500000000e-01   1.0000008108075487e+00   5.9999999929255443e-01  -2.1123463620899111e-08   0.0000000000000000e+00   0.0000000000000000e+00
0156   6.0351562500000000e-01   1.0000007961809172e+00   5.9999999930527526e-01  -2.1834491658751972e-08   0.0000000000000000e+00   0.0000000000000000e+00
0157   6.0742187500000000e-01   1.0000007810746441e+00   5.9999999931841719e-01  -2.2532392398645289e-08   0.0000000000000000e+00   0.0000000000000000e+00
0158   6.1132812500000000e-01   1.0000007654979322e+00   5.9999999933197345e-01  -2.3216744601260709e-08   0.0000000000000000e+00   0.0000000000000000e+00
0159   6.1523437500000000e-01   1.0000007494601055e+00   5.9999999934593784e-01  -2.3887134622079380e-08   0.0000000000000000e+00   0.0000000000000000e+00
0160   6.1914062500000000e-01   1.0000007329708152e+00   5.9999999936030357e-01  -2.4543156585562122e-08   0.0000000000000000e+00   0.0000000000000000e+00
0161   6.2304687500000000e-01   1.0000007160400497e+00   5.9999999937506354e-01  -2.5184412218939843e-08   0.0000000000000000e+00   0.0000000000000000e+00
0162   6.2695312500000000e-01   1.0000006986779744e+00   5.9999999939021109e-01  -2.5810511202369001e-08   0.0000000000000000e+00   0.0000000000000000e+00
0163   6.3085937500000000e-01   1.0000006808950719e+00   5.9999999940573867e-01  -2.6421071215649217e-08   0.0000000000000000e+00   0.0000000000000000e+00
0164   6.3476562500000000e-01   1.0000006627020177e+00   5.9999999942163906e-01  -2.7015718575530798e-08   0.0000000000000000e+00   0.0000000000000000e+00
0165   6.3867187500000000e-01   1.0000006441097746e+00   5.9999999943790450e-01  -2.7594088308528870e-08   0.0000000000000000e+00   0.0000000000000000e+00
0166   6.4257812500000000e-01   1.0000006251295750e+00   5.9999999945452731e-01  -2.8155824031673564e-08   0.0000000000000000e+00   0.0000000000000000e+00
0167   6.4648437500000000e-01   1.0000006057728654e+00   5.9999999947149874e-01  -2.8700578386185926e-08   0.0000000000000000e+00   0.0000000000000000e+00
0168   6.5039062500000000e-01   1.0000005860512420e+00   5.9999999948881011e-01  -2.9228013129806945e-08   0.0000000000000000e+00   0.0000000000000000e+00
0169   6.5429687500000000e-01   1.0000005659766633e+00   5.9999999950645200e-01  -2.9737799893562396e-08   0.0000000000000000e+00   0.0000000000000000e+00
0170   6.5820312500000000e-01   1.0000005455611605e+00   5.9999999952441485e-01  -3.0229620783230334e-08   0.0000000000000000e+00   0.0000000000000000e+00
0171   6.6210937500000000e-01   1.0000005248170762e+00   5.9999999954268823e-01  -3.0703167037098320e-08   0.0000000000000000e+00   0.0000000000000000e+00
0172   6.6601562500000000e-01   1.0000005037568795e+00   5.9999999956126115e-01  -3.1158141142004487e-08   0.0000000000000000e+00   0.0000000000000000e+00
0173   6.6992187500000000e-01   1.0000004823932473e+00   5.9999999958012185e-01  -3.1594255664248263e-08   0.0000000000000000e+00   0.0000000000000000e+00
0174   6.7382812500000000e-01   1.0000004607390702e+00   5.9999999959925754e-01  -3.2011236358190332e-08   0.0000000000000000e+00   0.0000000000000000e+00
0175   6.7773437500000000e-01   1.0000004388073693e+00   5.9999999961865447e-01  -3.2408819232603672e-08   0.0000000000000000e+00   0.0000000000000000e+00
0176   6.8164062500000000e-01   1.0000004166113803e+00   5.9999999963829820e-01  -3.2786753086695925e-08   0.0000000000000000e+00   0.0000000000000000e+00
0177   6.8554687500000000e-01   1.0000003941644511e+00   5.9999999965817341e-01  -3.3144798127275811e-08   0.0000000000000000e+00   0.0000000000000000e+00
0178   6.8945312500000000e-01   1.0000003714801098e+00   5.9999999967826445e-01  -3.3482728974995600e-08   0.0000000000000000e+00   0.0000000000000000e+00
0179   6.9335937500000000e-01   1.0000003485719973e+00   5.9999999969855422e-01  -3.3800333229990371e-08   0.0000000000000000e+00   0.0000000000000000e+00
0180   6.9726562500000000e-01   1.0000003254538965e+00   5.9999999971902251e-01  -3.4097413867588683e-08   0.0000000000000000e+00   0.0000000000000000e+00
0181   7.0117187500000000e-01   1.0000003021397819e+00   5.9999999973964790e-01  -3.4373791365914101e-08   0.0000000000000000e+00   0.0000000000000000e+00
0182   7.0507812500000000e-01   1.0000002786436240e+00   5.9999999976040741e-01  -3.4629300871067019e-08   0.0000000000000000e+00   0.0000000000000000e+00
0183   7.0898437500000000e-01   1.0000002549795890e+00   5.9999999978127849e-01  -3.4863793341200227e-08   0.0000000000000000e+00   0.0000000000000000e+00
0184   7.1289062500000000e-01   1.0000002311619243e+00   5.9999999980224017e-01  -3.5077132845724129e-08   0.0000000000000000e+00   0.0000000000000000e+00
0185   7.1679687500000000e-01   1.0000002072049992e+00   5.9999999982326990e-01  -3.5269196651122140e-08   0.0000000000000000e+00   0.0000000000000000e+00
0186   7.2070312500000000e-01   1.0000001831231669e+00   5.9999999984434549e-01  -3.5439886662115400e-08   0.0000000000000000e+00   0.0000000000000000e+00
0187   7.2460937500000000e-01   1.0000001589309069e+00   5.9999999986540942e-01  -3.5589120811624621e-08   0.0000000000000000e+00   0.0000000000000000e+00
0188   7.2851562500000000e-01   1.0000001346428302e+00   5.9999999988645580e-01  -3.5716890199194925e-08   0.0000000000000000e+00   0.0000000000000000e+00
0189   7.3242187500000000e-01   1.0000001102732954e+00   5.9999999990724118e-01  -3.5823144845791040e-08   0.0000000000000000e+00   0.0000000000000000e+00
0190   7.3632812500000000e-01   1.0000000858375286e+00   5.9999999992820918e-01  -3.5908071220830978e-08   0.0000000000000000e+00   0.0000000000000000e+00
0191   7.4023437500000000e-01   1.0000000613483655e+00   5.9999999994758924e-01  -3.5971490677798295e-08   0.0000000000000000e+00   0.0000000000000000e+00
0192   7.4414062500000000e-01   1.0000000368255304e+00   5.9999999997026565e-01  -3.6013744082865781e-08   0.0000000000000000e+00   0.0000000000000000e+00
0193   7.4804687500000000e-01   1.0000000122690329e+00   5.9999999998146025e-01  -3.6034886555787479e-08   0.0000000000000000e+00   0.0000000000000000e+00
0194   7.5195312500000000e-01   9.9999998773102161e-01   6.0000000001854159e-01  -3.6034870905979971e-08   0.0000000000000000e+00   0.0000000000000000e+00
0195   7.5585937500000000e-01   9.9999996317448092e-01   6.0000000002973486e-01  -3.6013698625584432e-08   0.0000000000000000e+00   0.0000000000000000e+00
0196   7.5976562500000000e-01   9.9999993865164460e-01   6.0000000005241194e-01  -3.5971415188818958e-08   0.0000000000000000e+00   0.0000000000000000e+00
0197   7.6367187500000000e-01   9.9999991416250533e-01   6.0000000007179188e-01  -3.5907966743769052e-08   0.0000000000000000e+00   0.0000000000000000e+00
0198   7.6757812500000000e-01   9.9999988972670428e-01   6.0000000009275978e-01  -3.5823012014091174e-08   0.0000000000000000e+00   0.0000000000000000e+00
0199   7.7148437500000000e-01   9.9999986535720531e-01   6.0000000011354493e-01  -3.5716730019051083e-08   0.0000000000000000e+00   0.0000000000000000e+00
0200   7.7539062500000000e-01   9.9999984106912032e-01   6.0000000013459120e-01  -3.5588933059717560e-08   0.0000000000000000e+00   0.0000000000000000e+00
0201   7.7929687500000000e-01   9.9999981687687611e-01   6.0000000015565502e-01  -3.5439672642624958e-08   0.0000000000000000e+00   0.0000000000000000e+00
0202   7.8320312500000000e-01   9.9999979279506179e-01   6.0000000017673027e-01  -3.5268956550522621e-08   0.0000000000000000e+00   0.0000000000000000e+00
0203   7.8710937500000000e-01   9.9999976883809938e-01   6.0000000019775990e-01  -3.5076867185774374e-08   0.0000000000000000e+00   0.0000000000000000e+00
0204   7.9101562500000000e-01   9.9999974502042177e-01   6.0000000021872169e-01  -3.4863502271082340e-08   0.0000000000000000e+00   0.0000000000000000e+00
0205   7.9492187500000000e-01   9.9999972135638204e-01   6.0000000023959243e-01  -3.4628985396824921e-08   0.0000000000000000e+00   0.0000000000000000e+00
0206   7.9882812500000000e-01   9.9999969786024034e-01   6.0000000026035172e-01  -3.4373451301383330e-08   0.0000000000000000e+00   0.0000000000000000e+00
0207   8.0273437500000000e-01   9.9999967454609784e-01   6.0000000028097655e-01  -3.4097050479563029e-08   0.0000000000000000e+00   0.0000000000000000e+00
0208   8.0664062500000000e-01   9.9999965142802649e-01   6.0000000030144440e-01  -3.3799946183244985e-08   0.0000000000000000e+00   0.0000000000000000e+00
0209   8.1054687500000000e-01   9.9999962851989965e-01   6.0000000032173340e-01  -3.3482319536285412e-08   0.0000000000000000e+00   0.0000000000000000e+00
0210   8.1445312500000000e-01   9.9999960583556213e-01   6.0000000034182366e-01  -3.3144367004501970e-08   0.0000000000000000e+00   0.0000000000000000e+00
0211   8.1835937500000000e-01   9.9999958338863459e-01   6.0000000036169776e-01  -3.2786301211286353e-08   0.0000000000000000e+00   0.0000000000000000e+00
0212   8.2226562500000000e-01   9.9999956119264555e-01   6.0000000038134016e-01  -3.2408348020302486e-08   0.0000000000000000e+00   0.0000000000000000e+00
0213   8.2617187500000000e-01   9.9999953926095531e-01   6.0000000040073553e-01  -3.2010746889435489e-08   0.0000000000000000e+00   0.0000000000000000e+00
0214   8.3007812500000000e-01   9.9999951760675787e-01   6.0000000041986956e-01  -3.1593749243008903e-08   0.0000000000000000e+00   0.0000000000000000e+00
0215   8.3398437500000000e-01   9.9999949624315754e-01   6.0000000043872870e-01  -3.1157618997739541e-08   0.0000000000000000e+00   0.0000000000000000e+00
0216   8.3789062500000000e-01   9.9999947518294208e-01   6.0000000045730006e-01  -3.0702630809082690e-08   0.0000000000000000e+00   0.0000000000000000e+00
0217   8.4179687500000000e-01   9.9999945443884730e-01   6.0000000047557200e-01  -3.0229071626418126e-08   0.0000000000000000e+00   0.0000000000000000e+00
0218   8.4570312500000000e-01   9.9999943402336688e-01   6.0000000049353297e-01  -2.9737239298216948e-08   0.0000000000000000e+00   0.0000000000000000e+00
0219   8.4960937500000000e-01   9.9999941394874658e-01   6.0000000051117330e-01  -2.9227442623457800e-08   0.0000000000000000e+00   0.0000000000000000e+00
0220   8.5351562500000000e-01   9.9999939422716033e-01   6.0000000052848290e-01  -2.8699999161067870e-08   0.0000000000000000e+00   0.0000000000000000e+00
0221   8.5742187500000000e-01   9.9999937487040869e-01   6.0000000054545255e-01  -2.8155238025148120e-08   0.0000000000000000e+00   0.0000000000000000e+00
0222   8.6132812500000000e-01   9.9999935589023325e-01   6.0000000056207381e-01  -2.7593497048154628e-08   0.0000000000000000e+00   0.0000000000000000e+00
0223   8.6523437500000000e-01   9.9999933729799328e-01   6.0000000057833802e-01  -2.7015123179065386e-08   0.0000000000000000e+00   0.0000000000000000e+00
0224   8.6914062500000000e-01   9.9999931910494244e-01   6.0000000059423741e-01  -2.6420472949883025e-08   0.0000000000000000e+00   0.0000000000000000e+00
0225   8.7304687500000000e-01   9.9999930132202497e-01   6.0000000060976399e-01  -2.5809911408614334e-08   0.0000000000000000e+00   0.0000000000000000e+00
0226   8.7695312500000000e-01   9.9999928395994753e-01   6.0000000062491066e-01  -2.5183812573822446e-08   0.0000000000000000e+00   0.0000000000000000e+00
0227   8.8085937500000000e-01   9.9999926702915609e-01   6.0000000063966985e-01  -2.4542558504925467e-08   0.0000000000000000e+00   0.0000000000000000e+00
0228   8.8476562500000000e-01   9.9999925053990846e-01   6.0000000065403458e-01  -2.3886539186473995e-08   0.0000000000000000e+00   0.0000000000000000e+00
0229   8.8867187500000000e-01   9.9999923450206007e-01   6.0000000066799819e-01  -2.3216152891241135e-08   0.0000000000000000e+00   0.0000000000000000e+00
0230   8.9257812500000000e-01   9.9999921892535515e-01   6.0000000068155390e-01  -2.2531805643795045e-08   0.0000000000000000e+00   0.0000000000000000e+00
0231   8.9648437500000000e-01   9.9999920381910501e-01   6.0000000069469495e-01  -2.1833911200428784e-08   0.0000000000000000e+00   0.0000000000000000e+00
0232   9.0039062500000000e-01   9.9999918919244424e-01   6.0000000070741510e-01  -2.1122890614181828e-08   0.0000000000000000e+00   0.0000000000000000e+00
0233   9.0429687500000000e-01   9.9999917505420255e-01   6.0000000071970794e-01  -2.0399172577310504e-08   0.0000000000000000e+00   0.0000000000000000e+00
0234   9.0820312500000000e-01   9.9999916141284784e-01   6.0000000073156678e-01  -1.9663192268741730e-08   0.0000000000000000e+00   0.0000000000000000e+00
0235   9.1210937500000000e-01   9.9999914827662317e-01   6.0000000074298554e-01  -1.8915392283222526e-08   0.0000000000000000e+00   0.0000000000000000e+00
0236   9.1601562500000000e-01   9.9999913565346832e-01   6.0000000075395832e-01  -1.8156221730472795e-08   0.0000000000000000e+00   0.0000000000000000e+00
0237   9.1992187500000000e-01   9.9999912355098874e-01   6.0000000076447912e-01  -1.7386136745751082e-08   0.0000000000000000e+00   0.0000000000000000e+00
0238   9.2382812500000000e-01   9.9999911197642344e-01   6.0000000077454207e-01  -1.6605599245256846e-08   0.0000000000000000e+00   0.0000000000000000e+00
0239   9.2773437500000000e-01   9.9999910093676814e-01   6.0000000078414140e-01  -1.5815076944250592e-08   0.0000000000000000e+00   0.0000000000000000e+00
0240   9.3164062500000000e-01   9.9999909043868274e-01   6.0000000079327176e-01  -1.5015044675322481e-08   0.0000000000000000e+00   0.0000000000000000e+00
0241   9.3554687500000000e-01   9.9999908048846931e-01   6.0000000080192795e-01  -1.4205982312746477e-08   0.0000000000000000e+00   0.0000000000000000e+00
0242   9.3945312500000000e-01   9.9999907109216579e-01   6.0000000081010418e-01  -1.3388374630671342e-08   0.0000000000000000e+00   0.0000000000000000e+00
0243   9.4335937500000000e-01   9.9999906225542012e-01   6.0000000081779592e-01  -1.2562712760025851e-08   0.0000000000000000e+00   0.0000000000000000e+00
0244   9.4726562500000000e-01   9.9999905398349198e-01   6.0000000082499860e-01  -1.1729491842218850e-08   0.0000000000000000e+00   0.0000000000000000e+00
0245   9.5117187500000000e-01   9.9999904628144309e-01   6.0000000083170713e-01  -1.0889212032928117e-08   0.0000000000000000e+00   0.0000000000000000e+00
0246   9.5507812500000000e-01   9.9999903915388799e-01   6.0000000083791771e-01  -1.0042377975656261e-08   0.0000000000000000e+00   0.0000000000000000e+00
0247   9.5898437500000000e-01   9.9999903260508916e-01   6.0000000084362659e-01  -9.1894979001528848e-09   0.0000000000000000e+00   0.0000000000000000e+00
0248   9.6289062500000000e-01   9.9999902663904294e-01   6.0000000084882987e-01  -8.3310852518503056e-09   0.0000000000000000e+00   0.0000000000000000e+00
0249   9.6679687500000000e-01   9.9999902125928863e-01   6.0000000085352434e-01  -7.4676548797537076e-09   0.0000000000000000e+00   0.0000000000000000e+00
0250   9.7070312500000000e-01   9.9999901646909972e-01   6.0000000085770711e-01  -6.5997271577987443e-09   0.0000000000000000e+00   0.0000000000000000e+00
0251   9.7460937500000000e-01   9.9999901227135068e-01   6.0000000086137495e-01  -5.7278223806366851e-09   0.0000000000000000e+00   0.0000000000000000e+00
0252   9.7851562500000000e-01   9.9999900866861002e-01   6.0000000086452732e-01  -4.8524719973636986e-09   0.0000000000000000e+00   0.0000000000000000e+00
0253   9.8242187500000000e-01   9.9999900566297129e-01   6.0000000086716143e-01  -3.9741829761264998e-09   0.0000000000000000e+00   0.0000000000000000e+00
0254   9.8632812500000000e-01   9.9999900325630064e-01   6.0000000086927330e-01  -3.0935415038270749e-09   0.0000000000000000e+00   0.0000000000000000e+00
0255   9.9023437500000000e-01   9.9999900145005871e-01   6.0000000087088445e-01  -2.2109157015246952e-09   0.0000000000000000e+00   0.0000000000000000e+00
0256   9.9414062500000000e-01   9.9999900024525634e-01   6.0000000087191940e-01  -1.3272571963564187e-09   0.0000000000000000e+00   0.0000000000000000e+00
0257   9.9804687500000000e-01   9.9999899964283601e-01   6.0000000087260752e-01  -4.4208798549036548e-10   0.0000000000000000e+00   0.0000000000000000e+00
