# Athena++ data at time=5.500193e+01  cycle=28161  variables=prim 
# i       x1v         rho          press          vel1         vel2         vel3     
0002   1.9531250000000000e-03   9.9999899963763861e-01   6.0000000086740213e-01   4.4259855180915123e-10   0.0000000000000000e+00   0.0000000000000000e+00
0003   5.8593750000000000e-03   9.9999900024005262e-01   6.0000000086671756e-01   1.3287868093945172e-09   0.0000000000000000e+00   0.0000000000000000e+00
0004   9.7656250000000000e-03   9.9999900144486598e-01   6.0000000086568983e-01   2.2134651040498940e-09   0.0000000000000000e+00   0.0000000000000000e+00
0005   1.3671875000000000e-02   9.9999900325112168e-01   6.0000000086408900e-01   3.0971080857170807e-09   0.0000000000000000e+00   0.0000000000000000e+00
0006   1.7578125000000000e-02   9.9999900565780697e-01   6.0000000086199101e-01   3.9787651688066725e-09   0.0000000000000000e+00   0.0000000000000000e+00
0007   2.1484375000000000e-02   9.9999900866345426e-01   6.0000000085937399e-01   4.8580664804170467e-09   0.0000000000000000e+00   0.0000000000000000e+00
0008   2.5390625000000000e-02   9.9999901226623633e-01   6.0000000085624150e-01   5.7344254227046605e-09   0.0000000000000000e+00   0.0000000000000000e+00
0009   2.9296875000000000e-02   9.9999901646398481e-01   6.0000000085259575e-01   6.6073333500021527e-09   0.0000000000000000e+00   0.0000000000000000e+00
0010   3.3203125000000000e-02   9.9999902125421269e-01   6.0000000084843685e-01   7.4762571729122730e-09   0.0000000000000000e+00   0.0000000000000000e+00
0011   3.7109375000000000e-02   9.9999902663398066e-01   6.0000000084376859e-01   8.3406759996651748e-09   0.0000000000000000e+00   0.0000000000000000e+00
0012   4.1015625000000000e-02   9.9999903260006717e-01   6.0000000083859273e-01   9.2000677787874625e-09   0.0000000000000000e+00   0.0000000000000000e+00
0013   4.4921875000000000e-02   9.9999903914886623e-01   6.0000000083291249e-01   1.0053915089605881e-08   0.0000000000000000e+00   0.0000000000000000e+00
0014   4.8828125000000000e-02   9.9999904627646696e-01   6.0000000082673111e-01   1.0901703740559586e-08   0.0000000000000000e+00   0.0000000000000000e+00
0015   5.2734375000000000e-02   9.9999905397855260e-01   6.0000000082005256e-01   1.1742923675360454e-08   0.0000000000000000e+00   0.0000000000000000e+00
0016   5.6640625000000000e-02   9.9999906225049207e-01   6.0000000081288085e-01   1.2577067641603066e-08   0.0000000000000000e+00   0.0000000000000000e+00
0017   6.0546875000000000e-02   9.9999907108728447e-01   6.0000000080521998e-01   1.3403634476714078e-08   0.0000000000000000e+00   0.0000000000000000e+00
0018   6.4453125000000000e-02   9.9999908048362374e-01   6.0000000079707538e-01   1.4222126281375546e-08   0.0000000000000000e+00   0.0000000000000000e+00
0019   6.8359375000000000e-02   9.9999909043384616e-01   6.0000000078845217e-01   1.5032051178573817e-08   0.0000000000000000e+00   0.0000000000000000e+00
0020   7.2265625000000000e-02   9.9999910093197542e-01   6.0000000077935589e-01   1.5832922083340050e-08   0.0000000000000000e+00   0.0000000000000000e+00
0021   7.6171875000000000e-02   9.9999911197165092e-01   6.0000000076979154e-01   1.6624258114546122e-08   0.0000000000000000e+00   0.0000000000000000e+00
0022   8.0078125000000000e-02   9.9999912354625509e-01   6.0000000075976601e-01   1.7405583879827492e-08   0.0000000000000000e+00   0.0000000000000000e+00
0023   8.3984375000000000e-02   9.9999913564880238e-01   6.0000000074928528e-01   1.8176430917883638e-08   0.0000000000000000e+00   0.0000000000000000e+00
0024   8.7890625000000000e-02   9.9999914827199798e-01   6.0000000073835602e-01   1.8936336156673632e-08   0.0000000000000000e+00   0.0000000000000000e+00
0025   9.1796875000000000e-02   9.9999916140825329e-01   6.0000000072698467e-01   1.9684844540458802e-08   0.0000000000000000e+00   0.0000000000000000e+00
0026   9.5703125000000000e-02   9.9999917504964808e-01   6.0000000071517878e-01   2.0421507554727073e-08   0.0000000000000000e+00   0.0000000000000000e+00
0027   9.9609375000000000e-02   9.9999918918797548e-01   6.0000000070294524e-01   2.1145883423487753e-08   0.0000000000000000e+00   0.0000000000000000e+00
0028   1.0351562500000000e-01   9.9999920381470542e-01   6.0000000069029158e-01   2.1857538382680289e-08   0.0000000000000000e+00   0.0000000000000000e+00
0029   1.0742187500000000e-01   9.9999921892101040e-01   6.0000000067722448e-01   2.2556045937300218e-08   0.0000000000000000e+00   0.0000000000000000e+00
0030   1.1132812500000000e-01   9.9999923449781591e-01   6.0000000066375236e-01   2.3240987976690417e-08   0.0000000000000000e+00   0.0000000000000000e+00
0031   1.1523437500000000e-01   9.9999925053574401e-01   6.0000000064988168e-01   2.3911953649703659e-08   0.0000000000000000e+00   0.0000000000000000e+00
0032   1.1914062500000000e-01   9.9999926702511421e-01   6.0000000063562053e-01   2.4568539948700117e-08   0.0000000000000000e+00   0.0000000000000000e+00
0033   1.2304687500000000e-01   9.9999928395601156e-01   6.0000000062097636e-01   2.5210352810036790e-08   0.0000000000000000e+00   0.0000000000000000e+00
0034   1.2695312500000000e-01   9.9999930131821990e-01   6.0000000060595637e-01   2.5837005564171622e-08   0.0000000000000000e+00   0.0000000000000000e+00
0035   1.3085937500000000e-01   9.9999931910128792e-01   6.0000000059056802e-01   2.6448120956945082e-08   0.0000000000000000e+00   0.0000000000000000e+00
0036   1.3476562500000000e-01   9.9999933729448798e-01   6.0000000057481906e-01   2.7043328731908598e-08   0.0000000000000000e+00   0.0000000000000000e+00
0037   1.3867187500000000e-01   9.9999935588687350e-01   6.0000000055871661e-01   2.7622268236536045e-08   0.0000000000000000e+00   0.0000000000000000e+00
0038   1.4257812500000000e-01   9.9999937486725099e-01   6.0000000054226832e-01   2.8184587222557696e-08   0.0000000000000000e+00   0.0000000000000000e+00
0039   1.4648437500000000e-01   9.9999939422415030e-01   6.0000000052548152e-01   2.8729941534517194e-08   0.0000000000000000e+00   0.0000000000000000e+00
0040   1.5039062500000000e-01   9.9999941394595615e-01   6.0000000050836444e-01   2.9257997362937943e-08   0.0000000000000000e+00   0.0000000000000000e+00
0041   1.5429687500000000e-01   9.9999943402074309e-01   6.0000000049092472e-01   2.9768429132398178e-08   0.0000000000000000e+00   0.0000000000000000e+00
0042   1.5820312500000000e-01   9.9999945443644433e-01   6.0000000047317037e-01   3.0260920289268650e-08   0.0000000000000000e+00   0.0000000000000000e+00
0043   1.6210937500000000e-01   9.9999947518075349e-01   6.0000000045511026e-01   3.0735164008547637e-08   0.0000000000000000e+00   0.0000000000000000e+00
0044   1.6601562500000000e-01   9.9999949624117102e-01   6.0000000043675294e-01   3.1190862664737064e-08   0.0000000000000000e+00   0.0000000000000000e+00
0045   1.6992187500000000e-01   9.9999951760502215e-01   6.0000000041810819e-01   3.1627729307913510e-08   0.0000000000000000e+00   0.0000000000000000e+00
0046   1.7382812500000000e-01   9.9999953925940221e-01   6.0000000039918622e-01   3.2045487233037259e-08   0.0000000000000000e+00   0.0000000000000000e+00
0047   1.7773437500000000e-01   9.9999956119130118e-01   6.0000000037999890e-01   3.2443870883640051e-08   0.0000000000000000e+00   0.0000000000000000e+00
0048   1.8164062500000000e-01   9.9999958338749073e-01   6.0000000036055767e-01   3.2822624736786720e-08   0.0000000000000000e+00   0.0000000000000000e+00
0049   1.8554687500000000e-01   9.9999960583463166e-01   6.0000000034087564e-01   3.3181506018375824e-08   0.0000000000000000e+00   0.0000000000000000e+00
0050   1.8945312500000000e-01   9.9999962851916158e-01   6.0000000032096590e-01   3.3520283164181898e-08   0.0000000000000000e+00   0.0000000000000000e+00
0051   1.9335937500000000e-01   9.9999965142742553e-01   6.0000000030084399e-01   3.3838737514973382e-08   0.0000000000000000e+00   0.0000000000000000e+00
0052   1.9726562500000000e-01   9.9999967454565430e-01   6.0000000028052791e-01   3.4136665525950377e-08   0.0000000000000000e+00   0.0000000000000000e+00
0053   2.0117187500000000e-01   9.9999969785992016e-01   6.0000000026003808e-01   3.4413878659001156e-08   0.0000000000000000e+00   0.0000000000000000e+00
0054   2.0507812500000000e-01   9.9999972135620285e-01   6.0000000023939626e-01   3.4670205391129045e-08   0.0000000000000000e+00   0.0000000000000000e+00
0055   2.0898437500000000e-01   9.9999974502033284e-01   6.0000000021862432e-01   3.4905487478022865e-08   0.0000000000000000e+00   0.0000000000000000e+00
0056   2.1289062500000000e-01   9.9999976883807784e-01   6.0000000019774247e-01   3.5119580569027295e-08   0.0000000000000000e+00   0.0000000000000000e+00
0057   2.1679687500000000e-01   9.9999979279510320e-01   6.0000000017677368e-01   3.5312353510582549e-08   0.0000000000000000e+00   0.0000000000000000e+00
0058   2.2070312500000000e-01   9.9999981687695283e-01   6.0000000015574095e-01   3.5483699452098676e-08   0.0000000000000000e+00   0.0000000000000000e+00
0059   2.2460937500000000e-01   9.9999984106921980e-01   6.0000000013470245e-01   3.5633528204528283e-08   0.0000000000000000e+00   0.0000000000000000e+00
0060   2.2851562500000000e-01   9.9999986535732610e-01   6.0000000011366583e-01   3.5761824422072054e-08   0.0000000000000000e+00   0.0000000000000000e+00
0061   2.3242187500000000e-01   9.9999988972682552e-01   6.0000000009287724e-01   3.5868530450707685e-08   0.0000000000000000e+00   0.0000000000000000e+00
0062   2.3632812500000000e-01   9.9999991416262068e-01   6.0000000007189291e-01   3.5953829481563960e-08   0.0000000000000000e+00   0.0000000000000000e+00
0063   2.4023437500000000e-01   9.9999993865173609e-01   6.0000000005249399e-01   3.6017536273023107e-08   0.0000000000000000e+00   0.0000000000000000e+00
0064   2.4414062500000000e-01   9.9999996317453066e-01   6.0000000002977527e-01   3.6059991468556644e-08   0.0000000000000000e+00   0.0000000000000000e+00
0065   2.4804687500000000e-01   9.9999998773105103e-01   6.0000000001859322e-01   3.6081242588167100e-08   0.0000000000000000e+00   0.0000000000000000e+00
0066   2.5195312500000000e-01   1.0000000122689696e+00   5.9999999998139331e-01   3.6081249220941987e-08   0.0000000000000000e+00   0.0000000000000000e+00
0067   2.5585937500000000e-01   1.0000000368254727e+00   5.9999999997021092e-01   3.6060010917900280e-08   0.0000000000000000e+00   0.0000000000000000e+00
0068   2.5976562500000000e-01   1.0000000613482662e+00   5.9999999994749265e-01   3.6017569023975483e-08   0.0000000000000000e+00   0.0000000000000000e+00
0069   2.6367187500000000e-01   1.0000000858373930e+00   5.9999999992809427e-01   3.5953876278823009e-08   0.0000000000000000e+00   0.0000000000000000e+00
0070   2.6757812500000000e-01   1.0000001102731808e+00   5.9999999990711028e-01   3.5868590735386908e-08   0.0000000000000000e+00   0.0000000000000000e+00
0071   2.7148437500000000e-01   1.0000001346426963e+00   5.9999999988632180e-01   3.5761898641016601e-08   0.0000000000000000e+00   0.0000000000000000e+00
0072   2.7539062500000000e-01   1.0000001589307765e+00   5.9999999986528518e-01   3.5633616357593822e-08   0.0000000000000000e+00   0.0000000000000000e+00
0073   2.7929687500000000e-01   1.0000001831230438e+00   5.9999999984424679e-01   3.5483802023464876e-08   0.0000000000000000e+00   0.0000000000000000e+00
0074   2.8320312500000000e-01   1.0000002072049168e+00   5.9999999982321406e-01   3.5312470053073963e-08   0.0000000000000000e+00   0.0000000000000000e+00
0075   2.8710937500000000e-01   1.0000002311619325e+00   5.9999999980224528e-01   3.5119711082559736e-08   0.0000000000000000e+00   0.0000000000000000e+00
0076   2.9101562500000000e-01   1.0000002549796783e+00   5.9999999978136331e-01   3.4905632111562250e-08   0.0000000000000000e+00   0.0000000000000000e+00
0077   2.9492187500000000e-01   1.0000002786438045e+00   5.9999999976059115e-01   3.4670363474034854e-08   0.0000000000000000e+00   0.0000000000000000e+00
0078   2.9882812500000000e-01   1.0000003021400976e+00   5.9999999973994911e-01   3.4414050452048126e-08   0.0000000000000000e+00   0.0000000000000000e+00
0079   3.0273437500000000e-01   1.0000003254543506e+00   5.9999999971945916e-01   3.4136850321284343e-08   0.0000000000000000e+00   0.0000000000000000e+00
0080   3.0664062500000000e-01   1.0000003485725568e+00   5.9999999969914242e-01   3.3838935312617651e-08   0.0000000000000000e+00   0.0000000000000000e+00
0081   3.1054687500000000e-01   1.0000003714808727e+00   5.9999999967902029e-01   3.3520493591613140e-08   0.0000000000000000e+00   0.0000000000000000e+00
0082   3.1445312500000000e-01   1.0000003941653917e+00   5.9999999965910999e-01   3.3181727883456470e-08   0.0000000000000000e+00   0.0000000000000000e+00
0083   3.1835937500000000e-01   1.0000004166125049e+00   5.9999999963942718e-01   3.2822857219940621e-08   0.0000000000000000e+00   0.0000000000000000e+00
0084   3.2226562500000000e-01   1.0000004388086972e+00   5.9999999961998529e-01   3.2444113202549436e-08   0.0000000000000000e+00   0.0000000000000000e+00
0085   3.2617187500000000e-01   1.0000004607406041e+00   5.9999999960079697e-01   3.2045739425010581e-08   0.0000000000000000e+00   0.0000000000000000e+00
0086   3.3007812500000000e-01   1.0000004823950006e+00   5.9999999958187400e-01   3.1627989957280370e-08   0.0000000000000000e+00   0.0000000000000000e+00
0087   3.3398437500000000e-01   1.0000005037588451e+00   5.9999999956322847e-01   3.1191131026423553e-08   0.0000000000000000e+00   0.0000000000000000e+00
0088   3.3789062500000000e-01   1.0000005248192276e+00   5.9999999954487004e-01   3.0735439113942271e-08   0.0000000000000000e+00   0.0000000000000000e+00
0089   3.4179687500000000e-01   1.0000005455635474e+00   5.9999999952680916e-01   3.0261201728581971e-08   0.0000000000000000e+00   0.0000000000000000e+00
0090   3.4570312500000000e-01   1.0000005659792701e+00   5.9999999950905403e-01   2.9768715787972885e-08   0.0000000000000000e+00   0.0000000000000000e+00
0091   3.4960937500000000e-01   1.0000005860540464e+00   5.9999999949161387e-01   2.9258288154364047e-08   0.0000000000000000e+00   0.0000000000000000e+00
0092   3.5351562500000000e-01   1.0000006057758499e+00   5.9999999947449634e-01   2.8730235493138828e-08   0.0000000000000000e+00   0.0000000000000000e+00
0093   3.5742187500000000e-01   1.0000006251327662e+00   5.9999999945770932e-01   2.8184883267942630e-08   0.0000000000000000e+00   0.0000000000000000e+00
0094   3.6132812500000000e-01   1.0000006441131228e+00   5.9999999944126048e-01   2.7622566517683528e-08   0.0000000000000000e+00   0.0000000000000000e+00
0095   3.6523437500000000e-01   1.0000006627055265e+00   5.9999999942515758e-01   2.7043628280134301e-08   0.0000000000000000e+00   0.0000000000000000e+00
0096   3.6914062500000000e-01   1.0000006808987161e+00   5.9999999940940796e-01   2.6448421399651537e-08   0.0000000000000000e+00   0.0000000000000000e+00
0097   3.7304687500000000e-01   1.0000006986817931e+00   5.9999999939401938e-01   2.5837306416985912e-08   0.0000000000000000e+00   0.0000000000000000e+00
0098   3.7695312500000000e-01   1.0000007160439881e+00   5.9999999937899917e-01   2.5210653402303012e-08   0.0000000000000000e+00   0.0000000000000000e+00
0099   3.8085937500000000e-01   1.0000007329748843e+00   5.9999999936435433e-01   2.4568839386222832e-08   0.0000000000000000e+00   0.0000000000000000e+00
0100   3.8476562500000000e-01   1.0000007494642487e+00   5.9999999935009285e-01   2.3912251522611695e-08   0.0000000000000000e+00   0.0000000000000000e+00
0101   3.8867187500000000e-01   1.0000007655021763e+00   5.9999999933622172e-01   2.3241284098644276e-08   0.0000000000000000e+00   0.0000000000000000e+00
0102   3.9257812500000000e-01   1.0000007810789968e+00   5.9999999932274883e-01   2.2556339563124787e-08   0.0000000000000000e+00   0.0000000000000000e+00
0103   3.9648437500000000e-01   1.0000007961853044e+00   5.9999999930968151e-01   2.1857828543666493e-08   0.0000000000000000e+00   0.0000000000000000e+00
0104   4.0039062500000000e-01   1.0000008108120158e+00   5.9999999929702719e-01   2.1146169858787634e-08   0.0000000000000000e+00   0.0000000000000000e+00
0105   4.0429687500000000e-01   1.0000008249503514e+00   5.9999999928479331e-01   2.0421789593681437e-08   0.0000000000000000e+00   0.0000000000000000e+00
0106   4.0820312500000000e-01   1.0000008385917372e+00   5.9999999927298708e-01   1.9685122369295363e-08   0.0000000000000000e+00   0.0000000000000000e+00
0107   4.1210937500000000e-01   1.0000008517279972e+00   5.9999999926161562e-01   1.8936608843949109e-08   0.0000000000000000e+00   0.0000000000000000e+00
0108   4.1601562500000000e-01   1.0000008643511937e+00   5.9999999925068559e-01   1.8176697532158789e-08   0.0000000000000000e+00   0.0000000000000000e+00
0109   4.1992187500000000e-01   1.0000008764537562e+00   5.9999999924020442e-01   1.7405844272038717e-08   0.0000000000000000e+00   0.0000000000000000e+00
0110   4.2382812500000000e-01   1.0000008880283566e+00   5.9999999923017822e-01   1.6624511166982988e-08   0.0000000000000000e+00   0.0000000000000000e+00
0111   4.2773437500000000e-01   1.0000008990680205e+00   5.9999999922061298e-01   1.5833167535179064e-08   0.0000000000000000e+00   0.0000000000000000e+00
0112   4.3164062500000000e-01   1.0000009095661277e+00   5.9999999921151537e-01   1.5032287874855519e-08   0.0000000000000000e+00   0.0000000000000000e+00
0113   4.3554687500000000e-01   1.0000009195163670e+00   5.9999999920289115e-01   1.4222353924027167e-08   0.0000000000000000e+00   0.0000000000000000e+00
0114   4.3945312500000000e-01   1.0000009289127341e+00   5.9999999919474578e-01   1.3403851761759837e-08   0.0000000000000000e+00   0.0000000000000000e+00
0115   4.4335937500000000e-01   1.0000009377494914e+00   5.9999999918708424e-01   1.2577274233721572e-08   0.0000000000000000e+00   0.0000000000000000e+00
0116   4.4726562500000000e-01   1.0000009460214421e+00   5.9999999917991143e-01   1.1743118680393084e-08   0.0000000000000000e+00   0.0000000000000000e+00
0117   4.5117187500000000e-01   1.0000009537235308e+00   5.9999999917323188e-01   1.0901886711421524e-08   0.0000000000000000e+00   0.0000000000000000e+00
0118   4.5507812500000000e-01   1.0000009608511338e+00   5.9999999916704994e-01   1.0054085243911044e-08   0.0000000000000000e+00   0.0000000000000000e+00
0119   4.5898437500000000e-01   1.0000009673999355e+00   5.9999999916136904e-01   9.2002242968973746e-09   0.0000000000000000e+00   0.0000000000000000e+00
0120   4.6289062500000000e-01   1.0000009733660187e+00   5.9999999915619273e-01   8.3408188815685550e-09   0.0000000000000000e+00   0.0000000000000000e+00
0121   4.6679687500000000e-01   1.0000009787458006e+00   5.9999999915152358e-01   7.4763859342754322e-09   0.0000000000000000e+00   0.0000000000000000e+00
0122   4.7070312500000000e-01   1.0000009835359871e+00   5.9999999914736468e-01   6.6074478790479110e-09   0.0000000000000000e+00   0.0000000000000000e+00
0123   4.7460937500000000e-01   1.0000009877337519e+00   5.9999999914371827e-01   5.7345255331507957e-09   0.0000000000000000e+00   0.0000000000000000e+00
0124   4.7851562500000000e-01   1.0000009913365400e+00   5.9999999914058555e-01   4.8581517251781006e-09   0.0000000000000000e+00   0.0000000000000000e+00
0125   4.8242187500000000e-01   1.0000009943421655e+00   5.9999999913796820e-01   3.9788350635812038e-09   0.0000000000000000e+00   0.0000000000000000e+00
0126   4.8632812500000000e-01   1.0000009967488597e+00   5.9999999913586999e-01   3.0971632637643759e-09   0.0000000000000000e+00   0.0000000000000000e+00
0127   4.9023437500000000e-01   1.0000009985551299e+00   5.9999999913426960e-01   2.2135048577454427e-09   0.0000000000000000e+00   0.0000000000000000e+00
0128   4.9414062500000000e-01   1.0000009997599479e+00   5.9999999913324231e-01   1.3288114361846421e-09   0.0000000000000000e+00   0.0000000000000000e+00
0129   4.9804687500000000e-01   1.0000010003623359e+00   5.9999999913255808e-01   4.4260835115690848e-10   0.0000000000000000e+00   0.0000000000000000e+00
0130   5.0195312500000000e-01   1.0000010003623281e+00   5.9999999913255819e-01  -4.4260496088404341e-10   0.0000000000000000e+00   0.0000000000000000e+00
0131   5.0585937500000000e-01   1.0000009997599453e+00   5.9999999913324265e-01  -1.3288083439577583e-09   0.0000000000000000e+00   0.0000000000000000e+00
0132   5.0976562500000000e-01   1.0000009985551206e+00   5.9999999913427027e-01  -2.2135016537513149e-09   0.0000000000000000e+00   0.0000000000000000e+00
0133   5.1367187500000000e-01   1.0000009967488579e+00   5.9999999913587110e-01  -3.0971601342817450e-09   0.0000000000000000e+00   0.0000000000000000e+00
0134   5.1757812500000000e-01   1.0000009943421670e+00   5.9999999913796942e-01  -3.9788325674462747e-09   0.0000000000000000e+00   0.0000000000000000e+00
0135   5.2148437500000000e-01   1.0000009913365420e+00   5.9999999914058677e-01  -4.8581495643449985e-09   0.0000000000000000e+00   0.0000000000000000e+00
0136   5.2539062500000000e-01   1.0000009877337472e+00   5.9999999914371982e-01  -5.7345238566424110e-09   0.0000000000000000e+00   0.0000000000000000e+00
0137   5.2929687500000000e-01   1.0000009835359658e+00   5.9999999914736601e-01  -6.6074464260741665e-09   0.0000000000000000e+00   0.0000000000000000e+00
0138   5.3320312500000000e-01   1.0000009787457922e+00   5.9999999915152513e-01  -7.4763850401379438e-09   0.0000000000000000e+00   0.0000000000000000e+00
0139   5.3710937500000000e-01   1.0000009733660247e+00   5.9999999915619417e-01  -8.3408180246866693e-09   0.0000000000000000e+00   0.0000000000000000e+00
0140   5.4101562500000000e-01   1.0000009673999251e+00   5.9999999916137070e-01  -9.2002236635501191e-09   0.0000000000000000e+00   0.0000000000000000e+00
0141   5.4492187500000000e-01   1.0000009608511105e+00   5.9999999916705149e-01  -1.0054085057633062e-08   0.0000000000000000e+00   0.0000000000000000e+00
0142   5.4882812500000000e-01   1.0000009537235273e+00   5.9999999917323321e-01  -1.0901886413375973e-08   0.0000000000000000e+00   0.0000000000000000e+00
0143   5.5273437500000000e-01   1.0000009460214390e+00   5.9999999917991242e-01  -1.1743118717649124e-08   0.0000000000000000e+00   0.0000000000000000e+00
0144   5.5664062500000000e-01   1.0000009377495080e+00   5.9999999918708502e-01  -1.2577274345489073e-08   0.0000000000000000e+00   0.0000000000000000e+00
0145   5.6054687500000000e-01   1.0000009289127092e+00   5.9999999919474634e-01  -1.3403851836271893e-08   0.0000000000000000e+00   0.0000000000000000e+00
0146   5.6445312500000000e-01   1.0000009195163628e+00   5.9999999920289160e-01  -1.4222353775004574e-08   0.0000000000000000e+00   0.0000000000000000e+00
0147   5.6835937500000000e-01   1.0000009095661162e+00   5.9999999921151559e-01  -1.5032287949367717e-08   0.0000000000000000e+00   0.0000000000000000e+00
0148   5.7226562500000000e-01   1.0000008990680209e+00   5.9999999922061298e-01  -1.5833167125366194e-08   0.0000000000000000e+00   0.0000000000000000e+00
0149   5.7617187500000000e-01   1.0000008880283240e+00   5.9999999923017799e-01  -1.6624510980705110e-08   0.0000000000000000e+00   0.0000000000000000e+00
0150   5.8007812500000000e-01   1.0000008764537525e+00   5.9999999924020420e-01  -1.7405843824970131e-08   0.0000000000000000e+00   0.0000000000000000e+00
0151   5.8398437500000000e-01   1.0000008643511813e+00   5.9999999925068570e-01  -1.8176696861555883e-08   0.0000000000000000e+00   0.0000000000000000e+00
0152   5.8789062500000000e-01   1.0000008517279679e+00   5.9999999926161540e-01  -1.8936607912556054e-08   0.0000000000000000e+00   0.0000000000000000e+00
0153   5.9179687500000000e-01   1.0000008385917354e+00   5.9999999927298686e-01  -1.9685121624180620e-08   0.0000000000000000e+00   0.0000000000000000e+00
0154   5.9570312500000000e-01   1.0000008249503178e+00   5.9999999928479308e-01  -2.0421789221124798e-08   0.0000000000000000e+00   0.0000000000000000e+00
0155   5.9960937500000000e-01   1.0000008108120253e+00   5.9999999929702696e-01  -2.1146169486230420e-08   0.0000000000000000e+00   0.0000000000000000e+00
0156   6.0351562500000000e-01   1.0000007961853024e+00   5.9999999930968129e-01  -2.1857828208365143e-08   0.0000000000000000e+00   0.0000000000000000e+00
0157   6.0742187500000000e-01   1.0000007810789961e+00   5.9999999932274861e-01  -2.2556339041544507e-08   0.0000000000000000e+00   0.0000000000000000e+00
0158   6.1132812500000000e-01   1.0000007655021745e+00   5.9999999933622139e-01  -2.3241284135900508e-08   0.0000000000000000e+00   0.0000000000000000e+00
0159   6.1523437500000000e-01   1.0000007494642542e+00   5.9999999935009229e-01  -2.3912251857913598e-08   0.0000000000000000e+00   0.0000000000000000e+00
0160   6.1914062500000000e-01   1.0000007329748608e+00   5.9999999936435400e-01  -2.4568839758781598e-08   0.0000000000000000e+00   0.0000000000000000e+00
0161   6.2304687500000000e-01   1.0000007160439877e+00   5.9999999937899873e-01  -2.5210653402303286e-08   0.0000000000000000e+00   0.0000000000000000e+00
0162   6.2695312500000000e-01   1.0000006986817789e+00   5.9999999939401938e-01  -2.5837306491498299e-08   0.0000000000000000e+00   0.0000000000000000e+00
0163   6.3085937500000000e-01   1.0000006808987398e+00   5.9999999940940807e-01  -2.6448421287884021e-08   0.0000000000000000e+00   0.0000000000000000e+00
0164   6.3476562500000000e-01   1.0000006627055105e+00   5.9999999942515758e-01  -2.7043628466413909e-08   0.0000000000000000e+00   0.0000000000000000e+00
0165   6.3867187500000000e-01   1.0000006441131368e+00   5.9999999944126048e-01  -2.7622566405916028e-08   0.0000000000000000e+00   0.0000000000000000e+00
0166   6.4257812500000000e-01   1.0000006251327571e+00   5.9999999945770954e-01  -2.8184883416966057e-08   0.0000000000000000e+00   0.0000000000000000e+00
0167   6.4648437500000000e-01   1.0000006057758548e+00   5.9999999947449678e-01  -2.8730235306860236e-08   0.0000000000000000e+00   0.0000000000000000e+00
0168   6.5039062500000000e-01   1.0000005860540444e+00   5.9999999949161442e-01  -2.9258287968085882e-08   0.0000000000000000e+00   0.0000000000000000e+00
0169   6.5429687500000000e-01   1.0000005659792612e+00   5.9999999950905480e-01  -2.9768715564438985e-08   0.0000000000000000e+00   0.0000000000000000e+00
0170   6.5820312500000000e-01   1.0000005455635508e+00   5.9999999952680982e-01  -3.0261201765837874e-08   0.0000000000000000e+00   0.0000000000000000e+00
0171   6.6210937500000000e-01   1.0000005248192561e+00   5.9999999954487093e-01  -3.0735439598266419e-08   0.0000000000000000e+00   0.0000000000000000e+00
0172   6.6601562500000000e-01   1.0000005037588411e+00   5.9999999956322903e-01  -3.1191131175447446e-08   0.0000000000000000e+00   0.0000000000000000e+00
0173   6.6992187500000000e-01   1.0000004823949928e+00   5.9999999958187478e-01  -3.1627989882769105e-08   0.0000000000000000e+00   0.0000000000000000e+00
0174   6.7382812500000000e-01   1.0000004607406094e+00   5.9999999960079753e-01  -3.2045739462266789e-08   0.0000000000000000e+00   0.0000000000000000e+00
0175   6.7773437500000000e-01   1.0000004388086974e+00   5.9999999961998607e-01  -3.2444113388828333e-08   0.0000000000000000e+00   0.0000000000000000e+00
0176   6.8164062500000000e-01   1.0000004166125152e+00   5.9999999963942818e-01  -3.2822857368963475e-08   0.0000000000000000e+00   0.0000000000000000e+00
0177   6.8554687500000000e-01   1.0000003941653881e+00   5.9999999965911133e-01  -3.3181727510898842e-08   0.0000000000000000e+00   0.0000000000000000e+00
0178   6.8945312500000000e-01   1.0000003714808636e+00   5.9999999967902140e-01  -3.3520493032776780e-08   0.0000000000000000e+00   0.0000000000000000e+00
0179   6.9335937500000000e-01   1.0000003485725810e+00   5.9999999969914375e-01  -3.3838935014570898e-08   0.0000000000000000e+00   0.0000000000000000e+00
0180   6.9726562500000000e-01   1.0000003254543477e+00   5.9999999971946016e-01  -3.4136850060494221e-08   0.0000000000000000e+00   0.0000000000000000e+00
0181   7.0117187500000000e-01   1.0000003021400956e+00   5.9999999973995000e-01  -3.4414050675582986e-08   0.0000000000000000e+00   0.0000000000000000e+00
0182   7.0507812500000000e-01   1.0000002786438198e+00   5.9999999976059193e-01  -3.4670363809336373e-08   0.0000000000000000e+00   0.0000000000000000e+00
0183   7.0898437500000000e-01   1.0000002549796836e+00   5.9999999978136409e-01  -3.4905632260584740e-08   0.0000000000000000e+00   0.0000000000000000e+00
0184   7.1289062500000000e-01   1.0000002311619332e+00   5.9999999980224594e-01  -3.5119711231583192e-08   0.0000000000000000e+00   0.0000000000000000e+00
0185   7.1679687500000000e-01   1.0000002072049408e+00   5.9999999982321450e-01  -3.5312470053073175e-08   0.0000000000000000e+00   0.0000000000000000e+00
0186   7.2070312500000000e-01   1.0000001831230494e+00   5.9999999984424734e-01  -3.5483801799929903e-08   0.0000000000000000e+00   0.0000000000000000e+00
0187   7.2460937500000000e-01   1.0000001589307941e+00   5.9999999986528552e-01  -3.5633616581128212e-08   0.0000000000000000e+00   0.0000000000000000e+00
0188   7.2851562500000000e-01   1.0000001346426868e+00   5.9999999988632213e-01  -3.5761898864551283e-08   0.0000000000000000e+00   0.0000000000000000e+00
0189   7.3242187500000000e-01   1.0000001102731582e+00   5.9999999990711073e-01  -3.5868591070689817e-08   0.0000000000000000e+00   0.0000000000000000e+00
0190   7.3632812500000000e-01   1.0000000858374025e+00   5.9999999992809483e-01  -3.5953876427845420e-08   0.0000000000000000e+00   0.0000000000000000e+00
0191   7.4023437500000000e-01   1.0000000613482709e+00   5.9999999994749353e-01  -3.6017569545556303e-08   0.0000000000000000e+00   0.0000000000000000e+00
0192   7.4414062500000000e-01   1.0000000368254736e+00   5.9999999997021147e-01  -3.6060011812039164e-08   0.0000000000000000e+00   0.0000000000000000e+00
0193   7.4804687500000000e-01   1.0000000122689636e+00   5.9999999998139397e-01  -3.6081250077825517e-08   0.0000000000000000e+00   0.0000000000000000e+00
0194   7.5195312500000000e-01   9.9999998773106413e-01   6.0000000001859422e-01  -3.6081243631328594e-08   0.0000000000000000e+00   0.0000000000000000e+00
0195   7.5585937500000000e-01   9.9999996317452400e-01   6.0000000002977594e-01  -3.6059992511719276e-08   0.0000000000000000e+00   0.0000000000000000e+00
0196   7.5976562500000000e-01   9.9999993865173475e-01   6.0000000005249476e-01  -3.6017537725998226e-08   0.0000000000000000e+00   0.0000000000000000e+00
0197   7.6367187500000000e-01   9.9999991416260559e-01   6.0000000007189369e-01  -3.5953831307097984e-08   0.0000000000000000e+00   0.0000000000000000e+00
0198   7.6757812500000000e-01   9.9999988972682097e-01   6.0000000009287813e-01  -3.5868532164474083e-08   0.0000000000000000e+00   0.0000000000000000e+00
0199   7.7148437500000000e-01   9.9999986535732255e-01   6.0000000011366672e-01  -3.5761825986815492e-08   0.0000000000000000e+00   0.0000000000000000e+00
0200   7.7539062500000000e-01   9.9999984106923800e-01   6.0000000013470334e-01  -3.5633529732015560e-08   0.0000000000000000e+00   0.0000000000000000e+00
0201   7.7929687500000000e-01   9.9999981687697126e-01   6.0000000015574129e-01  -3.5483700830562199e-08   0.0000000000000000e+00   0.0000000000000000e+00
0202   7.8320312500000000e-01   9.9999979279508899e-01   6.0000000017677391e-01  -3.5312354702768664e-08   0.0000000000000000e+00   0.0000000000000000e+00
0203   7.8710937500000000e-01   9.9999976883808128e-01   6.0000000019774258e-01  -3.5119582059258821e-08   0.0000000000000000e+00   0.0000000000000000e+00
0204   7.9101562500000000e-01   9.9999974502033129e-01   6.0000000021862443e-01  -3.4905488670208603e-08   0.0000000000000000e+00   0.0000000000000000e+00
0205   7.9492187500000000e-01   9.9999972135620174e-01   6.0000000023939615e-01  -3.4670206322524317e-08   0.0000000000000000e+00   0.0000000000000000e+00
0206   7.9882812500000000e-01   9.9999969785993625e-01   6.0000000026003797e-01  -3.4413879813930467e-08   0.0000000000000000e+00   0.0000000000000000e+00
0207   8.0273437500000000e-01   9.9999967454565186e-01   6.0000000028052769e-01  -3.4136666457344947e-08   0.0000000000000000e+00   0.0000000000000000e+00
0208   8.0664062500000000e-01   9.9999965142742964e-01   6.0000000030084355e-01  -3.3838738595391130e-08   0.0000000000000000e+00   0.0000000000000000e+00
0209   8.1054687500000000e-01   9.9999962851914970e-01   6.0000000032096534e-01  -3.3520284356368244e-08   0.0000000000000000e+00   0.0000000000000000e+00
0210   8.1445312500000000e-01   9.9999960583461600e-01   6.0000000034087508e-01  -3.3181507210561879e-08   0.0000000000000000e+00   0.0000000000000000e+00
0211   8.1835937500000000e-01   9.9999958338749295e-01   6.0000000036055756e-01  -3.2822625668181502e-08   0.0000000000000000e+00   0.0000000000000000e+00
0212   8.2226562500000000e-01   9.9999956119131117e-01   6.0000000037999912e-01  -3.2443871367964987e-08   0.0000000000000000e+00   0.0000000000000000e+00
0213   8.2617187500000000e-01   9.9999953925940754e-01   6.0000000039918688e-01  -3.2045487940897446e-08   0.0000000000000000e+00   0.0000000000000000e+00
0214   8.3007812500000000e-01   9.9999951760500783e-01   6.0000000041810875e-01  -3.1627730090285245e-08   0.0000000000000000e+00   0.0000000000000000e+00
0215   8.3398437500000000e-01   9.9999949624118267e-01   6.0000000043675372e-01  -3.1190863484363916e-08   0.0000000000000000e+00   0.0000000000000000e+00
0216   8.3789062500000000e-01   9.9999947518075150e-01   6.0000000045511115e-01  -3.0735164939942942e-08   0.0000000000000000e+00   0.0000000000000000e+00
0217   8.4179687500000000e-01   9.9999945443644833e-01   6.0000000047317148e-01  -3.0260921481454401e-08   0.0000000000000000e+00   0.0000000000000000e+00
0218   8.4570312500000000e-01   9.9999943402075964e-01   6.0000000049092561e-01  -2.9768430399094837e-08   0.0000000000000000e+00   0.0000000000000000e+00
0219   8.4960937500000000e-01   9.9999941394594449e-01   6.0000000050836533e-01  -2.9257998629635607e-08   0.0000000000000000e+00   0.0000000000000000e+00
0220   8.5351562500000000e-01   9.9999939422415707e-01   6.0000000052548252e-01  -2.8729942503168092e-08   0.0000000000000000e+00   0.0000000000000000e+00
0221   8.5742187500000000e-01   9.9999937486722423e-01   6.0000000054226887e-01  -2.8184587893162747e-08   0.0000000000000000e+00   0.0000000000000000e+00
0222   8.6132812500000000e-01   9.9999935588687305e-01   6.0000000055871694e-01  -2.7622268869884622e-08   0.0000000000000000e+00   0.0000000000000000e+00
0223   8.6523437500000000e-01   9.9999933729447288e-01   6.0000000057481928e-01  -2.7043329290745649e-08   0.0000000000000000e+00   0.0000000000000000e+00
0224   8.6914062500000000e-01   9.9999931910128170e-01   6.0000000059056824e-01  -2.6448121329502704e-08   0.0000000000000000e+00   0.0000000000000000e+00
0225   8.7304687500000000e-01   9.9999930131821813e-01   6.0000000060595626e-01  -2.5837006197520080e-08   0.0000000000000000e+00   0.0000000000000000e+00
0226   8.7695312500000000e-01   9.9999928395600501e-01   6.0000000062097614e-01  -2.5210353294362162e-08   0.0000000000000000e+00   0.0000000000000000e+00
0227   8.8085937500000000e-01   9.9999926702510678e-01   6.0000000063562042e-01  -2.4568540731071770e-08   0.0000000000000000e+00   0.0000000000000000e+00
0228   8.8476562500000000e-01   9.9999925053575722e-01   6.0000000064988146e-01  -2.3911953947749867e-08   0.0000000000000000e+00   0.0000000000000000e+00
0229   8.8867187500000000e-01   9.9999923449781070e-01   6.0000000066375170e-01  -2.3240988423759882e-08   0.0000000000000000e+00   0.0000000000000000e+00
0230   8.9257812500000000e-01   9.9999921892101873e-01   6.0000000067722403e-01  -2.2556046198090141e-08   0.0000000000000000e+00   0.0000000000000000e+00
0231   8.9648437500000000e-01   9.9999920381469465e-01   6.0000000069029080e-01  -2.1857538419935901e-08   0.0000000000000000e+00   0.0000000000000000e+00
0232   9.0039062500000000e-01   9.9999918918797992e-01   6.0000000070294479e-01  -2.1145883125440734e-08   0.0000000000000000e+00   0.0000000000000000e+00
0233   9.0429687500000000e-01   9.9999917504966307e-01   6.0000000071517845e-01  -2.0421507331191670e-08   0.0000000000000000e+00   0.0000000000000000e+00
0234   9.0820312500000000e-01   9.9999916140826350e-01   6.0000000072698467e-01  -1.9684844242411797e-08   0.0000000000000000e+00   0.0000000000000000e+00
0235   9.1210937500000000e-01   9.9999914827200520e-01   6.0000000073835580e-01  -1.8936335672347664e-08   0.0000000000000000e+00   0.0000000000000000e+00
0236   9.1601562500000000e-01   9.9999913564879828e-01   6.0000000074928506e-01  -1.8176429911976245e-08   0.0000000000000000e+00   0.0000000000000000e+00
0237   9.1992187500000000e-01   9.9999912354626730e-01   6.0000000075976589e-01  -1.7405583209222296e-08   0.0000000000000000e+00   0.0000000000000000e+00
0238   9.2382812500000000e-01   9.9999911197166558e-01   6.0000000076979176e-01  -1.6624257294917549e-08   0.0000000000000000e+00   0.0000000000000000e+00
0239   9.2773437500000000e-01   9.9999910093197653e-01   6.0000000077935589e-01  -1.5832921561758155e-08   0.0000000000000000e+00   0.0000000000000000e+00
0240   9.3164062500000000e-01   9.9999909043385660e-01   6.0000000078845239e-01  -1.5032050023642703e-08   0.0000000000000000e+00   0.0000000000000000e+00
0241   9.3554687500000000e-01   9.9999908048362729e-01   6.0000000079707572e-01  -1.4222125349979464e-08   0.0000000000000000e+00   0.0000000000000000e+00
0242   9.3945312500000000e-01   9.9999907108728114e-01   6.0000000080522020e-01  -1.3403633619829625e-08   0.0000000000000000e+00   0.0000000000000000e+00
0243   9.4335937500000000e-01   9.9999906225049362e-01   6.0000000081288085e-01  -1.2577066970997887e-08   0.0000000000000000e+00   0.0000000000000000e+00
0244   9.4726562500000000e-01   9.9999905397856070e-01   6.0000000082005278e-01  -1.1742922892987773e-08   0.0000000000000000e+00   0.0000000000000000e+00
0245   9.5117187500000000e-01   9.9999904627646485e-01   6.0000000082673155e-01  -1.0901702771907863e-08   0.0000000000000000e+00   0.0000000000000000e+00
0246   9.5507812500000000e-01   9.9999903914888322e-01   6.0000000083291272e-01  -1.0053914232721402e-08   0.0000000000000000e+00   0.0000000000000000e+00
0247   9.5898437500000000e-01   9.9999903260006462e-01   6.0000000083859295e-01  -9.2000666611124058e-09   0.0000000000000000e+00   0.0000000000000000e+00
0248   9.6289062500000000e-01   9.9999902663397777e-01   6.0000000084376903e-01  -8.3406752918041414e-09   0.0000000000000000e+00   0.0000000000000000e+00
0249   9.6679687500000000e-01   9.9999902125421036e-01   6.0000000084843741e-01  -7.4762564277954698e-09   0.0000000000000000e+00   0.0000000000000000e+00
0250   9.7070312500000000e-01   9.9999901646400147e-01   6.0000000085259619e-01  -6.6073327166527010e-09   0.0000000000000000e+00   0.0000000000000000e+00
0251   9.7460937500000000e-01   9.9999901226622612e-01   6.0000000085624217e-01  -5.7344250128903038e-09   0.0000000000000000e+00   0.0000000000000000e+00
0252   9.7851562500000000e-01   9.9999900866344904e-01   6.0000000085937477e-01  -4.8580664804167232e-09   0.0000000000000000e+00   0.0000000000000000e+00
0253   9.8242187500000000e-01   9.9999900565780331e-01   6.0000000086199179e-01  -3.9787651315504660e-09   0.0000000000000000e+00   0.0000000000000000e+00
0254   9.8632812500000000e-01   9.9999900325111946e-01   6.0000000086408989e-01  -3.0971086072982218e-09   0.0000000000000000e+00   0.0000000000000000e+00
0255   9.9023437500000000e-01   9.9999900144487530e-01   6.0000000086569039e-01  -2.2134656256310313e-09   0.0000000000000000e+00   0.0000000000000000e+00
0256   9.9414062500000000e-01   9.9999900024005417e-01   6.0000000086671779e-01  -1.3287875172547807e-09   0.0000000000000000e+00   0.0000000000000000e+00
0257   9.9804687500000000e-01   9.9999899963763017e-01   6.0000000086740202e-01  -4.4259922241360264e-10   0.0000000000000000e+00   0.0000000000000000e+00
