# Athena++ data at time=5.375193e+01  cycle=27521  variables=prim 
# i       x1v         rho          press          vel1         vel2         vel3     
0002   1.9531250000000000e-03   9.9999903485257180e-01   6.0000003608237129e-01  -1.8605178014437426e-11   0.0000000000000000e+00   0.0000000000000000e+00
0003   5.8593750000000000e-03   9.9999903543442337e-01   6.0000003606112473e-01  -2.9775724569405982e-11   0.0000000000000000e+00   0.0000000000000000e+00
0004   9.7656250000000000e-03   9.9999903659781220e-01   6.0000003601867069e-01  -5.2492205259746866e-11   0.0000000000000000e+00   0.0000000000000000e+00
0005   1.3671875000000000e-02   9.9999903834196058e-01   6.0000003595496276e-01  -7.1885585131890796e-11   0.0000000000000000e+00   0.0000000000000000e+00
0006   1.7578125000000000e-02   9.9999904066544210e-01   6.0000003586965966e-01  -9.2864842115954042e-11   0.0000000000000000e+00   0.0000000000000000e+00
0007   2.1484375000000000e-02   9.9999904356699298e-01   6.0000003576294714e-01  -1.1364750410206137e-10   0.0000000000000000e+00   0.0000000000000000e+00
0008   2.5390625000000000e-02   9.9999904704460285e-01   6.0000003563464244e-01  -1.3467773834422035e-10   0.0000000000000000e+00   0.0000000000000000e+00
0009   2.9296875000000000e-02   9.9999905109615839e-01   6.0000003548480307e-01  -1.5570938598436057e-10   0.0000000000000000e+00   0.0000000000000000e+00
0010   3.3203125000000000e-02   9.9999905571918923e-01   6.0000003531344503e-01  -1.7673450583767149e-10   0.0000000000000000e+00   0.0000000000000000e+00
0011   3.7109375000000000e-02   9.9999906091083812e-01   6.0000003512065880e-01  -1.9769506995722076e-10   0.0000000000000000e+00   0.0000000000000000e+00
0012   4.1015625000000000e-02   9.9999906666799387e-01   6.0000003490655074e-01  -2.1856811293858853e-10   0.0000000000000000e+00   0.0000000000000000e+00
0013   4.4921875000000000e-02   9.9999907298717694e-01   6.0000003467125285e-01  -2.3933084462383965e-10   0.0000000000000000e+00   0.0000000000000000e+00
0014   4.8828125000000000e-02   9.9999907986461700e-01   6.0000003441491001e-01  -2.5996290867673812e-10   0.0000000000000000e+00   0.0000000000000000e+00
0015   5.2734375000000000e-02   9.9999908729615150e-01   6.0000003413768022e-01  -2.8044260772954810e-10   0.0000000000000000e+00   0.0000000000000000e+00
0016   5.6640625000000000e-02   9.9999909527732234e-01   6.0000003383973621e-01  -3.0074857007858543e-10   0.0000000000000000e+00   0.0000000000000000e+00
0017   6.0546875000000000e-02   9.9999910380330359e-01   6.0000003352126574e-01  -3.2085989127513639e-10   0.0000000000000000e+00   0.0000000000000000e+00
0018   6.4453125000000000e-02   9.9999911286899801e-01   6.0000003318247264e-01  -3.4075922149564714e-10   0.0000000000000000e+00   0.0000000000000000e+00
0019   6.8359375000000000e-02   9.9999912246894718e-01   6.0000003282357561e-01  -3.6043104966027676e-10   0.0000000000000000e+00   0.0000000000000000e+00
0020   7.2265625000000000e-02   9.9999913259740236e-01   6.0000003244480649e-01  -3.7986218857854441e-10   0.0000000000000000e+00   0.0000000000000000e+00
0021   7.6171875000000000e-02   9.9999914324824823e-01   6.0000003204640906e-01  -3.9903924548332168e-10   0.0000000000000000e+00   0.0000000000000000e+00
0022   8.0078125000000000e-02   9.9999915441510545e-01   6.0000003162863769e-01  -4.1795149794648489e-10   0.0000000000000000e+00   0.0000000000000000e+00
0023   8.3984375000000000e-02   9.9999916609125594e-01   6.0000003119175860e-01  -4.3658699269912004e-10   0.0000000000000000e+00   0.0000000000000000e+00
0024   8.7890625000000000e-02   9.9999917826967433e-01   6.0000003073604791e-01  -4.5493531687971076e-10   0.0000000000000000e+00   0.0000000000000000e+00
0025   9.1796875000000000e-02   9.9999919094304746e-01   6.0000003026179272e-01  -4.7298713183110033e-10   0.0000000000000000e+00   0.0000000000000000e+00
0026   9.5703125000000000e-02   9.9999920410374810e-01   6.0000002976929068e-01  -4.9073404617877554e-10   0.0000000000000000e+00   0.0000000000000000e+00
0027   9.9609375000000000e-02   9.9999921774386591e-01   6.0000002925884832e-01  -5.0816689104911701e-10   0.0000000000000000e+00   0.0000000000000000e+00
0028   1.0351562500000000e-01   9.9999923185518780e-01   6.0000002873078206e-01  -5.2527753889563806e-10   0.0000000000000000e+00   0.0000000000000000e+00
0029   1.0742187500000000e-01   9.9999924642919658e-01   6.0000002818541731e-01  -5.4205864046732843e-10   0.0000000000000000e+00   0.0000000000000000e+00
0030   1.1132812500000000e-01   9.9999926145714513e-01   6.0000002762308835e-01  -5.5850217421543569e-10   0.0000000000000000e+00   0.0000000000000000e+00
0031   1.1523437500000000e-01   9.9999927692999657e-01   6.0000002704413891e-01  -5.7460053387716401e-10   0.0000000000000000e+00   0.0000000000000000e+00
0032   1.1914062500000000e-01   9.9999929283841227e-01   6.0000002644892092e-01  -5.9034613075865745e-10   0.0000000000000000e+00   0.0000000000000000e+00
0033   1.2304687500000000e-01   9.9999930917283197e-01   6.0000002583779521e-01  -6.0573152268625610e-10   0.0000000000000000e+00   0.0000000000000000e+00
0034   1.2695312500000000e-01   9.9999932592339547e-01   6.0000002521113127e-01  -6.2074939916046024e-10   0.0000000000000000e+00   0.0000000000000000e+00
0035   1.3085937500000000e-01   9.9999934308002791e-01   6.0000002456930646e-01  -6.3539227384059575e-10   0.0000000000000000e+00   0.0000000000000000e+00
0036   1.3476562500000000e-01   9.9999936063238015e-01   6.0000002391270757e-01  -6.4965240607765999e-10   0.0000000000000000e+00   0.0000000000000000e+00
0037   1.3867187500000000e-01   9.9999937856989141e-01   6.0000002324172863e-01  -6.6352262223639713e-10   0.0000000000000000e+00   0.0000000000000000e+00
0038   1.4257812500000000e-01   9.9999939688176132e-01   6.0000002255677198e-01  -6.7699501922186560e-10   0.0000000000000000e+00   0.0000000000000000e+00
0039   1.4648437500000000e-01   9.9999941555692540e-01   6.0000002185824852e-01  -6.9006243085327843e-10   0.0000000000000000e+00   0.0000000000000000e+00
0040   1.5039062500000000e-01   9.9999943458417861e-01   6.0000002114657669e-01  -7.0271718059967997e-10   0.0000000000000000e+00   0.0000000000000000e+00
0041   1.5429687500000000e-01   9.9999945395201462e-01   6.0000002042218303e-01  -7.1495162876472675e-10   0.0000000000000000e+00   0.0000000000000000e+00
0042   1.5820312500000000e-01   9.9999947364878805e-01   6.0000001968550110e-01  -7.2675924753299519e-10   0.0000000000000000e+00   0.0000000000000000e+00
0043   1.6210937500000000e-01   9.9999949366263219e-01   6.0000001893697252e-01  -7.3813197683487481e-10   0.0000000000000000e+00   0.0000000000000000e+00
0044   1.6601562500000000e-01   9.9999951398147791e-01   6.0000001817704585e-01  -7.4906332411750915e-10   0.0000000000000000e+00   0.0000000000000000e+00
0045   1.6992187500000000e-01   9.9999953459310964e-01   6.0000001740617714e-01  -7.5954670199267614e-10   0.0000000000000000e+00   0.0000000000000000e+00
0046   1.7382812500000000e-01   9.9999955548506425e-01   6.0000001662482794e-01  -7.6957496478760241e-10   0.0000000000000000e+00   0.0000000000000000e+00
0047   1.7773437500000000e-01   9.9999957664479211e-01   6.0000001583346740e-01  -7.7914244805962941e-10   0.0000000000000000e+00   0.0000000000000000e+00
0048   1.8164062500000000e-01   9.9999959805952832e-01   6.0000001503257072e-01  -7.8824261884569815e-10   0.0000000000000000e+00   0.0000000000000000e+00
0049   1.8554687500000000e-01   9.9999961971640083e-01   6.0000001422261928e-01  -7.9686975654015292e-10   0.0000000000000000e+00   0.0000000000000000e+00
0050   1.8945312500000000e-01   9.9999964160231747e-01   6.0000001340409992e-01  -8.0501859180727714e-10   0.0000000000000000e+00   0.0000000000000000e+00
0051   1.9335937500000000e-01   9.9999966370411397e-01   6.0000001257750502e-01  -8.1268369187376719e-10   0.0000000000000000e+00   0.0000000000000000e+00
0052   1.9726562500000000e-01   9.9999968600848566e-01   6.0000001174333206e-01  -8.1986052959864967e-10   0.0000000000000000e+00   0.0000000000000000e+00
0053   2.0117187500000000e-01   9.9999970850199404e-01   6.0000001090208277e-01  -8.2654406372648455e-10   0.0000000000000000e+00   0.0000000000000000e+00
0054   2.0507812500000000e-01   9.9999973117110019e-01   6.0000001005426395e-01  -8.3273105212660019e-10   0.0000000000000000e+00   0.0000000000000000e+00
0055   2.0898437500000000e-01   9.9999975400212637e-01   6.0000000920038632e-01  -8.3841678413017506e-10   0.0000000000000000e+00   0.0000000000000000e+00
0056   2.1289062500000000e-01   9.9999977698132936e-01   6.0000000834096401e-01  -8.4359837741161857e-10   0.0000000000000000e+00   0.0000000000000000e+00
0057   2.1679687500000000e-01   9.9999980009487321e-01   6.0000000747651450e-01  -8.4827309017461723e-10   0.0000000000000000e+00   0.0000000000000000e+00
0058   2.2070312500000000e-01   9.9999982332880544e-01   6.0000000660755959e-01  -8.5243787043103568e-10   0.0000000000000000e+00   0.0000000000000000e+00
0059   2.2460937500000000e-01   9.9999984666917152e-01   6.0000000573462098e-01  -8.5609029137440385e-10   0.0000000000000000e+00   0.0000000000000000e+00
0060   2.2851562500000000e-01   9.9999987010192470e-01   6.0000000485823080e-01  -8.5922938285016637e-10   0.0000000000000000e+00   0.0000000000000000e+00
0061   2.3242187500000000e-01   9.9999989361288200e-01   6.0000000397889841e-01  -8.6185289367221594e-10   0.0000000000000000e+00   0.0000000000000000e+00
0062   2.3632812500000000e-01   9.9999991718797276e-01   6.0000000309721002e-01  -8.6395765483216534e-10   0.0000000000000000e+00   0.0000000000000000e+00
0063   2.4023437500000000e-01   9.9999994081281451e-01   6.0000000221353667e-01  -8.6556505906789603e-10   0.0000000000000000e+00   0.0000000000000000e+00
0064   2.4414062500000000e-01   9.9999996447361605e-01   6.0000000132882525e-01  -8.6659965193353807e-10   0.0000000000000000e+00   0.0000000000000000e+00
0065   2.4804687500000000e-01   9.9999998815510538e-01   6.0000000044261359e-01  -8.6729020392455859e-10   0.0000000000000000e+00   0.0000000000000000e+00
0066   2.5195312500000000e-01   1.0000000118449828e+00   5.9999999955737227e-01  -8.6729745579238270e-10   0.0000000000000000e+00   0.0000000000000000e+00
0067   2.5585937500000000e-01   1.0000000355264582e+00   5.9999999867116094e-01  -8.6662066461892556e-10   0.0000000000000000e+00   0.0000000000000000e+00
0068   2.5976562500000000e-01   1.0000000591872589e+00   5.9999999778644908e-01  -8.6560013716240777e-10   0.0000000000000000e+00   0.0000000000000000e+00
0069   2.6367187500000000e-01   1.0000000828121094e+00   5.9999999690277550e-01  -8.6400733082382784e-10   0.0000000000000000e+00   0.0000000000000000e+00
0070   2.6757812500000000e-01   1.0000001063871953e+00   5.9999999602108678e-01  -8.6191688473722802e-10   0.0000000000000000e+00   0.0000000000000000e+00
0071   2.7148437500000000e-01   1.0000001298981636e+00   5.9999999514175395e-01  -8.5930752222184065e-10   0.0000000000000000e+00   0.0000000000000000e+00
0072   2.7539062500000000e-01   1.0000001533308875e+00   5.9999999426536366e-01  -8.5618256554854946e-10   0.0000000000000000e+00   0.0000000000000000e+00
0073   2.7929687500000000e-01   1.0000001766712572e+00   5.9999999339242460e-01  -8.5254423282855668e-10   0.0000000000000000e+00   0.0000000000000000e+00
0074   2.8320312500000000e-01   1.0000001999052062e+00   5.9999999252346925e-01  -8.4839297675226624e-10   0.0000000000000000e+00   0.0000000000000000e+00
0075   2.8710937500000000e-01   1.0000002230187395e+00   5.9999999165901952e-01  -8.4373178699985930e-10   0.0000000000000000e+00   0.0000000000000000e+00
0076   2.9101562500000000e-01   1.0000002459979453e+00   5.9999999079959687e-01  -8.3856327244101840e-10   0.0000000000000000e+00   0.0000000000000000e+00
0077   2.9492187500000000e-01   1.0000002688289633e+00   5.9999998994571924e-01  -8.3289006696093533e-10   0.0000000000000000e+00   0.0000000000000000e+00
0078   2.9882812500000000e-01   1.0000002914980781e+00   5.9999998909790053e-01  -8.2671531742307664e-10   0.0000000000000000e+00   0.0000000000000000e+00
0079   3.0273437500000000e-01   1.0000003139915705e+00   5.9999998825665135e-01  -8.2004321655033245e-10   0.0000000000000000e+00   0.0000000000000000e+00
0080   3.0664062500000000e-01   1.0000003362959173e+00   5.9999998742247806e-01  -8.1287760607552812e-10   0.0000000000000000e+00   0.0000000000000000e+00
0081   3.1054687500000000e-01   1.0000003583977597e+00   5.9999998659588338e-01  -8.0522293454029632e-10   0.0000000000000000e+00   0.0000000000000000e+00
0082   3.1445312500000000e-01   1.0000003802836681e+00   5.9999998577736424e-01  -7.9708373232438328e-10   0.0000000000000000e+00   0.0000000000000000e+00
0083   3.1835937500000000e-01   1.0000004019405140e+00   5.9999998496741280e-01  -7.8846532352325961e-10   0.0000000000000000e+00   0.0000000000000000e+00
0084   3.2226562500000000e-01   1.0000004233552506e+00   5.9999998416651612e-01  -7.7937294315251346e-10   0.0000000000000000e+00   0.0000000000000000e+00
0085   3.2617187500000000e-01   1.0000004445149828e+00   5.9999998337515537e-01  -7.6981298519319807e-10   0.0000000000000000e+00   0.0000000000000000e+00
0086   3.3007812500000000e-01   1.0000004654069534e+00   5.9999998259380571e-01  -7.5979135186358967e-10   0.0000000000000000e+00   0.0000000000000000e+00
0087   3.3398437500000000e-01   1.0000004860185705e+00   5.9999998182293612e-01  -7.4931393357004132e-10   0.0000000000000000e+00   0.0000000000000000e+00
0088   3.3789062500000000e-01   1.0000005063373831e+00   5.9999998106300878e-01  -7.3838795274066375e-10   0.0000000000000000e+00   0.0000000000000000e+00
0089   3.4179687500000000e-01   1.0000005263512337e+00   5.9999998031447987e-01  -7.2701970077999714e-10   0.0000000000000000e+00   0.0000000000000000e+00
0090   3.4570312500000000e-01   1.0000005460480257e+00   5.9999997957779772e-01  -7.1521675252594410e-10   0.0000000000000000e+00   0.0000000000000000e+00
0091   3.4960937500000000e-01   1.0000005654158450e+00   5.9999997885340339e-01  -7.0298579125596574e-10   0.0000000000000000e+00   0.0000000000000000e+00
0092   3.5351562500000000e-01   1.0000005844430948e+00   5.9999997814173078e-01  -6.9033435216364772e-10   0.0000000000000000e+00   0.0000000000000000e+00
0093   3.5742187500000000e-01   1.0000006031182678e+00   5.9999997744320666e-01  -6.7726977816881913e-10   0.0000000000000000e+00   0.0000000000000000e+00
0094   3.6132812500000000e-01   1.0000006214301183e+00   5.9999997675824934e-01  -6.6379974686358914e-10   0.0000000000000000e+00   0.0000000000000000e+00
0095   3.6523437500000000e-01   1.0000006393676462e+00   5.9999997608726974e-01  -6.4993179784114959e-10   0.0000000000000000e+00   0.0000000000000000e+00
0096   3.6914062500000000e-01   1.0000006569199809e+00   5.9999997543067018e-01  -6.3567312697787663e-10   0.0000000000000000e+00   0.0000000000000000e+00
0097   3.7304687500000000e-01   1.0000006740766161e+00   5.9999997478884504e-01  -6.2103120638569758e-10   0.0000000000000000e+00   0.0000000000000000e+00
0098   3.7695312500000000e-01   1.0000006908271706e+00   5.9999997416218054e-01  -6.0601351613905717e-10   0.0000000000000000e+00   0.0000000000000000e+00
0099   3.8085937500000000e-01   1.0000007071615793e+00   5.9999997355105428e-01  -5.9062798965110742e-10   0.0000000000000000e+00   0.0000000000000000e+00
0100   3.8476562500000000e-01   1.0000007230699881e+00   5.9999997295583563e-01  -5.7488178818588569e-10   0.0000000000000000e+00   0.0000000000000000e+00
0101   3.8867187500000000e-01   1.0000007385428327e+00   5.9999997237688563e-01  -5.5878209270289538e-10   0.0000000000000000e+00   0.0000000000000000e+00
0102   3.9257812500000000e-01   1.0000007535707935e+00   5.9999997181455633e-01  -5.4233660302524276e-10   0.0000000000000000e+00   0.0000000000000000e+00
0103   3.9648437500000000e-01   1.0000007681448038e+00   5.9999997126919102e-01  -5.2555266377737969e-10   0.0000000000000000e+00   0.0000000000000000e+00
0104   4.0039062500000000e-01   1.0000007822561008e+00   5.9999997074112432e-01  -5.0843825819449298e-10   0.0000000000000000e+00   0.0000000000000000e+00
0105   4.0429687500000000e-01   1.0000007958962263e+00   5.9999997023068163e-01  -4.9100159114689027e-10   0.0000000000000000e+00   0.0000000000000000e+00
0106   4.0820312500000000e-01   1.0000008090569152e+00   5.9999996973817926e-01  -4.7325034164469640e-10   0.0000000000000000e+00   0.0000000000000000e+00
0107   4.1210937500000000e-01   1.0000008217302905e+00   5.9999996926392418e-01  -4.5519252196437271e-10   0.0000000000000000e+00   0.0000000000000000e+00
0108   4.1601562500000000e-01   1.0000008339087036e+00   5.9999996880821327e-01  -4.3683775105726573e-10   0.0000000000000000e+00   0.0000000000000000e+00
0109   4.1992187500000000e-01   1.0000008455848677e+00   5.9999996837133363e-01  -4.1819506747746668e-10   0.0000000000000000e+00   0.0000000000000000e+00
0110   4.2382812500000000e-01   1.0000008567517180e+00   5.9999996795356170e-01  -3.9927495635404933e-10   0.0000000000000000e+00   0.0000000000000000e+00
0111   4.2773437500000000e-01   1.0000008674025516e+00   5.9999996755516405e-01  -3.8008836262247900e-10   0.0000000000000000e+00   0.0000000000000000e+00
0112   4.3164062500000000e-01   1.0000008775309868e+00   5.9999996717639481e-01  -3.6064786889727236e-10   0.0000000000000000e+00   0.0000000000000000e+00
0113   4.3554687500000000e-01   1.0000008871309458e+00   5.9999996681749745e-01  -3.4096597103219728e-10   0.0000000000000000e+00   0.0000000000000000e+00
0114   4.3945312500000000e-01   1.0000008961966667e+00   5.9999996647870435e-01  -3.2105577876907837e-10   0.0000000000000000e+00   0.0000000000000000e+00
0115   4.4335937500000000e-01   1.0000009047226146e+00   5.9999996616023343e-01  -3.0093317264824801e-10   0.0000000000000000e+00   0.0000000000000000e+00
0116   4.4726562500000000e-01   1.0000009127037910e+00   5.9999996586228888e-01  -2.8061579729127659e-10   0.0000000000000000e+00   0.0000000000000000e+00
0117   4.5117187500000000e-01   1.0000009201353290e+00   5.9999996558505875e-01  -2.6012373412535997e-10   0.0000000000000000e+00   0.0000000000000000e+00
0118   4.5507812500000000e-01   1.0000009270127679e+00   5.9999996532871547e-01  -2.3947905918472700e-10   0.0000000000000000e+00   0.0000000000000000e+00
0119   4.5898437500000000e-01   1.0000009333319539e+00   5.9999996509341746e-01  -2.1870335441670585e-10   0.0000000000000000e+00   0.0000000000000000e+00
0120   4.6289062500000000e-01   1.0000009390891029e+00   5.9999996487930929e-01  -1.9781712141562585e-10   0.0000000000000000e+00   0.0000000000000000e+00
0121   4.6679687500000000e-01   1.0000009442807685e+00   5.9999996468652272e-01  -1.7684322097479743e-10   0.0000000000000000e+00   0.0000000000000000e+00
0122   4.7070312500000000e-01   1.0000009489037551e+00   5.9999996451516413e-01  -1.5580461452616993e-10   0.0000000000000000e+00   0.0000000000000000e+00
0123   4.7460937500000000e-01   1.0000009529553244e+00   5.9999996436532455e-01  -1.3475984747064819e-10   0.0000000000000000e+00   0.0000000000000000e+00
0124   4.7851562500000000e-01   1.0000009564329435e+00   5.9999996423701940e-01  -1.1371618628087542e-10   0.0000000000000000e+00   0.0000000000000000e+00
0125   4.8242187500000000e-01   1.0000009593344730e+00   5.9999996413030643e-01  -9.2920418530452312e-11   0.0000000000000000e+00   0.0000000000000000e+00
0126   4.8632812500000000e-01   1.0000009616579610e+00   5.9999996404500244e-01  -7.1928150065421698e-11   0.0000000000000000e+00   0.0000000000000000e+00
0127   4.9023437500000000e-01   1.0000009634021190e+00   5.9999996398129418e-01  -5.2522143347504430e-11   0.0000000000000000e+00   0.0000000000000000e+00
0128   4.9414062500000000e-01   1.0000009645655104e+00   5.9999996393883970e-01  -2.9793015794000637e-11   0.0000000000000000e+00   0.0000000000000000e+00
0129   4.9804687500000000e-01   1.0000009651473356e+00   5.9999996391759225e-01  -1.8610551720390690e-11   0.0000000000000000e+00   0.0000000000000000e+00
0130   5.0195312500000000e-01   1.0000009651473312e+00   5.9999996391759247e-01   1.8610551720021034e-11   0.0000000000000000e+00   0.0000000000000000e+00
0131   5.0585937500000000e-01   1.0000009645655059e+00   5.9999996393883970e-01   2.9793276583905662e-11   0.0000000000000000e+00   0.0000000000000000e+00
0132   5.0976562500000000e-01   1.0000009634021094e+00   5.9999996398129407e-01   5.2522292370164579e-11   0.0000000000000000e+00   0.0000000000000000e+00
0133   5.1367187500000000e-01   1.0000009616579553e+00   5.9999996404500233e-01   7.1928187320807781e-11   0.0000000000000000e+00   0.0000000000000000e+00
0134   5.1757812500000000e-01   1.0000009593344683e+00   5.9999996413030576e-01   9.2920306762874425e-11   0.0000000000000000e+00   0.0000000000000000e+00
0135   5.2148437500000000e-01   1.0000009564329408e+00   5.9999996423701885e-01   1.1371618628045634e-10   0.0000000000000000e+00   0.0000000000000000e+00
0136   5.2539062500000000e-01   1.0000009529553180e+00   5.9999996436532388e-01   1.3475973570304401e-10   0.0000000000000000e+00   0.0000000000000000e+00
0137   5.2929687500000000e-01   1.0000009489037303e+00   5.9999996451516380e-01   1.5580427922403832e-10   0.0000000000000000e+00   0.0000000000000000e+00
0138   5.3320312500000000e-01   1.0000009442807549e+00   5.9999996468652206e-01   1.7684307195135661e-10   0.0000000000000000e+00   0.0000000000000000e+00
0139   5.3710937500000000e-01   1.0000009390891060e+00   5.9999996487930873e-01   1.9781667434617664e-10   0.0000000000000000e+00   0.0000000000000000e+00
0140   5.4101562500000000e-01   1.0000009333319413e+00   5.9999996509341680e-01   2.1870309362605475e-10   0.0000000000000000e+00   0.0000000000000000e+00
0141   5.4492187500000000e-01   1.0000009270127446e+00   5.9999996532871469e-01   2.3947876113819126e-10   0.0000000000000000e+00   0.0000000000000000e+00
0142   5.4882812500000000e-01   1.0000009201353206e+00   5.9999996558505775e-01   2.6012362235770398e-10   0.0000000000000000e+00   0.0000000000000000e+00
0143   5.5273437500000000e-01   1.0000009127037894e+00   5.9999996586228777e-01   2.8061568552379265e-10   0.0000000000000000e+00   0.0000000000000000e+00
0144   5.5664062500000000e-01   1.0000009047226284e+00   5.9999996616023221e-01   3.0093306088055449e-10   0.0000000000000000e+00   0.0000000000000000e+00
0145   5.6054687500000000e-01   1.0000008961966373e+00   5.9999996647870302e-01   3.2105581602466336e-10   0.0000000000000000e+00   0.0000000000000000e+00
0146   5.6445312500000000e-01   1.0000008871309447e+00   5.9999996681749634e-01   3.4096571024153160e-10   0.0000000000000000e+00   0.0000000000000000e+00
0147   5.6835937500000000e-01   1.0000008775309719e+00   5.9999996717639337e-01   3.6064783164103896e-10   0.0000000000000000e+00   0.0000000000000000e+00
0148   5.7226562500000000e-01   1.0000008674025480e+00   5.9999996755516294e-01   3.8008843713361053e-10   0.0000000000000000e+00   0.0000000000000000e+00
0149   5.7617187500000000e-01   1.0000008567516880e+00   5.9999996795356092e-01   3.9927484458645372e-10   0.0000000000000000e+00   0.0000000000000000e+00
0150   5.8007812500000000e-01   1.0000008455848632e+00   5.9999996837133251e-01   4.1819521650010956e-10   0.0000000000000000e+00   0.0000000000000000e+00
0151   5.8398437500000000e-01   1.0000008339086912e+00   5.9999996880821238e-01   4.3683786282413926e-10   0.0000000000000000e+00   0.0000000000000000e+00
0152   5.8789062500000000e-01   1.0000008217302589e+00   5.9999996926392363e-01   4.5519282001016140e-10   0.0000000000000000e+00   0.0000000000000000e+00
0153   5.9179687500000000e-01   1.0000008090569144e+00   5.9999996973817893e-01   4.7325037890017014e-10   0.0000000000000000e+00   0.0000000000000000e+00
0154   5.9570312500000000e-01   1.0000007958961927e+00   5.9999997023068163e-01   4.9100196370428105e-10   0.0000000000000000e+00   0.0000000000000000e+00
0155   5.9960937500000000e-01   1.0000007822561126e+00   5.9999997074112432e-01   5.0843874251880428e-10   0.0000000000000000e+00   0.0000000000000000e+00
0156   6.0351562500000000e-01   1.0000007681448069e+00   5.9999997126919102e-01   5.2555288731152824e-10   0.0000000000000000e+00   0.0000000000000000e+00
0157   6.0742187500000000e-01   1.0000007535707958e+00   5.9999997181455622e-01   5.4233634223462930e-10   0.0000000000000000e+00   0.0000000000000000e+00
0158   6.1132812500000000e-01   1.0000007385428322e+00   5.9999997237688552e-01   5.5878190642372364e-10   0.0000000000000000e+00   0.0000000000000000e+00
0159   6.1523437500000000e-01   1.0000007230699928e+00   5.9999997295583551e-01   5.7488115483776823e-10   0.0000000000000000e+00   0.0000000000000000e+00
0160   6.1914062500000000e-01   1.0000007071615542e+00   5.9999997355105383e-01   5.9062772886023939e-10   0.0000000000000000e+00   0.0000000000000000e+00
0161   6.2304687500000000e-01   1.0000006908271666e+00   5.9999997416217987e-01   6.0601336711576459e-10   0.0000000000000000e+00   0.0000000000000000e+00
0162   6.2695312500000000e-01   1.0000006740766050e+00   5.9999997478884437e-01   6.2103072206036440e-10   0.0000000000000000e+00   0.0000000000000000e+00
0163   6.3085937500000000e-01   1.0000006569200055e+00   5.9999997543066963e-01   6.3567260539681949e-10   0.0000000000000000e+00   0.0000000000000000e+00
0164   6.3476562500000000e-01   1.0000006393676266e+00   5.9999997608726929e-01   6.4993135077167572e-10   0.0000000000000000e+00   0.0000000000000000e+00
0165   6.3867187500000000e-01   1.0000006214301311e+00   5.9999997675824912e-01   6.6379956058459752e-10   0.0000000000000000e+00   0.0000000000000000e+00
0166   6.4257812500000000e-01   1.0000006031182620e+00   5.9999997744320643e-01   6.7726959188993039e-10   0.0000000000000000e+00   0.0000000000000000e+00
0167   6.4648437500000000e-01   1.0000005844430961e+00   5.9999997814173056e-01   6.9033420314020831e-10   0.0000000000000000e+00   0.0000000000000000e+00
0168   6.5039062500000000e-01   1.0000005654158433e+00   5.9999997885340317e-01   7.0298556772079697e-10   0.0000000000000000e+00   0.0000000000000000e+00
0169   6.5429687500000000e-01   1.0000005460480177e+00   5.9999997957779749e-01   7.1521641722360468e-10   0.0000000000000000e+00   0.0000000000000000e+00
0170   6.5820312500000000e-01   1.0000005263512357e+00   5.9999998031447999e-01   7.2701970077978848e-10   0.0000000000000000e+00   0.0000000000000000e+00
0171   6.6210937500000000e-01   1.0000005063374116e+00   5.9999998106300911e-01   7.3838772920596968e-10   0.0000000000000000e+00   0.0000000000000000e+00
0172   6.6601562500000000e-01   1.0000004860185645e+00   5.9999998182293623e-01   7.4931382180203874e-10   0.0000000000000000e+00   0.0000000000000000e+00
0173   6.6992187500000000e-01   1.0000004654069450e+00   5.9999998259380571e-01   7.5979135186354955e-10   0.0000000000000000e+00   0.0000000000000000e+00
0174   6.7382812500000000e-01   1.0000004445149897e+00   5.9999998337515537e-01   7.6981339500603219e-10   0.0000000000000000e+00   0.0000000000000000e+00
0175   6.7773437500000000e-01   1.0000004233552511e+00   5.9999998416651634e-01   7.7937342747751784e-10   0.0000000000000000e+00   0.0000000000000000e+00
0176   6.8164062500000000e-01   1.0000004019405218e+00   5.9999998496741314e-01   7.8846580784820535e-10   0.0000000000000000e+00   0.0000000000000000e+00
0177   6.8554687500000000e-01   1.0000003802836641e+00   5.9999998577736446e-01   7.9708410488207071e-10   0.0000000000000000e+00   0.0000000000000000e+00
0178   6.8945312500000000e-01   1.0000003583977501e+00   5.9999998659588372e-01   8.0522364240010055e-10   0.0000000000000000e+00   0.0000000000000000e+00
0179   6.9335937500000000e-01   1.0000003362959411e+00   5.9999998742247829e-01   8.1287857472538736e-10   0.0000000000000000e+00   0.0000000000000000e+00
0180   6.9726562500000000e-01   1.0000003139915639e+00   5.9999998825665146e-01   8.2004455775809460e-10   0.0000000000000000e+00   0.0000000000000000e+00
0181   7.0117187500000000e-01   1.0000002914980746e+00   5.9999998909790020e-01   8.2671710570020326e-10   0.0000000000000000e+00   0.0000000000000000e+00
0182   7.0507812500000000e-01   1.0000002688289764e+00   5.9999998994571901e-01   8.3289174347086185e-10   0.0000000000000000e+00   0.0000000000000000e+00
0183   7.0898437500000000e-01   1.0000002459979473e+00   5.9999999079959654e-01   8.3856498620730322e-10   0.0000000000000000e+00   0.0000000000000000e+00
0184   7.1289062500000000e-01   1.0000002230187344e+00   5.9999999165901874e-01   8.4373383606725041e-10   0.0000000000000000e+00   0.0000000000000000e+00
0185   7.1679687500000000e-01   1.0000001999052248e+00   5.9999999252346836e-01   8.4839495130858435e-10   0.0000000000000000e+00   0.0000000000000000e+00
0186   7.2070312500000000e-01   1.0000001766712583e+00   5.9999999339242338e-01   8.5254598385032443e-10   0.0000000000000000e+00   0.0000000000000000e+00
0187   7.2460937500000000e-01   1.0000001533309015e+00   5.9999999426536210e-01   8.5618427931419156e-10   0.0000000000000000e+00   0.0000000000000000e+00
0188   7.2851562500000000e-01   1.0000001298981538e+00   5.9999999514175217e-01   8.5930908696499377e-10   0.0000000000000000e+00   0.0000000000000000e+00
0189   7.3242187500000000e-01   1.0000001063871669e+00   5.9999999602108500e-01   8.6191867301481973e-10   0.0000000000000000e+00   0.0000000000000000e+00
0190   7.3632812500000000e-01   1.0000000828121169e+00   5.9999999690277339e-01   8.6400900733438611e-10   0.0000000000000000e+00   0.0000000000000000e+00
0191   7.4023437500000000e-01   1.0000000591872586e+00   5.9999999778644719e-01   8.6560211171904631e-10   0.0000000000000000e+00   0.0000000000000000e+00
0192   7.4414062500000000e-01   1.0000000355264584e+00   5.9999999867115883e-01   8.6662234112921769e-10   0.0000000000000000e+00   0.0000000000000000e+00
0193   7.4804687500000000e-01   1.0000000118449739e+00   5.9999999955737005e-01   8.6729875974471402e-10   0.0000000000000000e+00   0.0000000000000000e+00
0194   7.5195312500000000e-01   9.9999998815511459e-01   6.0000000044261192e-01   8.6729147062143871e-10   0.0000000000000000e+00   0.0000000000000000e+00
0195   7.5585937500000000e-01   9.9999996447360706e-01   6.0000000132882314e-01   8.6660043430474173e-10   0.0000000000000000e+00   0.0000000000000000e+00
0196   7.5976562500000000e-01   9.9999994081280941e-01   6.0000000221353489e-01   8.6556613948644844e-10   0.0000000000000000e+00   0.0000000000000000e+00
0197   7.6367187500000000e-01   9.9999991718795345e-01   6.0000000309720858e-01   8.6395825092508296e-10   0.0000000000000000e+00   0.0000000000000000e+00
0198   7.6757812500000000e-01   9.9999989361287467e-01   6.0000000397889708e-01   8.6185330348615568e-10   0.0000000000000000e+00   0.0000000000000000e+00
0199   7.7148437500000000e-01   9.9999987010192004e-01   6.0000000485822969e-01   8.5922945736167612e-10   0.0000000000000000e+00   0.0000000000000000e+00
0200   7.7539062500000000e-01   9.9999984666919051e-01   6.0000000573462020e-01   8.5609040314134815e-10   0.0000000000000000e+00   0.0000000000000000e+00
0201   7.7929687500000000e-01   9.9999982332882131e-01   6.0000000660755937e-01   8.5243768415226233e-10   0.0000000000000000e+00   0.0000000000000000e+00
0202   7.8320312500000000e-01   9.9999980009486145e-01   6.0000000747651427e-01   8.4827290389549843e-10   0.0000000000000000e+00   0.0000000000000000e+00
0203   7.8710937500000000e-01   9.9999977698133447e-01   6.0000000834096434e-01   8.4359822838868560e-10   0.0000000000000000e+00   0.0000000000000000e+00
0204   7.9101562500000000e-01   9.9999975400212471e-01   6.0000000920038676e-01   8.3841648608363663e-10   0.0000000000000000e+00   0.0000000000000000e+00
0205   7.9492187500000000e-01   9.9999973117109975e-01   6.0000001005426473e-01   8.3273053054506266e-10   0.0000000000000000e+00   0.0000000000000000e+00
0206   7.9882812500000000e-01   9.9999970850201081e-01   6.0000001090208366e-01   8.2654369116829079e-10   0.0000000000000000e+00   0.0000000000000000e+00
0207   8.0273437500000000e-01   9.9999968600848443e-01   6.0000001174333284e-01   8.1986015704111848e-10   0.0000000000000000e+00   0.0000000000000000e+00
0208   8.0664062500000000e-01   9.9999966370411852e-01   6.0000001257750590e-01   8.1268350559502920e-10   0.0000000000000000e+00   0.0000000000000000e+00
0209   8.1054687500000000e-01   9.9999964160230903e-01   6.0000001340410059e-01   8.0501851729532599e-10   0.0000000000000000e+00   0.0000000000000000e+00
0210   8.1445312500000000e-01   9.9999961971638529e-01   6.0000001422261973e-01   7.9686994281933180e-10   0.0000000000000000e+00   0.0000000000000000e+00
0211   8.1835937500000000e-01   9.9999959805953009e-01   6.0000001503257094e-01   7.8824284238061329e-10   0.0000000000000000e+00   0.0000000000000000e+00
0212   8.2226562500000000e-01   9.9999957664479977e-01   6.0000001583346729e-01   7.7914300689683930e-10   0.0000000000000000e+00   0.0000000000000000e+00
0213   8.2617187500000000e-01   9.9999955548506747e-01   6.0000001662482783e-01   7.6957574715935407e-10   0.0000000000000000e+00   0.0000000000000000e+00
0214   8.3007812500000000e-01   9.9999953459309665e-01   6.0000001740617703e-01   7.5954744710934760e-10   0.0000000000000000e+00   0.0000000000000000e+00
0215   8.3398437500000000e-01   9.9999951398149078e-01   6.0000001817704607e-01   7.4906399472251596e-10   0.0000000000000000e+00   0.0000000000000000e+00
0216   8.3789062500000000e-01   9.9999949366262819e-01   6.0000001893697286e-01   7.3813279646253562e-10   0.0000000000000000e+00   0.0000000000000000e+00
0217   8.4179687500000000e-01   9.9999947364879227e-01   6.0000001968550132e-01   7.2675947106779814e-10   0.0000000000000000e+00   0.0000000000000000e+00
0218   8.4570312500000000e-01   9.9999945395202960e-01   6.0000002042218326e-01   7.1495218760210415e-10   0.0000000000000000e+00   0.0000000000000000e+00
0219   8.4960937500000000e-01   9.9999943458416829e-01   6.0000002114657691e-01   7.0271762766954189e-10   0.0000000000000000e+00   0.0000000000000000e+00
0220   8.5351562500000000e-01   9.9999941555693195e-01   6.0000002185824852e-01   6.9006269164392767e-10   0.0000000000000000e+00   0.0000000000000000e+00
0221   8.5742187500000000e-01   9.9999939688173511e-01   6.0000002255677176e-01   6.7699513098958094e-10   0.0000000000000000e+00   0.0000000000000000e+00
0222   8.6132812500000000e-01   9.9999937856988874e-01   6.0000002324172819e-01   6.6352277125983954e-10   0.0000000000000000e+00   0.0000000000000000e+00
0223   8.6523437500000000e-01   9.9999936063236483e-01   6.0000002391270735e-01   6.4965274138049054e-10   0.0000000000000000e+00   0.0000000000000000e+00
0224   8.6914062500000000e-01   9.9999934308002270e-01   6.0000002456930612e-01   6.3539208756216992e-10   0.0000000000000000e+00   0.0000000000000000e+00
0225   8.7304687500000000e-01   9.9999932592339436e-01   6.0000002521113072e-01   6.2074962269572590e-10   0.0000000000000000e+00   0.0000000000000000e+00
0226   8.7695312500000000e-01   9.9999930917282354e-01   6.0000002583779455e-01   6.0573137366331652e-10   0.0000000000000000e+00   0.0000000000000000e+00
0227   8.8085937500000000e-01   9.9999929283840283e-01   6.0000002644892003e-01   5.9034594448023379e-10   0.0000000000000000e+00   0.0000000000000000e+00
0228   8.8476562500000000e-01   9.9999927693000812e-01   6.0000002704413791e-01   5.7460045936555220e-10   0.0000000000000000e+00   0.0000000000000000e+00
0229   8.8867187500000000e-01   9.9999926145713924e-01   6.0000002762308746e-01   5.5850206244838964e-10   0.0000000000000000e+00   0.0000000000000000e+00
0230   8.9257812500000000e-01   9.9999924642920290e-01   6.0000002818541653e-01   5.4205841693299759e-10   0.0000000000000000e+00   0.0000000000000000e+00
0231   8.9648437500000000e-01   9.9999923185517525e-01   6.0000002873078118e-01   5.2527757615185295e-10   0.0000000000000000e+00   0.0000000000000000e+00
0232   9.0039062500000000e-01   9.9999921774387179e-01   6.0000002925884754e-01   5.0816648123549469e-10   0.0000000000000000e+00   0.0000000000000000e+00
0233   9.0429687500000000e-01   9.9999920410375909e-01   6.0000002976928979e-01   4.9073326380679671e-10   0.0000000000000000e+00   0.0000000000000000e+00
0234   9.0820312500000000e-01   9.9999919094305689e-01   6.0000003026179183e-01   4.7298634945914052e-10   0.0000000000000000e+00   0.0000000000000000e+00
0235   9.1210937500000000e-01   9.9999917826967999e-01   6.0000003073604713e-01   4.5493397567046724e-10   0.0000000000000000e+00   0.0000000000000000e+00
0236   9.1601562500000000e-01   9.9999916609125505e-01   6.0000003119175793e-01   4.3658531618761868e-10   0.0000000000000000e+00   0.0000000000000000e+00
0237   9.1992187500000000e-01   9.9999915441512099e-01   6.0000003162863735e-01   4.1794985869069297e-10   0.0000000000000000e+00   0.0000000000000000e+00
0238   9.2382812500000000e-01   9.9999914324826233e-01   6.0000003204640906e-01   3.9903797878572967e-10   0.0000000000000000e+00   0.0000000000000000e+00
0239   9.2773437500000000e-01   9.9999913259740625e-01   6.0000003244480682e-01   3.7986036304377699e-10   0.0000000000000000e+00   0.0000000000000000e+00
0240   9.3164062500000000e-01   9.9999912246895528e-01   6.0000003282357584e-01   3.6042952217214087e-10   0.0000000000000000e+00   0.0000000000000000e+00
0241   9.3554687500000000e-01   9.9999911286899901e-01   6.0000003318247275e-01   3.4075761949585665e-10   0.0000000000000000e+00   0.0000000000000000e+00
0242   9.3945312500000000e-01   9.9999910380330137e-01   6.0000003352126574e-01   3.2085869908943303e-10   0.0000000000000000e+00   0.0000000000000000e+00
0243   9.4335937500000000e-01   9.9999909527732223e-01   6.0000003383973621e-01   3.0074748966011041e-10   0.0000000000000000e+00   0.0000000000000000e+00
0244   9.4726562500000000e-01   9.9999908729615916e-01   6.0000003413768044e-01   2.8044201163671485e-10   0.0000000000000000e+00   0.0000000000000000e+00
0245   9.5117187500000000e-01   9.9999907986461323e-01   6.0000003441491012e-01   2.5996223807228024e-10   0.0000000000000000e+00   0.0000000000000000e+00
0246   9.5507812500000000e-01   9.9999907298719304e-01   6.0000003467125285e-01   2.3932987597280922e-10   0.0000000000000000e+00   0.0000000000000000e+00
0247   9.5898437500000000e-01   9.9999906666798977e-01   6.0000003490655041e-01   2.1856744233414166e-10   0.0000000000000000e+00   0.0000000000000000e+00
0248   9.6289062500000000e-01   9.9999906091083646e-01   6.0000003512065814e-01   1.9769413856205190e-10   0.0000000000000000e+00   0.0000000000000000e+00
0249   9.6679687500000000e-01   9.9999905571918335e-01   6.0000003531344426e-01   1.7673376072152987e-10   0.0000000000000000e+00   0.0000000000000000e+00
0250   9.7070312500000000e-01   9.9999905109617448e-01   6.0000003548480219e-01   1.5570856635657221e-10   0.0000000000000000e+00   0.0000000000000000e+00
0251   9.7460937500000000e-01   9.9999904704459164e-01   6.0000003563464155e-01   1.3467695597226406e-10   0.0000000000000000e+00   0.0000000000000000e+00
0252   9.7851562500000000e-01   9.9999904356698510e-01   6.0000003576294603e-01   1.1364649819517603e-10   0.0000000000000000e+00   0.0000000000000000e+00
0253   9.8242187500000000e-01   9.9999904066543566e-01   6.0000003586965878e-01   9.2863389139234170e-11   0.0000000000000000e+00   0.0000000000000000e+00
0254   9.8632812500000000e-01   9.9999903834195680e-01   6.0000003595496210e-01   7.1884020387712461e-11   0.0000000000000000e+00   0.0000000000000000e+00
0255   9.9023437500000000e-01   9.9999903659782019e-01   6.0000003601867014e-01   5.2490752283013971e-11   0.0000000000000000e+00   0.0000000000000000e+00
0256   9.9414062500000000e-01   9.9999903543442603e-01   6.0000003606112451e-01   2.9773861778635137e-11   0.0000000000000000e+00   0.0000000000000000e+00
0257   9.9804687500000000e-01   9.9999903485256358e-01   6.0000003608237129e-01   1.8603613270245274e-11   0.0000000000000000e+00   0.0000000000000000e+00
