# Athena++ data at time=1.572519e+02  cycle=80513  variables=prim 
# i       x1v         rho          press          vel1         vel2         vel3     
0002   1.9531250000000000e-03   9.9999896277894251e-01   5.9999996400865774e-01   1.8563118119678432e-11   0.0000000000000000e+00   0.0000000000000000e+00
0003   5.8593750000000000e-03   9.9999896340311489e-01   5.9999996402975442e-01   2.9832134326409896e-11   0.0000000000000000e+00   0.0000000000000000e+00
0004   9.7656250000000000e-03   9.9999896465109761e-01   5.9999996407189871e-01   5.2571422438125904e-11   0.0000000000000000e+00   0.0000000000000000e+00
0005   1.3671875000000000e-02   9.9999896652223230e-01   5.9999996413514822e-01   7.2015430077469664e-11   0.0000000000000000e+00   0.0000000000000000e+00
0006   1.7578125000000000e-02   9.9999896901569041e-01   5.9999996421984569e-01   9.3045603374145377e-11   0.0000000000000000e+00   0.0000000000000000e+00
0007   2.1484375000000000e-02   9.9999897212992983e-01   5.9999996432581371e-01   1.1389367510089443e-10   0.0000000000000000e+00   0.0000000000000000e+00
0008   2.5390625000000000e-02   9.9999897586326458e-01   5.9999996445324222e-01   1.3500481395379899e-10   0.0000000000000000e+00   0.0000000000000000e+00
0009   2.9296875000000000e-02   9.9999898021351430e-01   5.9999996460208327e-01   1.5613783727697660e-10   0.0000000000000000e+00   0.0000000000000000e+00
0010   3.3203125000000000e-02   9.9999898517814112e-01   5.9999996477233164e-01   1.7728768597095111e-10   0.0000000000000000e+00   0.0000000000000000e+00
0011   3.7109375000000000e-02   9.9999899075414878e-01   5.9999996496390906e-01   1.9839838712399317e-10   0.0000000000000000e+00   0.0000000000000000e+00
0012   4.1015625000000000e-02   9.9999899693822847e-01   5.9999996517672116e-01   2.1944920702325969e-10   0.0000000000000000e+00   0.0000000000000000e+00
0013   4.4921875000000000e-02   9.9999900372664186e-01   5.9999996541064948e-01   2.4041748567177348e-10   0.0000000000000000e+00   0.0000000000000000e+00
0014   4.8828125000000000e-02   9.9999901111533340e-01   5.9999996566556257e-01   2.6128327054603380e-10   0.0000000000000000e+00   0.0000000000000000e+00
0015   5.2734375000000000e-02   9.9999901909984268e-01   5.9999996594131544e-01   2.8202407553563541e-10   0.0000000000000000e+00   0.0000000000000000e+00
0016   5.6640625000000000e-02   9.9999902767538362e-01   5.9999996623774832e-01   3.0261701434228179e-10   0.0000000000000000e+00   0.0000000000000000e+00
0017   6.0546875000000000e-02   9.9999903683676494e-01   5.9999996655468524e-01   3.2303962754066585e-10   0.0000000000000000e+00   0.0000000000000000e+00
0018   6.4453125000000000e-02   9.9999904657849370e-01   5.9999996689193302e-01   3.4327216004336143e-10   0.0000000000000000e+00   0.0000000000000000e+00
0019   6.8359375000000000e-02   9.9999905689470781e-01   5.9999996724928395e-01   3.6329637102844222e-10   0.0000000000000000e+00   0.0000000000000000e+00
0020   7.2265625000000000e-02   9.9999906777917169e-01   5.9999996762651542e-01   3.8309583116469386e-10   0.0000000000000000e+00   0.0000000000000000e+00
0021   7.6171875000000000e-02   9.9999907922526943e-01   5.9999996802339173e-01   4.0265405588903989e-10   0.0000000000000000e+00   0.0000000000000000e+00
0022   8.0078125000000000e-02   9.9999909122618036e-01   5.9999996843966408e-01   4.2195598842179216e-10   0.0000000000000000e+00   0.0000000000000000e+00
0023   8.3984375000000000e-02   9.9999910377460688e-01   5.9999996887507190e-01   4.4098616354714041e-10   0.0000000000000000e+00   0.0000000000000000e+00
0024   8.7890625000000000e-02   9.9999911686301246e-01   5.9999996932934219e-01   4.5973126395024863e-10   0.0000000000000000e+00   0.0000000000000000e+00
0025   9.1796875000000000e-02   9.9999913048347222e-01   5.9999996980219017e-01   4.7817768045966778e-10   0.0000000000000000e+00   0.0000000000000000e+00
0026   9.5703125000000000e-02   9.9999914462779405e-01   5.9999997029331886e-01   4.9631379981117854e-10   0.0000000000000000e+00   0.0000000000000000e+00
0027   9.9609375000000000e-02   9.9999915928745164e-01   5.9999997080242107e-01   5.1412792933111130e-10   0.0000000000000000e+00   0.0000000000000000e+00
0028   1.0351562500000000e-01   9.9999917445360686e-01   5.9999997132917871e-01   5.3160897425010853e-10   0.0000000000000000e+00   0.0000000000000000e+00
0029   1.0742187500000000e-01   9.9999919011705973e-01   5.9999997187326337e-01   5.4874670073432812e-10   0.0000000000000000e+00   0.0000000000000000e+00
0030   1.1132812500000000e-01   9.9999920626840277e-01   5.9999997243433689e-01   5.6553106289483258e-10   0.0000000000000000e+00   0.0000000000000000e+00
0031   1.1523437500000000e-01   9.9999922289792675e-01   5.9999997301205121e-01   5.8195327604189318e-10   0.0000000000000000e+00   0.0000000000000000e+00
0032   1.1914062500000000e-01   9.9999923999555040e-01   5.9999997360604918e-01   5.9800379277182364e-10   0.0000000000000000e+00   0.0000000000000000e+00
0033   1.2304687500000000e-01   9.9999925755100394e-01   5.9999997421596418e-01   6.1367463289866933e-10   0.0000000000000000e+00   0.0000000000000000e+00
0034   1.2695312500000000e-01   9.9999927555367618e-01   5.9999997484142098e-01   6.2895779630175736e-10   0.0000000000000000e+00   0.0000000000000000e+00
0035   1.3085937500000000e-01   9.9999929399275356e-01   5.9999997548203587e-01   6.4384549592433225e-10   0.0000000000000000e+00   0.0000000000000000e+00
0036   1.3476562500000000e-01   9.9999931285708432e-01   5.9999997613741685e-01   6.5833027349817907e-10   0.0000000000000000e+00   0.0000000000000000e+00
0037   1.3867187500000000e-01   9.9999933213532033e-01   5.9999997680716366e-01   6.7240507236176538e-10   0.0000000000000000e+00   0.0000000000000000e+00
0038   1.4257812500000000e-01   9.9999935181582811e-01   5.9999997749086864e-01   6.8606349076448450e-10   0.0000000000000000e+00   0.0000000000000000e+00
0039   1.4648437500000000e-01   9.9999937188677135e-01   5.9999997818811546e-01   6.9929850177614206e-10   0.0000000000000000e+00   0.0000000000000000e+00
0040   1.5039062500000000e-01   9.9999939233607260e-01   5.9999997889848133e-01   7.1210440840929617e-10   0.0000000000000000e+00   0.0000000000000000e+00
0041   1.5429687500000000e-01   9.9999941315136431e-01   5.9999997962153628e-01   7.2447409833934408e-10   0.0000000000000000e+00   0.0000000000000000e+00
0042   1.5820312500000000e-01   9.9999943432009752e-01   5.9999998035684254e-01   7.3640199248748816e-10   0.0000000000000000e+00   0.0000000000000000e+00
0043   1.6210937500000000e-01   9.9999945582958305e-01   5.9999998110395658e-01   7.4788229296679263e-10   0.0000000000000000e+00   0.0000000000000000e+00
0044   1.6601562500000000e-01   9.9999947766682606e-01   5.9999998186242776e-01   7.5890875201103368e-10   0.0000000000000000e+00   0.0000000000000000e+00
0045   1.6992187500000000e-01   9.9999949981868463e-01   5.9999998263179843e-01   7.6947633432318761e-10   0.0000000000000000e+00   0.0000000000000000e+00
0046   1.7382812500000000e-01   9.9999952227180777e-01   5.9999998341160621e-01   7.7957918438556445e-10   0.0000000000000000e+00   0.0000000000000000e+00
0047   1.7773437500000000e-01   9.9999954501266219e-01   5.9999998420138145e-01   7.8921264782790614e-10   0.0000000000000000e+00   0.0000000000000000e+00
0048   1.8164062500000000e-01   9.9999956802757095e-01   5.9999998500064977e-01   7.9837107596785305e-10   0.0000000000000000e+00   0.0000000000000000e+00
0049   1.8554687500000000e-01   9.9999959130265137e-01   5.9999998580893110e-01   8.0704957246862321e-10   0.0000000000000000e+00   0.0000000000000000e+00
0050   1.8945312500000000e-01   9.9999961482391708e-01   5.9999998662573983e-01   8.1524394461005120e-10   0.0000000000000000e+00   0.0000000000000000e+00
0051   1.9335937500000000e-01   9.9999963857715346e-01   5.9999998745058503e-01   8.2294897087919993e-10   0.0000000000000000e+00   0.0000000000000000e+00
0052   1.9726562500000000e-01   9.9999966254806716e-01   5.9999998828297230e-01   8.3016034962106294e-10   0.0000000000000000e+00   0.0000000000000000e+00
0053   2.0117187500000000e-01   9.9999968672226014e-01   5.9999998912240171e-01   8.3687459129897259e-10   0.0000000000000000e+00   0.0000000000000000e+00
0054   2.0507812500000000e-01   9.9999971108513053e-01   5.9999998996836890e-01   8.4308726408633543e-10   0.0000000000000000e+00   0.0000000000000000e+00
0055   2.0898437500000000e-01   9.9999973562203881e-01   5.9999999082036615e-01   8.4879503209268092e-10   0.0000000000000000e+00   0.0000000000000000e+00
0056   2.1289062500000000e-01   9.9999976031817506e-01   5.9999999167788165e-01   8.5399451931605216e-10   0.0000000000000000e+00   0.0000000000000000e+00
0057   2.1679687500000000e-01   9.9999978515870791e-01   5.9999999254040037e-01   8.5868258173750889e-10   0.0000000000000000e+00   0.0000000000000000e+00
0058   2.2070312500000000e-01   9.9999981012857708e-01   5.9999999340740418e-01   8.6285701881983021e-10   0.0000000000000000e+00   0.0000000000000000e+00
0059   2.2460937500000000e-01   9.9999983521286018e-01   5.9999999427837414e-01   8.6651455777461520e-10   0.0000000000000000e+00   0.0000000000000000e+00
0060   2.2851562500000000e-01   9.9999986039640631e-01   5.9999999515278002e-01   8.6965385925595551e-10   0.0000000000000000e+00   0.0000000000000000e+00
0061   2.3242187500000000e-01   9.9999988566403997e-01   5.9999999603011611e-01   8.7227363581845054e-10   0.0000000000000000e+00   0.0000000000000000e+00
0062   2.3632812500000000e-01   9.9999991100048058e-01   5.9999999690979844e-01   8.7436926982684019e-10   0.0000000000000000e+00   0.0000000000000000e+00
0063   2.4023437500000000e-01   9.9999993639065032e-01   5.9999999779145619e-01   8.7596251212572478e-10   0.0000000000000000e+00   0.0000000000000000e+00
0064   2.4414062500000000e-01   9.9999996181887285e-01   5.9999999867415299e-01   8.7697856372904270e-10   0.0000000000000000e+00   0.0000000000000000e+00
0065   2.4804687500000000e-01   9.9999998727075468e-01   5.9999999955832561e-01   8.7764384235920351e-10   0.0000000000000000e+00   0.0000000000000000e+00
0066   2.5195312500000000e-01   1.0000000127290969e+00   6.0000000044156632e-01   8.7762086291030100e-10   0.0000000000000000e+00   0.0000000000000000e+00
0067   2.5585937500000000e-01   1.0000000381809602e+00   6.0000000132574105e-01   8.7691036842902418e-10   0.0000000000000000e+00   0.0000000000000000e+00
0068   2.5976562500000000e-01   1.0000000636091728e+00   6.0000000220843908e-01   8.7584935551647943e-10   0.0000000000000000e+00   0.0000000000000000e+00
0069   2.6367187500000000e-01   1.0000000889993477e+00   6.0000000309009749e-01   8.7421039641437227e-10   0.0000000000000000e+00   0.0000000000000000e+00
0070   2.6757812500000000e-01   1.0000001143358301e+00   6.0000000396978137e-01   8.7206977621150103e-10   0.0000000000000000e+00   0.0000000000000000e+00
0071   2.7148437500000000e-01   1.0000001396034430e+00   6.0000000484711913e-01   8.6940581449419009e-10   0.0000000000000000e+00   0.0000000000000000e+00
0072   2.7539062500000000e-01   1.0000001647870072e+00   6.0000000572152745e-01   8.6622230522825776e-10   0.0000000000000000e+00   0.0000000000000000e+00
0073   2.7929687500000000e-01   1.0000001898712723e+00   6.0000000659250030e-01   8.6252176131589796e-10   0.0000000000000000e+00   0.0000000000000000e+00
0074   2.8320312500000000e-01   1.0000002148411846e+00   6.0000000745950710e-01   8.5830548092738913e-10   0.0000000000000000e+00   0.0000000000000000e+00
0075   2.8710937500000000e-01   1.0000002396817074e+00   6.0000000832202904e-01   8.5357632318606605e-10   0.0000000000000000e+00   0.0000000000000000e+00
0076   2.9101562500000000e-01   1.0000002643777903e+00   6.0000000917954766e-01   8.4833689468309771e-10   0.0000000000000000e+00   0.0000000000000000e+00
0077   2.9492187500000000e-01   1.0000002889147046e+00   6.0000001003154790e-01   8.4259063380494768e-10   0.0000000000000000e+00   0.0000000000000000e+00
0078   2.9882812500000000e-01   1.0000003132776414e+00   6.0000001087751798e-01   8.3634113652050140e-10   0.0000000000000000e+00   0.0000000000000000e+00
0079   3.0273437500000000e-01   1.0000003374517965e+00   6.0000001171695017e-01   8.2959121367443093e-10   0.0000000000000000e+00   0.0000000000000000e+00
0080   3.0664062500000000e-01   1.0000003614227442e+00   6.0000001254934066e-01   8.2234555453899623e-10   0.0000000000000000e+00   0.0000000000000000e+00
0081   3.1054687500000000e-01   1.0000003851760284e+00   6.0000001337418951e-01   8.1460786896704732e-10   0.0000000000000000e+00   0.0000000000000000e+00
0082   3.1445312500000000e-01   1.0000004086972738e+00   6.0000001419100135e-01   8.0638338692352884e-10   0.0000000000000000e+00   0.0000000000000000e+00
0083   3.1835937500000000e-01   1.0000004319723148e+00   6.0000001499928590e-01   7.9767620930072193e-10   0.0000000000000000e+00   0.0000000000000000e+00
0084   3.2226562500000000e-01   1.0000004549872619e+00   6.0000001579855733e-01   7.8849145741781719e-10   0.0000000000000000e+00   0.0000000000000000e+00
0085   3.2617187500000000e-01   1.0000004777281364e+00   6.0000001658833568e-01   7.7883368967029582e-10   0.0000000000000000e+00   0.0000000000000000e+00
0086   3.3007812500000000e-01   1.0000005001812480e+00   6.0000001736814634e-01   7.6870810519045364e-10   0.0000000000000000e+00   0.0000000000000000e+00
0087   3.3398437500000000e-01   1.0000005223331325e+00   6.0000001813752013e-01   7.5812002663782792e-10   0.0000000000000000e+00   0.0000000000000000e+00
0088   3.3789062500000000e-01   1.0000005441703386e+00   6.0000001889599397e-01   7.4707474855736935e-10   0.0000000000000000e+00   0.0000000000000000e+00
0089   3.4179687500000000e-01   1.0000005656798308e+00   6.0000001964311056e-01   7.3557786311792118e-10   0.0000000000000000e+00   0.0000000000000000e+00
0090   3.4570312500000000e-01   1.0000005868485937e+00   6.0000002037841960e-01   7.2363513198404824e-10   0.0000000000000000e+00   0.0000000000000000e+00
0091   3.4960937500000000e-01   1.0000006076638801e+00   6.0000002110147677e-01   7.1125272400790029e-10   0.0000000000000000e+00   0.0000000000000000e+00
0092   3.5351562500000000e-01   1.0000006281131710e+00   6.0000002181184531e-01   6.9843629138130274e-10   0.0000000000000000e+00   0.0000000000000000e+00
0093   3.5742187500000000e-01   1.0000006481841375e+00   6.0000002250909479e-01   6.8519212559307345e-10   0.0000000000000000e+00   0.0000000000000000e+00
0094   3.6132812500000000e-01   1.0000006678646525e+00   6.0000002319280199e-01   6.7152648146125497e-10   0.0000000000000000e+00   0.0000000000000000e+00
0095   3.6523437500000000e-01   1.0000006871429175e+00   6.0000002386255158e-01   6.5744623608202164e-10   0.0000000000000000e+00   0.0000000000000000e+00
0096   3.6914062500000000e-01   1.0000007060072378e+00   6.0000002451793555e-01   6.4295820041299646e-10   0.0000000000000000e+00   0.0000000000000000e+00
0097   3.7304687500000000e-01   1.0000007244463314e+00   6.0000002515855344e-01   6.2806928168860348e-10   0.0000000000000000e+00   0.0000000000000000e+00
0098   3.7695312500000000e-01   1.0000007424490167e+00   6.0000002578401335e-01   6.1278652816341364e-10   0.0000000000000000e+00   0.0000000000000000e+00
0099   3.8085937500000000e-01   1.0000007600044793e+00   6.0000002639393124e-01   5.9711847201109766e-10   0.0000000000000000e+00   0.0000000000000000e+00
0100   3.8476562500000000e-01   1.0000007771021322e+00   6.0000002698793231e-01   5.8107251747136170e-10   0.0000000000000000e+00   0.0000000000000000e+00
0101   3.8867187500000000e-01   1.0000007937316233e+00   6.0000002756564985e-01   5.6465709220943628e-10   0.0000000000000000e+00   0.0000000000000000e+00
0102   3.9257812500000000e-01   1.0000008098830209e+00   6.0000002812672648e-01   5.4788114815079031e-10   0.0000000000000000e+00   0.0000000000000000e+00
0103   3.9648437500000000e-01   1.0000008255464270e+00   6.0000002867081415e-01   5.3075402963821014e-10   0.0000000000000000e+00   0.0000000000000000e+00
0104   4.0039062500000000e-01   1.0000008407125558e+00   6.0000002919757478e-01   5.1328529924904557e-10   0.0000000000000000e+00   0.0000000000000000e+00
0105   4.0429687500000000e-01   1.0000008553722277e+00   6.0000002970667965e-01   4.9548567635217527e-10   0.0000000000000000e+00   0.0000000000000000e+00
0106   4.0820312500000000e-01   1.0000008695165741e+00   6.0000003019781134e-01   4.7736558651742153e-10   0.0000000000000000e+00   0.0000000000000000e+00
0107   4.1210937500000000e-01   1.0000008831370715e+00   6.0000003067066199e-01   4.5893664949887262e-10   0.0000000000000000e+00   0.0000000000000000e+00
0108   4.1601562500000000e-01   1.0000008962254601e+00   6.0000003112493505e-01   4.4021152350326429e-10   0.0000000000000000e+00   0.0000000000000000e+00
0109   4.1992187500000000e-01   1.0000009087739157e+00   6.0000003156034576e-01   4.2120240394200080e-10   0.0000000000000000e+00   0.0000000000000000e+00
0110   4.2382812500000000e-01   1.0000009207748140e+00   6.0000003197662111e-01   4.0192402598708221e-10   0.0000000000000000e+00   0.0000000000000000e+00
0111   4.2773437500000000e-01   1.0000009322209418e+00   6.0000003237349975e-01   3.8239122381105788e-10   0.0000000000000000e+00   0.0000000000000000e+00
0112   4.3164062500000000e-01   1.0000009431053636e+00   6.0000003275073355e-01   3.6261857234390335e-10   0.0000000000000000e+00   0.0000000000000000e+00
0113   4.3554687500000000e-01   1.0000009534215832e+00   6.0000003310808692e-01   3.4262259603534587e-10   0.0000000000000000e+00   0.0000000000000000e+00
0114   4.3945312500000000e-01   1.0000009631633280e+00   6.0000003344533714e-01   3.2241972700452521e-10   0.0000000000000000e+00   0.0000000000000000e+00
0115   4.4335937500000000e-01   1.0000009723247345e+00   6.0000003376227584e-01   3.0202817174829111e-10   0.0000000000000000e+00   0.0000000000000000e+00
0116   4.4726562500000000e-01   1.0000009809002539e+00   6.0000003405871050e-01   2.8146768842279855e-10   0.0000000000000000e+00   0.0000000000000000e+00
0117   4.5117187500000000e-01   1.0000009888848187e+00   6.0000003433446525e-01   2.6076040434816372e-10   0.0000000000000000e+00   0.0000000000000000e+00
0118   4.5507812500000000e-01   1.0000009962735059e+00   6.0000003458938034e-01   2.3992932091203149e-10   0.0000000000000000e+00   0.0000000000000000e+00
0119   4.5898437500000000e-01   1.0000010030619066e+00   6.0000003482331032e-01   2.1899689040807986e-10   0.0000000000000000e+00   0.0000000000000000e+00
0120   4.6289062500000000e-01   1.0000010092460065e+00   6.0000003503612376e-01   1.9798291989160212e-10   0.0000000000000000e+00   0.0000000000000000e+00
0121   4.6679687500000000e-01   1.0000010148220226e+00   6.0000003522770251e-01   1.7691037105440799e-10   0.0000000000000000e+00   0.0000000000000000e+00
0122   4.7070312500000000e-01   1.0000010197866225e+00   6.0000003539795232e-01   1.5579960879769736e-10   0.0000000000000000e+00   0.0000000000000000e+00
0123   4.7460937500000000e-01   1.0000010241368633e+00   6.0000003554679449e-01   1.3470739216000787e-10   0.0000000000000000e+00   0.0000000000000000e+00
0124   4.7851562500000000e-01   1.0000010278702325e+00   6.0000003567422411e-01   1.1363822533869954e-10   0.0000000000000000e+00   0.0000000000000000e+00
0125   4.8242187500000000e-01   1.0000010309844143e+00   6.0000003578019345e-01   9.2833257246236783e-11   0.0000000000000000e+00   0.0000000000000000e+00
0126   4.8632812500000000e-01   1.0000010334779217e+00   6.0000003586489181e-01   7.1847659470272575e-11   0.0000000000000000e+00   0.0000000000000000e+00
0127   4.9023437500000000e-01   1.0000010353490290e+00   6.0000003592814233e-01   5.2449699690752542e-11   0.0000000000000000e+00   0.0000000000000000e+00
0128   4.9414062500000000e-01   1.0000010365970307e+00   6.0000003597028706e-01   2.9757349941438021e-11   0.0000000000000000e+00   0.0000000000000000e+00
0129   4.9804687500000000e-01   1.0000010372211772e+00   6.0000003599138296e-01   1.8536806763550137e-11   0.0000000000000000e+00   0.0000000000000000e+00
0130   5.0195312500000000e-01   1.0000010372211672e+00   6.0000003599138307e-01  -1.8539414670603261e-11   0.0000000000000000e+00   0.0000000000000000e+00
0131   5.0585937500000000e-01   1.0000010365970602e+00   6.0000003597028706e-01  -2.9760069615719356e-11   0.0000000000000000e+00   0.0000000000000000e+00
0132   5.0976562500000000e-01   1.0000010353490072e+00   6.0000003592814211e-01  -5.2452419365008701e-11   0.0000000000000000e+00   0.0000000000000000e+00
0133   5.1367187500000000e-01   1.0000010334778893e+00   6.0000003586489137e-01  -7.1850043842813610e-11   0.0000000000000000e+00   0.0000000000000000e+00
0134   5.1757812500000000e-01   1.0000010309844176e+00   6.0000003578019279e-01  -9.2835120038325410e-11   0.0000000000000000e+00   0.0000000000000000e+00
0135   5.2148437500000000e-01   1.0000010278702069e+00   6.0000003567422355e-01  -1.1363938027155772e-10   0.0000000000000000e+00   0.0000000000000000e+00
0136   5.2539062500000000e-01   1.0000010241368373e+00   6.0000003554679404e-01  -1.3470854709285256e-10   0.0000000000000000e+00   0.0000000000000000e+00
0137   5.2929687500000000e-01   1.0000010197866196e+00   6.0000003539795166e-01  -1.5580039117290352e-10   0.0000000000000000e+00   0.0000000000000000e+00
0138   5.3320312500000000e-01   1.0000010148220004e+00   6.0000003522770207e-01  -1.7691100440672703e-10   0.0000000000000000e+00   0.0000000000000000e+00
0139   5.3710937500000000e-01   1.0000010092459966e+00   6.0000003503612354e-01  -1.9798385128993384e-10   0.0000000000000000e+00   0.0000000000000000e+00
0140   5.4101562500000000e-01   1.0000010030618918e+00   6.0000003482331010e-01  -2.1899815710804461e-10   0.0000000000000000e+00   0.0000000000000000e+00
0141   5.4492187500000000e-01   1.0000009962734788e+00   6.0000003458938045e-01  -2.3993066212349341e-10   0.0000000000000000e+00   0.0000000000000000e+00
0142   5.4882812500000000e-01   1.0000009888847843e+00   6.0000003433446580e-01  -2.6076159653674184e-10   0.0000000000000000e+00   0.0000000000000000e+00
0143   5.5273437500000000e-01   1.0000009809002788e+00   6.0000003405871172e-01  -2.8146958847018642e-10   0.0000000000000000e+00   0.0000000000000000e+00
0144   5.5664062500000000e-01   1.0000009723247307e+00   6.0000003376227706e-01  -3.0202981100591379e-10   0.0000000000000000e+00   0.0000000000000000e+00
0145   5.6054687500000000e-01   1.0000009631633231e+00   6.0000003344533848e-01  -3.2242140351747863e-10   0.0000000000000000e+00   0.0000000000000000e+00
0146   5.6445312500000000e-01   1.0000009534216050e+00   6.0000003310808858e-01  -3.4262445882723296e-10   0.0000000000000000e+00   0.0000000000000000e+00
0147   5.6835937500000000e-01   1.0000009431053853e+00   6.0000003275073543e-01  -3.6262080769317853e-10   0.0000000000000000e+00   0.0000000000000000e+00
0148   5.7226562500000000e-01   1.0000009322209342e+00   6.0000003237350152e-01  -3.8239338464913102e-10   0.0000000000000000e+00   0.0000000000000000e+00
0149   5.7617187500000000e-01   1.0000009207747693e+00   6.0000003197662310e-01  -4.0192670840523869e-10   0.0000000000000000e+00   0.0000000000000000e+00
0150   5.8007812500000000e-01   1.0000009087739290e+00   6.0000003156034798e-01  -4.2120497459314981e-10   0.0000000000000000e+00   0.0000000000000000e+00
0151   5.8398437500000000e-01   1.0000008962254270e+00   6.0000003112493738e-01  -4.4021401964298543e-10   0.0000000000000000e+00   0.0000000000000000e+00
0152   5.8789062500000000e-01   1.0000008831370601e+00   6.0000003067066421e-01  -4.5893910838217000e-10   0.0000000000000000e+00   0.0000000000000000e+00
0153   5.9179687500000000e-01   1.0000008695165739e+00   6.0000003019781356e-01  -4.7736800814528716e-10   0.0000000000000000e+00   0.0000000000000000e+00
0154   5.9570312500000000e-01   1.0000008553721969e+00   6.0000002970668198e-01  -4.9548817249194976e-10   0.0000000000000000e+00   0.0000000000000000e+00
0155   5.9960937500000000e-01   1.0000008407125867e+00   6.0000002919757678e-01  -5.1328768362139889e-10   0.0000000000000000e+00   0.0000000000000000e+00
0156   6.0351562500000000e-01   1.0000008255464639e+00   6.0000002867081625e-01  -5.3075641401089391e-10   0.0000000000000000e+00   0.0000000000000000e+00
0157   6.0742187500000000e-01   1.0000008098829494e+00   6.0000002812672881e-01  -5.4788342075605312e-10   0.0000000000000000e+00   0.0000000000000000e+00
0158   6.1132812500000000e-01   1.0000007937316127e+00   6.0000002756565218e-01  -5.6465902951243267e-10   0.0000000000000000e+00   0.0000000000000000e+00
0159   6.1523437500000000e-01   1.0000007771021047e+00   6.0000002698793453e-01  -5.8107415672809946e-10   0.0000000000000000e+00   0.0000000000000000e+00
0160   6.1914062500000000e-01   1.0000007600044496e+00   6.0000002639393346e-01  -5.9711958968773791e-10   0.0000000000000000e+00   0.0000000000000000e+00
0161   6.2304687500000000e-01   1.0000007424490100e+00   6.0000002578401535e-01  -6.1278757132807419e-10   0.0000000000000000e+00   0.0000000000000000e+00
0162   6.2695312500000000e-01   1.0000007244463225e+00   6.0000002515855544e-01  -6.2806931894767215e-10   0.0000000000000000e+00   0.0000000000000000e+00
0163   6.3085937500000000e-01   1.0000007060072682e+00   6.0000002451793721e-01  -6.4295808864897572e-10   0.0000000000000000e+00   0.0000000000000000e+00
0164   6.3476562500000000e-01   1.0000006871429326e+00   6.0000002386255324e-01  -6.5744604980652827e-10   0.0000000000000000e+00   0.0000000000000000e+00
0165   6.3867187500000000e-01   1.0000006678646725e+00   6.0000002319280354e-01  -6.7152622067394837e-10   0.0000000000000000e+00   0.0000000000000000e+00
0166   6.4257812500000000e-01   1.0000006481841326e+00   6.0000002250909612e-01  -6.8519138048063209e-10   0.0000000000000000e+00   0.0000000000000000e+00
0167   6.4648437500000000e-01   1.0000006281131992e+00   6.0000002181184642e-01  -6.9843565803648842e-10   0.0000000000000000e+00   0.0000000000000000e+00
0168   6.5039062500000000e-01   1.0000006076638963e+00   6.0000002110147765e-01  -7.1125197889585619e-10   0.0000000000000000e+00   0.0000000000000000e+00
0169   6.5429687500000000e-01   1.0000005868486286e+00   6.0000002037842026e-01  -7.2363449863891763e-10   0.0000000000000000e+00   0.0000000000000000e+00
0170   6.5820312500000000e-01   1.0000005656798401e+00   6.0000001964311089e-01  -7.3557760233066959e-10   0.0000000000000000e+00   0.0000000000000000e+00
0171   6.6210937500000000e-01   1.0000005441703652e+00   6.0000001889599386e-01  -7.4707433874662635e-10   0.0000000000000000e+00   0.0000000000000000e+00
0172   6.6601562500000000e-01   1.0000005223331103e+00   6.0000001813751991e-01  -7.5811976585066412e-10   0.0000000000000000e+00   0.0000000000000000e+00
0173   6.6992187500000000e-01   1.0000005001812433e+00   6.0000001736814590e-01  -7.6870765812337787e-10   0.0000000000000000e+00   0.0000000000000000e+00
0174   6.7382812500000000e-01   1.0000004777281217e+00   6.0000001658833535e-01  -7.7883335437127857e-10   0.0000000000000000e+00   0.0000000000000000e+00
0175   6.7773437500000000e-01   1.0000004549872565e+00   6.0000001579855666e-01  -7.8849127114118944e-10   0.0000000000000000e+00   0.0000000000000000e+00
0176   6.8164062500000000e-01   1.0000004319723532e+00   6.0000001499928513e-01  -7.9767602302350285e-10   0.0000000000000000e+00   0.0000000000000000e+00
0177   6.8554687500000000e-01   1.0000004086972425e+00   6.0000001419100046e-01  -8.0638316339087490e-10   0.0000000000000000e+00   0.0000000000000000e+00
0178   6.8945312500000000e-01   1.0000003851759940e+00   6.0000001337418862e-01  -8.1460771994624652e-10   0.0000000000000000e+00   0.0000000000000000e+00
0179   6.9335937500000000e-01   1.0000003614227662e+00   6.0000001254933977e-01  -8.2234521923899359e-10   0.0000000000000000e+00   0.0000000000000000e+00
0180   6.9726562500000000e-01   1.0000003374517883e+00   6.0000001171694939e-01  -8.2959091563039483e-10   0.0000000000000000e+00   0.0000000000000000e+00
0181   7.0117187500000000e-01   1.0000003132776372e+00   6.0000001087751720e-01  -8.3634072670882564e-10   0.0000000000000000e+00   0.0000000000000000e+00
0182   7.0507812500000000e-01   1.0000002889147439e+00   6.0000001003154690e-01  -8.4259067106184004e-10   0.0000000000000000e+00   0.0000000000000000e+00
0183   7.0898437500000000e-01   1.0000002643778196e+00   6.0000000917954710e-01  -8.4833704370696311e-10   0.0000000000000000e+00   0.0000000000000000e+00
0184   7.1289062500000000e-01   1.0000002396817005e+00   6.0000000832202871e-01  -8.5357639769930854e-10   0.0000000000000000e+00   0.0000000000000000e+00
0185   7.1679687500000000e-01   1.0000002148411913e+00   6.0000000745950677e-01  -8.5830592799750428e-10   0.0000000000000000e+00   0.0000000000000000e+00
0186   7.2070312500000000e-01   1.0000001898712751e+00   6.0000000659250030e-01  -8.6252261820010433e-10   0.0000000000000000e+00   0.0000000000000000e+00
0187   7.2460937500000000e-01   1.0000001647869889e+00   6.0000000572152778e-01  -8.6622316211175658e-10   0.0000000000000000e+00   0.0000000000000000e+00
0188   7.2851562500000000e-01   1.0000001396034575e+00   6.0000000484711979e-01  -8.6940663412171183e-10   0.0000000000000000e+00   0.0000000000000000e+00
0189   7.3242187500000000e-01   1.0000001143358128e+00   6.0000000396978226e-01  -8.7207081937391899e-10   0.0000000000000000e+00   0.0000000000000000e+00
0190   7.3632812500000000e-01   1.0000000889993750e+00   6.0000000309009849e-01  -8.7421084348396598e-10   0.0000000000000000e+00   0.0000000000000000e+00
0191   7.4023437500000000e-01   1.0000000636091784e+00   6.0000000220844008e-01  -8.7584969081908923e-10   0.0000000000000000e+00   0.0000000000000000e+00
0192   7.4414062500000000e-01   1.0000000381809577e+00   6.0000000132574260e-01  -8.7691040568532696e-10   0.0000000000000000e+00   0.0000000000000000e+00
0193   7.4804687500000000e-01   1.0000000127291075e+00   6.0000000044156809e-01  -8.7762075114256012e-10   0.0000000000000000e+00   0.0000000000000000e+00
0194   7.5195312500000000e-01   9.9999998727077200e-01   5.9999999955832795e-01  -8.7764335803354049e-10   0.0000000000000000e+00   0.0000000000000000e+00
0195   7.5585937500000000e-01   9.9999996181885720e-01   5.9999999867415521e-01  -8.7697785586978141e-10   0.0000000000000000e+00   0.0000000000000000e+00
0196   7.5976562500000000e-01   9.9999993639065277e-01   5.9999999779145874e-01  -8.7596187877769438e-10   0.0000000000000000e+00   0.0000000000000000e+00
0197   7.6367187500000000e-01   9.9999991100047914e-01   5.9999999690980133e-01  -8.7436830117564660e-10   0.0000000000000000e+00   0.0000000000000000e+00
0198   7.6757812500000000e-01   9.9999988566402698e-01   5.9999999603011933e-01  -8.7227233186482251e-10   0.0000000000000000e+00   0.0000000000000000e+00
0199   7.7148437500000000e-01   9.9999986039640798e-01   5.9999999515278357e-01  -8.6965270432560672e-10   0.0000000000000000e+00   0.0000000000000000e+00
0200   7.7539062500000000e-01   9.9999983521287517e-01   5.9999999427837780e-01  -8.6651295577555500e-10   0.0000000000000000e+00   0.0000000000000000e+00
0201   7.7929687500000000e-01   9.9999981012860117e-01   5.9999999340740817e-01  -8.6285545407582013e-10   0.0000000000000000e+00   0.0000000000000000e+00
0202   7.8320312500000000e-01   9.9999978515870169e-01   5.9999999254040437e-01  -8.5868094248195545e-10   0.0000000000000000e+00   0.0000000000000000e+00
0203   7.8710937500000000e-01   9.9999976031820648e-01   5.9999999167788509e-01  -8.5399265652438189e-10   0.0000000000000000e+00   0.0000000000000000e+00
0204   7.9101562500000000e-01   9.9999973562203093e-01   5.9999999082036948e-01  -8.4879313204647566e-10   0.0000000000000000e+00   0.0000000000000000e+00
0205   7.9492187500000000e-01   9.9999971108513308e-01   5.9999998996837223e-01  -8.4308540129542958e-10   0.0000000000000000e+00   0.0000000000000000e+00
0206   7.9882812500000000e-01   9.9999968672225792e-01   5.9999998912240515e-01  -8.3687272850777712e-10   0.0000000000000000e+00   0.0000000000000000e+00
0207   8.0273437500000000e-01   9.9999966254806760e-01   5.9999998828297563e-01  -8.3015863585286909e-10   0.0000000000000000e+00   0.0000000000000000e+00
0208   8.0664062500000000e-01   9.9999963857713825e-01   5.9999998745058847e-01  -8.2294669827350927e-10   0.0000000000000000e+00   0.0000000000000000e+00
0209   8.1054687500000000e-01   9.9999961482387301e-01   5.9999998662574250e-01  -8.1524167200461252e-10   0.0000000000000000e+00   0.0000000000000000e+00
0210   8.1445312500000000e-01   9.9999959130265004e-01   5.9999998580893354e-01  -8.0704767242155789e-10   0.0000000000000000e+00   0.0000000000000000e+00
0211   8.1835937500000000e-01   9.9999956802756418e-01   5.9999998500065155e-01  -7.9836884061753966e-10   0.0000000000000000e+00   0.0000000000000000e+00
0212   8.2226562500000000e-01   9.9999954501265864e-01   5.9999998420138267e-01  -7.8921052424471303e-10   0.0000000000000000e+00   0.0000000000000000e+00
0213   8.2617187500000000e-01   9.9999952227180056e-01   5.9999998341160710e-01  -7.7957728433830298e-10   0.0000000000000000e+00   0.0000000000000000e+00
0214   8.3007812500000000e-01   9.9999949981866698e-01   5.9999998263179910e-01  -7.6947432250738673e-10   0.0000000000000000e+00   0.0000000000000000e+00
0215   8.3398437500000000e-01   9.9999947766684849e-01   5.9999998186242798e-01  -7.5890677745059642e-10   0.0000000000000000e+00   0.0000000000000000e+00
0216   8.3789062500000000e-01   9.9999945582957916e-01   5.9999998110395669e-01  -7.4788016938355517e-10   0.0000000000000000e+00   0.0000000000000000e+00
0217   8.4179687500000000e-01   9.9999943432009197e-01   5.9999998035684232e-01  -7.3639994341558147e-10   0.0000000000000000e+00   0.0000000000000000e+00
0218   8.4570312500000000e-01   9.9999941315135832e-01   5.9999997962153562e-01  -7.2447227280176544e-10   0.0000000000000000e+00   0.0000000000000000e+00
0219   8.4960937500000000e-01   9.9999939233604840e-01   5.9999997889848067e-01  -7.1210258287184119e-10   0.0000000000000000e+00   0.0000000000000000e+00
0220   8.5351562500000000e-01   9.9999937188678945e-01   5.9999997818811490e-01  -6.9929719782056519e-10   0.0000000000000000e+00   0.0000000000000000e+00
0221   8.5742187500000000e-01   9.9999935181581923e-01   5.9999997749086820e-01  -6.8606200052905016e-10   0.0000000000000000e+00   0.0000000000000000e+00
0222   8.6132812500000000e-01   9.9999933213530978e-01   5.9999997680716355e-01  -6.7240361938204839e-10   0.0000000000000000e+00   0.0000000000000000e+00
0223   8.6523437500000000e-01   9.9999931285707266e-01   5.9999997613741696e-01  -6.5832855972723227e-10   0.0000000000000000e+00   0.0000000000000000e+00
0224   8.6914062500000000e-01   9.9999929399273946e-01   5.9999997548203587e-01  -6.4384378215295603e-10   0.0000000000000000e+00   0.0000000000000000e+00
0225   8.7304687500000000e-01   9.9999927555367885e-01   5.9999997484142098e-01  -6.2895641783296189e-10   0.0000000000000000e+00   0.0000000000000000e+00
0226   8.7695312500000000e-01   9.9999925755099539e-01   5.9999997421596396e-01  -6.1367358973253661e-10   0.0000000000000000e+00   0.0000000000000000e+00
0227   8.8085937500000000e-01   9.9999923999554208e-01   5.9999997360604895e-01  -5.9800327118659906e-10   0.0000000000000000e+00   0.0000000000000000e+00
0228   8.8476562500000000e-01   9.9999922289792509e-01   5.9999997301205099e-01  -5.8195267994568979e-10   0.0000000000000000e+00   0.0000000000000000e+00
0229   8.8867187500000000e-01   9.9999920626840089e-01   5.9999997243433667e-01  -5.6553095112354640e-10   0.0000000000000000e+00   0.0000000000000000e+00
0230   8.9257812500000000e-01   9.9999919011707084e-01   5.9999997187326315e-01  -5.4874658896243541e-10   0.0000000000000000e+00   0.0000000000000000e+00
0231   8.9648437500000000e-01   9.9999917445360609e-01   5.9999997132917871e-01  -5.3160916052487822e-10   0.0000000000000000e+00   0.0000000000000000e+00
0232   9.0039062500000000e-01   9.9999915928747185e-01   5.9999997080242129e-01  -5.1412841365271317e-10   0.0000000000000000e+00   0.0000000000000000e+00
0233   9.0429687500000000e-01   9.9999914462782880e-01   5.9999997029331931e-01  -4.9631439590031067e-10   0.0000000000000000e+00   0.0000000000000000e+00
0234   9.0820312500000000e-01   9.9999913048349021e-01   5.9999996980219095e-01  -4.7817827654900444e-10   0.0000000000000000e+00   0.0000000000000000e+00
0235   9.1210937500000000e-01   9.9999911686298737e-01   5.9999996932934330e-01  -4.5973159924817204e-10   0.0000000000000000e+00   0.0000000000000000e+00
0236   9.1601562500000000e-01   9.9999910377459733e-01   5.9999996887507345e-01  -4.4098638707818429e-10   0.0000000000000000e+00   0.0000000000000000e+00
0237   9.1992187500000000e-01   9.9999909122618491e-01   5.9999996843966608e-01  -4.2195591390582902e-10   0.0000000000000000e+00   0.0000000000000000e+00
0238   9.2382812500000000e-01   9.9999907922529341e-01   5.9999996802339417e-01  -4.0265413039608674e-10   0.0000000000000000e+00   0.0000000000000000e+00
0239   9.2773437500000000e-01   9.9999906777915992e-01   5.9999996762651830e-01  -3.8309583116004495e-10   0.0000000000000000e+00   0.0000000000000000e+00
0240   9.3164062500000000e-01   9.9999905689470714e-01   5.9999996724928695e-01  -3.6329655730289981e-10   0.0000000000000000e+00   0.0000000000000000e+00
0241   9.3554687500000000e-01   9.9999904657850125e-01   5.9999996689193602e-01  -3.4327223455027909e-10   0.0000000000000000e+00   0.0000000000000000e+00
0242   9.3945312500000000e-01   9.9999903683677382e-01   5.9999996655468768e-01  -3.2303988832652581e-10   0.0000000000000000e+00   0.0000000000000000e+00
0243   9.4335937500000000e-01   9.9999902767540827e-01   5.9999996623775098e-01  -3.0261742415180744e-10   0.0000000000000000e+00   0.0000000000000000e+00
0244   9.4726562500000000e-01   9.9999901909984501e-01   5.9999996594131788e-01  -2.8202448534508165e-10   0.0000000000000000e+00   0.0000000000000000e+00
0245   9.5117187500000000e-01   9.9999901111531919e-01   5.9999996566556490e-01  -2.6128368035549809e-10   0.0000000000000000e+00   0.0000000000000000e+00
0246   9.5507812500000000e-01   9.9999900372665140e-01   5.9999996541065126e-01  -2.4041793273712934e-10   0.0000000000000000e+00   0.0000000000000000e+00
0247   9.5898437500000000e-01   9.9999899693821115e-01   5.9999996517672305e-01  -2.1944928153012643e-10   0.0000000000000000e+00   0.0000000000000000e+00
0248   9.6289062500000000e-01   9.9999899075416077e-01   5.9999996496391061e-01  -1.9839827535161491e-10   0.0000000000000000e+00   0.0000000000000000e+00
0249   9.6679687500000000e-01   9.9999898517813324e-01   5.9999996477233319e-01  -1.7728776047772631e-10   0.0000000000000000e+00   0.0000000000000000e+00
0250   9.7070312500000000e-01   9.9999898021352041e-01   5.9999996460208449e-01  -1.5613780001632391e-10   0.0000000000000000e+00   0.0000000000000000e+00
0251   9.7460937500000000e-01   9.9999897586325714e-01   5.9999996445324322e-01  -1.3500485120480187e-10   0.0000000000000000e+00   0.0000000000000000e+00
0252   9.7851562500000000e-01   9.9999897212993605e-01   5.9999996432581482e-01  -1.1389307900279961e-10   0.0000000000000000e+00   0.0000000000000000e+00
0253   9.8242187500000000e-01   9.9999896901570373e-01   5.9999996421984647e-01  -9.3044709229353887e-11   0.0000000000000000e+00   0.0000000000000000e+00
0254   9.8632812500000000e-01   9.9999896652221132e-01   5.9999996413514889e-01  -7.2014014351076903e-11   0.0000000000000000e+00   0.0000000000000000e+00
0255   9.9023437500000000e-01   9.9999896465112215e-01   5.9999996407189904e-01  -5.2570006711777514e-11   0.0000000000000000e+00   0.0000000000000000e+00
0256   9.9414062500000000e-01   9.9999896340312555e-01   5.9999996402975453e-01  -2.9830532320871630e-11   0.0000000000000000e+00   0.0000000000000000e+00
0257   9.9804687500000000e-01   9.9999896277892619e-01   5.9999996400865796e-01  -1.8561255323346746e-11   0.0000000000000000e+00   0.0000000000000000e+00
