# Athena++ data at time=1.947519e+02  cycle=99713  variables=prim 
# i       x1v         rho          press          vel1         vel2         vel3     
0002   1.9531250000000000e-03   9.9999903472958374e-01   6.0000003595936413e-01  -1.8547362744379532e-11   0.0000000000000000e+00   0.0000000000000000e+00
0003   5.8593750000000000e-03   9.9999903531159484e-01   6.0000003593830542e-01  -2.9832260071231703e-11   0.0000000000000000e+00   0.0000000000000000e+00
0004   9.7656250000000000e-03   9.9999903647536992e-01   6.0000003589623818e-01  -5.2566257301526743e-11   0.0000000000000000e+00   0.0000000000000000e+00
0005   1.3671875000000000e-02   9.9999903822011860e-01   6.0000003583310335e-01  -7.2010230902782293e-11   0.0000000000000000e+00   0.0000000000000000e+00
0006   1.7578125000000000e-02   9.9999904054433564e-01   6.0000003574855809e-01  -9.3038133964821861e-11   0.0000000000000000e+00   0.0000000000000000e+00
0007   2.1484375000000000e-02   9.9999904344682289e-01   6.0000003564277826e-01  -1.1388462984572206e-10   0.0000000000000000e+00   0.0000000000000000e+00
0008   2.5390625000000000e-02   9.9999904692553865e-01   6.0000003551557368e-01  -1.3499514945046065e-10   0.0000000000000000e+00   0.0000000000000000e+00
0009   2.9296875000000000e-02   9.9999905097836084e-01   6.0000003536699020e-01  -1.5612997645210900e-10   0.0000000000000000e+00   0.0000000000000000e+00
0010   3.3203125000000000e-02   9.9999905560278568e-01   6.0000003519703171e-01  -1.7728463163524147e-10   0.0000000000000000e+00   0.0000000000000000e+00
0011   3.7109375000000000e-02   9.9999906079595569e-01   6.0000003500577437e-01  -1.9840488437425785e-10   0.0000000000000000e+00   0.0000000000000000e+00
0012   4.1015625000000000e-02   9.9999906655475979e-01   6.0000003479331077e-01  -2.1946899593614011e-10   0.0000000000000000e+00   0.0000000000000000e+00
0013   4.4921875000000000e-02   9.9999907287569023e-01   6.0000003455975726e-01  -2.4045652053025986e-10   0.0000000000000000e+00   0.0000000000000000e+00
0014   4.8828125000000000e-02   9.9999907975494984e-01   6.0000003430524251e-01  -2.6134668927210580e-10   0.0000000000000000e+00   0.0000000000000000e+00
0015   5.2734375000000000e-02   9.9999908718837716e-01   6.0000003402990987e-01  -2.8211795110383445e-10   0.0000000000000000e+00   0.0000000000000000e+00
0016   5.6640625000000000e-02   9.9999909517150354e-01   6.0000003373391675e-01  -3.0274695707079946e-10   0.0000000000000000e+00   0.0000000000000000e+00
0017   6.0546875000000000e-02   9.9999910369945877e-01   6.0000003341743702e-01  -3.2321239023851496e-10   0.0000000000000000e+00   0.0000000000000000e+00
0018   6.4453125000000000e-02   9.9999911276717901e-01   6.0000003308066019e-01  -3.4349384315961716e-10   0.0000000000000000e+00   0.0000000000000000e+00
0019   6.8359375000000000e-02   9.9999912236916555e-01   6.0000003272379321e-01  -3.6357323148155651e-10   0.0000000000000000e+00   0.0000000000000000e+00
0020   7.2265625000000000e-02   9.9999913249966077e-01   6.0000003234705601e-01  -3.8343390062905337e-10   0.0000000000000000e+00   0.0000000000000000e+00
0021   7.6171875000000000e-02   9.9999914315251104e-01   6.0000003195068252e-01  -4.0305932578128433e-10   0.0000000000000000e+00   0.0000000000000000e+00
0022   8.0078125000000000e-02   9.9999915432139375e-01   6.0000003153491932e-01  -4.2243397597527338e-10   0.0000000000000000e+00   0.0000000000000000e+00
0023   8.3984375000000000e-02   9.9999916599952943e-01   6.0000003110002509e-01  -4.4154216986008830e-10   0.0000000000000000e+00   0.0000000000000000e+00
0024   8.7890625000000000e-02   9.9999917817991224e-01   6.0000003064627172e-01  -4.6036965475504230e-10   0.0000000000000000e+00   0.0000000000000000e+00
0025   9.1796875000000000e-02   9.9999919085519362e-01   6.0000003017394299e-01  -4.7890306594354887e-10   0.0000000000000000e+00   0.0000000000000000e+00
0026   9.5703125000000000e-02   9.9999920401778242e-01   6.0000002968333399e-01  -4.9712912914232741e-10   0.0000000000000000e+00   0.0000000000000000e+00
0027   9.9609375000000000e-02   9.9999921765976196e-01   6.0000002917475148e-01  -5.1503628874751075e-10   0.0000000000000000e+00   0.0000000000000000e+00
0028   1.0351562500000000e-01   9.9999923177291428e-01   6.0000002864851243e-01  -5.3261272656853526e-10   0.0000000000000000e+00   0.0000000000000000e+00
0029   1.0742187500000000e-01   9.9999924634872972e-01   6.0000002810494502e-01  -5.4984740275174061e-10   0.0000000000000000e+00   0.0000000000000000e+00
0030   1.1132812500000000e-01   9.9999926137844120e-01   6.0000002754438697e-01  -5.6673013267668949e-10   0.0000000000000000e+00   0.0000000000000000e+00
0031   1.1523437500000000e-01   9.9999927685304546e-01   6.0000002696718602e-01  -5.8325103528434973e-10   0.0000000000000000e+00   0.0000000000000000e+00
0032   1.1914062500000000e-01   9.9999929276319943e-01   6.0000002637369976e-01  -5.9940009810711375e-10   0.0000000000000000e+00   0.0000000000000000e+00
0033   1.2304687500000000e-01   9.9999930909933843e-01   6.0000002576429512e-01  -6.1516931803448634e-10   0.0000000000000000e+00   0.0000000000000000e+00
0034   1.2695312500000000e-01   9.9999932585160267e-01   6.0000002513934769e-01  -6.3055011581480326e-10   0.0000000000000000e+00   0.0000000000000000e+00
0035   1.3085937500000000e-01   9.9999934300996340e-01   6.0000002449924150e-01  -6.4553429524355201e-10   0.0000000000000000e+00   0.0000000000000000e+00
0036   1.3476562500000000e-01   9.9999936056404559e-01   6.0000002384436957e-01  -6.6011381567047812e-10   0.0000000000000000e+00   0.0000000000000000e+00
0037   1.3867187500000000e-01   9.9999937850330733e-01   6.0000002317513279e-01  -6.7428168783380345e-10   0.0000000000000000e+00   0.0000000000000000e+00
0038   1.4257812500000000e-01   9.9999939681690908e-01   6.0000002249193995e-01  -6.8803108720714992e-10   0.0000000000000000e+00   0.0000000000000000e+00
0039   1.4648437500000000e-01   9.9999941549387839e-01   6.0000002179520762e-01  -7.0135458502081312e-10   0.0000000000000000e+00   0.0000000000000000e+00
0040   1.5039062500000000e-01   9.9999943452297824e-01   6.0000002108535977e-01  -7.1424550890695542e-10   0.0000000000000000e+00   0.0000000000000000e+00
0041   1.5429687500000000e-01   9.9999945389266898e-01   6.0000002036282762e-01  -7.2669852734139989e-10   0.0000000000000000e+00   0.0000000000000000e+00
0042   1.5820312500000000e-01   9.9999947359133368e-01   6.0000001962804916e-01  -7.3870666380691310e-10   0.0000000000000000e+00   0.0000000000000000e+00
0043   1.6210937500000000e-01   9.9999949360713170e-01   6.0000001888146959e-01  -7.5026468810166067e-10   0.0000000000000000e+00   0.0000000000000000e+00
0044   1.6601562500000000e-01   9.9999951392797959e-01   6.0000001812354020e-01  -7.6136659048118320e-10   0.0000000000000000e+00   0.0000000000000000e+00
0045   1.6992187500000000e-01   9.9999953454164270e-01   6.0000001735471908e-01  -7.7200671349583218e-10   0.0000000000000000e+00   0.0000000000000000e+00
0046   1.7382812500000000e-01   9.9999955543570984e-01   6.0000001657547009e-01  -7.8218048072695367e-10   0.0000000000000000e+00   0.0000000000000000e+00
0047   1.7773437500000000e-01   9.9999957659758565e-01   6.0000001578626250e-01  -7.9188241267486795e-10   0.0000000000000000e+00   0.0000000000000000e+00
0048   1.8164062500000000e-01   9.9999959801454008e-01   6.0000001498757172e-01  -8.0110765161451533e-10   0.0000000000000000e+00   0.0000000000000000e+00
0049   1.8554687500000000e-01   9.9999961967364981e-01   6.0000001417987892e-01  -8.0985140712195599e-10   0.0000000000000000e+00   0.0000000000000000e+00
0050   1.8945312500000000e-01   9.9999964156189780e-01   6.0000001336366926e-01  -8.1810881852747075e-10   0.0000000000000000e+00   0.0000000000000000e+00
0051   1.9335937500000000e-01   9.9999966366605508e-01   6.0000001253943414e-01  -8.2587635201910209e-10   0.0000000000000000e+00   0.0000000000000000e+00
0052   1.9726562500000000e-01   9.9999968597282196e-01   6.0000001170766837e-01  -8.3314899511138580e-10   0.0000000000000000e+00   0.0000000000000000e+00
0053   2.0117187500000000e-01   9.9999970846878183e-01   6.0000001086887189e-01  -8.3992297228996218e-10   0.0000000000000000e+00   0.0000000000000000e+00
0054   2.0507812500000000e-01   9.9999973114036977e-01   6.0000001002354852e-01  -8.4619489151251890e-10   0.0000000000000000e+00   0.0000000000000000e+00
0055   2.0898437500000000e-01   9.9999975397393592e-01   6.0000000917220564e-01  -8.5196097268217760e-10   0.0000000000000000e+00   0.0000000000000000e+00
0056   2.1289062500000000e-01   9.9999977695571707e-01   6.0000000831535483e-01  -8.5721810918241450e-10   0.0000000000000000e+00   0.0000000000000000e+00
0057   2.1679687500000000e-01   9.9999980007188582e-01   6.0000000745350957e-01  -8.6196329773369263e-10   0.0000000000000000e+00   0.0000000000000000e+00
0058   2.2070312500000000e-01   9.9999982330842774e-01   6.0000000658718855e-01  -8.6619393281046578e-10   0.0000000000000000e+00   0.0000000000000000e+00
0059   2.2460937500000000e-01   9.9999984665146735e-01   6.0000000571691015e-01  -8.6990687913934660e-10   0.0000000000000000e+00   0.0000000000000000e+00
0060   2.2851562500000000e-01   9.9999987008689728e-01   6.0000000484320271e-01  -8.7310187407078283e-10   0.0000000000000000e+00   0.0000000000000000e+00
0061   2.3242187500000000e-01   9.9999989360056607e-01   6.0000000396657227e-01  -8.7577610680612061e-10   0.0000000000000000e+00   0.0000000000000000e+00
0062   2.3632812500000000e-01   9.9999991717835257e-01   6.0000000308760026e-01  -8.7792625970109650e-10   0.0000000000000000e+00   0.0000000000000000e+00
0063   2.4023437500000000e-01   9.9999994080592269e-01   6.0000000220665906e-01  -8.7957268059364151e-10   0.0000000000000000e+00   0.0000000000000000e+00
0064   2.4414062500000000e-01   9.9999996446947259e-01   6.0000000132467834e-01  -8.8064140654394784e-10   0.0000000000000000e+00   0.0000000000000000e+00
0065   2.4804687500000000e-01   9.9999998815372837e-01   6.0000000044123003e-01  -8.8135722590728674e-10   0.0000000000000000e+00   0.0000000000000000e+00
0066   2.5195312500000000e-01   1.0000000118463133e+00   5.9999999955870142e-01  -8.8138563873247642e-10   0.0000000000000000e+00   0.0000000000000000e+00
0067   2.5585937500000000e-01   1.0000000355305403e+00   5.9999999867525555e-01  -8.8072567856587696e-10   0.0000000000000000e+00   0.0000000000000000e+00
0068   2.5976562500000000e-01   1.0000000591940712e+00   5.9999999779327529e-01  -8.7971337719764817e-10   0.0000000000000000e+00   0.0000000000000000e+00
0069   2.6367187500000000e-01   1.0000000828216606e+00   5.9999999691233397e-01  -8.7812279570520715e-10   0.0000000000000000e+00   0.0000000000000000e+00
0070   2.6757812500000000e-01   1.0000001063994812e+00   5.9999999603336296e-01  -8.7602905627406789e-10   0.0000000000000000e+00   0.0000000000000000e+00
0071   2.7148437500000000e-01   1.0000001299131203e+00   5.9999999515673352e-01  -8.7341058591489258e-10   0.0000000000000000e+00   0.0000000000000000e+00
0072   2.7539062500000000e-01   1.0000001533485683e+00   5.9999999428302775e-01  -8.7027048297979574e-10   0.0000000000000000e+00   0.0000000000000000e+00
0073   2.7929687500000000e-01   1.0000001766915887e+00   5.9999999341275112e-01  -8.6661163696085678e-10   0.0000000000000000e+00   0.0000000000000000e+00
0074   2.8320312500000000e-01   1.0000001999281745e+00   5.9999999254643210e-01  -8.6243431462234436e-10   0.0000000000000000e+00   0.0000000000000000e+00
0075   2.8710937500000000e-01   1.0000002230443410e+00   5.9999999168458906e-01  -8.5774117095521630e-10   0.0000000000000000e+00   0.0000000000000000e+00
0076   2.9101562500000000e-01   1.0000002460260506e+00   5.9999999082774014e-01  -8.5253436836372557e-10   0.0000000000000000e+00   0.0000000000000000e+00
0077   2.9492187500000000e-01   1.0000002688596175e+00   5.9999998997639936e-01  -8.4681736105672530e-10   0.0000000000000000e+00   0.0000000000000000e+00
0078   2.9882812500000000e-01   1.0000002915312511e+00   5.9999998913107799e-01  -8.4059251428178071e-10   0.0000000000000000e+00   0.0000000000000000e+00
0079   3.0273437500000000e-01   1.0000003140271911e+00   5.9999998829228340e-01  -8.3386361177288298e-10   0.0000000000000000e+00   0.0000000000000000e+00
0080   3.0664062500000000e-01   1.0000003363339760e+00   5.9999998746051963e-01  -8.2663363927074584e-10   0.0000000000000000e+00   0.0000000000000000e+00
0081   3.1054687500000000e-01   1.0000003584381858e+00   5.9999998663628662e-01  -8.1890723255176408e-10   0.0000000000000000e+00   0.0000000000000000e+00
0082   3.1445312500000000e-01   1.0000003803264028e+00   5.9999998582007941e-01  -8.1068821515553739e-10   0.0000000000000000e+00   0.0000000000000000e+00
0083   3.1835937500000000e-01   1.0000004019854845e+00   5.9999998501238838e-01  -8.0198045929003516e-10   0.0000000000000000e+00   0.0000000000000000e+00
0084   3.2226562500000000e-01   1.0000004234024378e+00   5.9999998421370004e-01  -7.9278856777210095e-10   0.0000000000000000e+00   0.0000000000000000e+00
0085   3.2617187500000000e-01   1.0000004445643553e+00   5.9999998342449434e-01  -7.8311778086658255e-10   0.0000000000000000e+00   0.0000000000000000e+00
0086   3.3007812500000000e-01   1.0000004654583934e+00   5.9999998264524690e-01  -7.7297280988207194e-10   0.0000000000000000e+00   0.0000000000000000e+00
0087   3.3398437500000000e-01   1.0000004860720895e+00   5.9999998187642734e-01  -7.6235798182138868e-10   0.0000000000000000e+00   0.0000000000000000e+00
0088   3.3789062500000000e-01   1.0000005063928601e+00   5.9999998111849950e-01  -7.5127999892879409e-10   0.0000000000000000e+00   0.0000000000000000e+00
0089   3.4179687500000000e-01   1.0000005264086587e+00   5.9999998037192126e-01  -7.3974317951309706e-10   0.0000000000000000e+00   0.0000000000000000e+00
0090   3.4570312500000000e-01   1.0000005461073542e+00   5.9999997963714424e-01  -7.2775360969878668e-10   0.0000000000000000e+00   0.0000000000000000e+00
0091   3.4960937500000000e-01   1.0000005654770505e+00   5.9999997891461321e-01  -7.1531681941141133e-10   0.0000000000000000e+00   0.0000000000000000e+00
0092   3.5351562500000000e-01   1.0000005845061126e+00   5.9999997820476647e-01  -7.0243956310690900e-10   0.0000000000000000e+00   0.0000000000000000e+00
0093   3.5742187500000000e-01   1.0000006031831106e+00   5.9999997750803502e-01  -6.8912780693227253e-10   0.0000000000000000e+00   0.0000000000000000e+00
0094   3.6132812500000000e-01   1.0000006214966992e+00   5.9999997682484341e-01  -6.7538747920345115e-10   0.0000000000000000e+00   0.0000000000000000e+00
0095   3.6523437500000000e-01   1.0000006394359862e+00   5.9999997615560763e-01  -6.6122593503562314e-10   0.0000000000000000e+00   0.0000000000000000e+00
0096   3.6914062500000000e-01   1.0000006569900339e+00   5.9999997550073680e-01  -6.4665044666913431e-10   0.0000000000000000e+00   0.0000000000000000e+00
0097   3.7304687500000000e-01   1.0000006741484231e+00   5.9999997486063184e-01  -6.3166781751859223e-10   0.0000000000000000e+00   0.0000000000000000e+00
0098   3.7695312500000000e-01   1.0000006909006889e+00   5.9999997423568530e-01  -6.1628623747516182e-10   0.0000000000000000e+00   0.0000000000000000e+00
0099   3.8085937500000000e-01   1.0000007072368124e+00   5.9999997362628166e-01  -6.0051341842317772e-10   0.0000000000000000e+00   0.0000000000000000e+00
0100   3.8476562500000000e-01   1.0000007231469987e+00   5.9999997303279662e-01  -5.8435812567808695e-10   0.0000000000000000e+00   0.0000000000000000e+00
0101   3.8867187500000000e-01   1.0000007386215624e+00   5.9999997245559711e-01  -5.6782892076474992e-10   0.0000000000000000e+00   0.0000000000000000e+00
0102   3.9257812500000000e-01   1.0000007536513196e+00   5.9999997189504006e-01  -5.5093574099855559e-10   0.0000000000000000e+00   0.0000000000000000e+00
0103   3.9648437500000000e-01   1.0000007682270478e+00   5.9999997135147376e-01  -5.3368794500551046e-10   0.0000000000000000e+00   0.0000000000000000e+00
0104   4.0039062500000000e-01   1.0000007823401824e+00   5.9999997082523593e-01  -5.1609631243781667e-10   0.0000000000000000e+00   0.0000000000000000e+00
0105   4.0429687500000000e-01   1.0000007959821744e+00   5.9999997031665464e-01  -4.9817177011389075e-10   0.0000000000000000e+00   0.0000000000000000e+00
0106   4.0820312500000000e-01   1.0000008091447878e+00   5.9999996982604664e-01  -4.7992591121501044e-10   0.0000000000000000e+00   0.0000000000000000e+00
0107   4.1210937500000000e-01   1.0000008218200966e+00   5.9999996935371902e-01  -4.6137062497374112e-10   0.0000000000000000e+00   0.0000000000000000e+00
0108   4.1601562500000000e-01   1.0000008340004647e+00   5.9999996889996698e-01  -4.4251888575452338e-10   0.0000000000000000e+00   0.0000000000000000e+00
0109   4.1992187500000000e-01   1.0000008456786169e+00   5.9999996846507397e-01  -4.2338465230161958e-10   0.0000000000000000e+00   0.0000000000000000e+00
0110   4.2382812500000000e-01   1.0000008568474605e+00   5.9999996804931166e-01  -4.0398195150713397e-10   0.0000000000000000e+00   0.0000000000000000e+00
0111   4.2773437500000000e-01   1.0000008675003313e+00   5.9999996765293895e-01  -3.8432635052021216e-10   0.0000000000000000e+00   0.0000000000000000e+00
0112   4.3164062500000000e-01   1.0000008776307936e+00   5.9999996727620264e-01  -3.6443337769035236e-10   0.0000000000000000e+00   0.0000000000000000e+00
0113   4.3554687500000000e-01   1.0000008872327830e+00   5.9999996691933644e-01  -3.4431962956758302e-10   0.0000000000000000e+00   0.0000000000000000e+00
0114   4.3945312500000000e-01   1.0000008963005023e+00   5.9999996658256083e-01  -3.2400220484973847e-10   0.0000000000000000e+00   0.0000000000000000e+00
0115   4.4335937500000000e-01   1.0000009048284975e+00   5.9999996626608143e-01  -3.0349888673954789e-10   0.0000000000000000e+00   0.0000000000000000e+00
0116   4.4726562500000000e-01   1.0000009128115648e+00   5.9999996597008876e-01  -2.8283004217240063e-10   0.0000000000000000e+00   0.0000000000000000e+00
0117   4.5117187500000000e-01   1.0000009202450399e+00   5.9999996569475689e-01  -2.6201761803194127e-10   0.0000000000000000e+00   0.0000000000000000e+00
0118   4.5507812500000000e-01   1.0000009271243038e+00   5.9999996544024281e-01  -2.4108425187906755e-10   0.0000000000000000e+00   0.0000000000000000e+00
0119   4.5898437500000000e-01   1.0000009334452138e+00   5.9999996520668952e-01  -2.2005227348781285e-10   0.0000000000000000e+00   0.0000000000000000e+00
0120   4.6289062500000000e-01   1.0000009392040450e+00   5.9999996499422625e-01  -1.9894110676664063e-10   0.0000000000000000e+00   0.0000000000000000e+00
0121   4.6679687500000000e-01   1.0000009443972222e+00   5.9999996480296947e-01  -1.7777264660818308e-10   0.0000000000000000e+00   0.0000000000000000e+00
0122   4.7070312500000000e-01   1.0000009490216160e+00   5.9999996463301131e-01  -1.5656706303152070e-10   0.0000000000000000e+00   0.0000000000000000e+00
0123   4.7460937500000000e-01   1.0000009530744340e+00   5.9999996448442838e-01  -1.3538025905075188e-10   0.0000000000000000e+00   0.0000000000000000e+00
0124   4.7851562500000000e-01   1.0000009565531516e+00   5.9999996435722436e-01  -1.1421480973483908e-10   0.0000000000000000e+00   0.0000000000000000e+00
0125   4.8242187500000000e-01   1.0000009594555967e+00   5.9999996425144519e-01  -9.3311917020088508e-11   0.0000000000000000e+00   0.0000000000000000e+00
0126   4.8632812500000000e-01   1.0000009617798644e+00   5.9999996416690082e-01  -7.2225662313167706e-11   0.0000000000000000e+00   0.0000000000000000e+00
0127   4.9023437500000000e-01   1.0000009635246083e+00   5.9999996410376688e-01  -5.2721262826932579e-11   0.0000000000000000e+00   0.0000000000000000e+00
0128   4.9414062500000000e-01   1.0000009646883885e+00   5.9999996406170020e-01  -2.9925813726443126e-11   0.0000000000000000e+00   0.0000000000000000e+00
0129   4.9804687500000000e-01   1.0000009652703494e+00   5.9999996404064049e-01  -1.8577958713740352e-11   0.0000000000000000e+00   0.0000000000000000e+00
0130   5.0195312500000000e-01   1.0000009652703321e+00   5.9999996404064071e-01   1.8579337169926386e-11   0.0000000000000000e+00   0.0000000000000000e+00
0131   5.0585937500000000e-01   1.0000009646884029e+00   5.9999996406170042e-01   2.9926782369387639e-11   0.0000000000000000e+00   0.0000000000000000e+00
0132   5.0976562500000000e-01   1.0000009635245650e+00   5.9999996410376699e-01   5.2722119702652192e-11   0.0000000000000000e+00   0.0000000000000000e+00
0133   5.1367187500000000e-01   1.0000009617798324e+00   5.9999996416690082e-01   7.2226444677374088e-11   0.0000000000000000e+00   0.0000000000000000e+00
0134   5.1757812500000000e-01   1.0000009594556012e+00   5.9999996425144486e-01   9.3312513105513384e-11   0.0000000000000000e+00   0.0000000000000000e+00
0135   5.2148437500000000e-01   1.0000009565531336e+00   5.9999996435722347e-01   1.1421551758749888e-10   0.0000000000000000e+00   0.0000000000000000e+00
0136   5.2539062500000000e-01   1.0000009530744078e+00   5.9999996448442727e-01   1.3538081788045482e-10   0.0000000000000000e+00   0.0000000000000000e+00
0137   5.2929687500000000e-01   1.0000009490216166e+00   5.9999996463301009e-01   1.5656739832687158e-10   0.0000000000000000e+00   0.0000000000000000e+00
0138   5.3320312500000000e-01   1.0000009443972098e+00   5.9999996480296802e-01   1.7777253483440461e-10   0.0000000000000000e+00   0.0000000000000000e+00
0139   5.3710937500000000e-01   1.0000009392040317e+00   5.9999996499422481e-01   1.9894051066810523e-10   0.0000000000000000e+00   0.0000000000000000e+00
0140   5.4101562500000000e-01   1.0000009334452105e+00   5.9999996520668797e-01   2.2005160287784086e-10   0.0000000000000000e+00   0.0000000000000000e+00
0141   5.4492187500000000e-01   1.0000009271242776e+00   5.9999996544024115e-01   2.4108365578065662e-10   0.0000000000000000e+00   0.0000000000000000e+00
0142   5.4882812500000000e-01   1.0000009202450031e+00   5.9999996569475533e-01   2.6201676114334386e-10   0.0000000000000000e+00   0.0000000000000000e+00
0143   5.5273437500000000e-01   1.0000009128116181e+00   5.9999996597008720e-01   2.8282948333010006e-10   0.0000000000000000e+00   0.0000000000000000e+00
0144   5.5664062500000000e-01   1.0000009048284915e+00   5.9999996626607965e-01   3.0349817887376299e-10   0.0000000000000000e+00   0.0000000000000000e+00
0145   5.6054687500000000e-01   1.0000008963004907e+00   5.9999996658255872e-01   3.2400142247287064e-10   0.0000000000000000e+00   0.0000000000000000e+00
0146   5.6445312500000000e-01   1.0000008872328059e+00   5.9999996691933444e-01   3.4431914523664513e-10   0.0000000000000000e+00   0.0000000000000000e+00
0147   5.6835937500000000e-01   1.0000008776308176e+00   5.9999996727620075e-01   3.6443281884812510e-10   0.0000000000000000e+00   0.0000000000000000e+00
0148   5.7226562500000000e-01   1.0000008675003216e+00   5.9999996765293695e-01   3.8432601521203166e-10   0.0000000000000000e+00   0.0000000000000000e+00
0149   5.7617187500000000e-01   1.0000008568474059e+00   5.9999996804930966e-01   4.0398195150170358e-10   0.0000000000000000e+00   0.0000000000000000e+00
0150   5.8007812500000000e-01   1.0000008456786011e+00   5.9999996846507209e-01   4.2338509936466642e-10   0.0000000000000000e+00   0.0000000000000000e+00
0151   5.8398437500000000e-01   1.0000008340004198e+00   5.9999996889996510e-01   4.4251989165393312e-10   0.0000000000000000e+00   0.0000000000000000e+00
0152   5.8789062500000000e-01   1.0000008218200915e+00   5.9999996935371736e-01   4.6137148185089748e-10   0.0000000000000000e+00   0.0000000000000000e+00
0153   5.9179687500000000e-01   1.0000008091447772e+00   5.9999996982604487e-01   4.7992654455725792e-10   0.0000000000000000e+00   0.0000000000000000e+00
0154   5.9570312500000000e-01   1.0000007959821531e+00   5.9999997031665309e-01   4.9817240345596069e-10   0.0000000000000000e+00   0.0000000000000000e+00
0155   5.9960937500000000e-01   1.0000007823402135e+00   5.9999997082523471e-01   5.1609675950149531e-10   0.0000000000000000e+00   0.0000000000000000e+00
0156   6.0351562500000000e-01   1.0000007682271077e+00   5.9999997135147276e-01   5.3368869011488019e-10   0.0000000000000000e+00   0.0000000000000000e+00
0157   6.0742187500000000e-01   1.0000007536512481e+00   5.9999997189503917e-01   5.5093603903889285e-10   0.0000000000000000e+00   0.0000000000000000e+00
0158   6.1132812500000000e-01   1.0000007386215424e+00   5.9999997245559611e-01   5.6782947959614122e-10   0.0000000000000000e+00   0.0000000000000000e+00
0159   6.1523437500000000e-01   1.0000007231469623e+00   5.9999997303279606e-01   5.8435849823090880e-10   0.0000000000000000e+00   0.0000000000000000e+00
0160   6.1914062500000000e-01   1.0000007072368200e+00   5.9999997362628121e-01   6.0051379097552631e-10   0.0000000000000000e+00   0.0000000000000000e+00
0161   6.2304687500000000e-01   1.0000006909006964e+00   5.9999997423568463e-01   6.1628672179516155e-10   0.0000000000000000e+00   0.0000000000000000e+00
0162   6.2695312500000000e-01   1.0000006741483884e+00   5.9999997486063095e-01   6.3166826458322316e-10   0.0000000000000000e+00   0.0000000000000000e+00
0163   6.3085937500000000e-01   1.0000006569900806e+00   5.9999997550073603e-01   6.4665081922201540e-10   0.0000000000000000e+00   0.0000000000000000e+00
0164   6.3476562500000000e-01   1.0000006394359839e+00   5.9999997615560674e-01   6.6122653112309026e-10   0.0000000000000000e+00   0.0000000000000000e+00
0165   6.3867187500000000e-01   1.0000006214967121e+00   5.9999997682484241e-01   6.7538811254701560e-10   0.0000000000000000e+00   0.0000000000000000e+00
0166   6.4257812500000000e-01   1.0000006031830784e+00   5.9999997750803435e-01   6.8912829125270932e-10   0.0000000000000000e+00   0.0000000000000000e+00
0167   6.4648437500000000e-01   1.0000005845061430e+00   5.9999997820476569e-01   7.0244023370643078e-10   0.0000000000000000e+00   0.0000000000000000e+00
0168   6.5039062500000000e-01   1.0000005654770390e+00   5.9999997891461254e-01   7.1531797433557611e-10   0.0000000000000000e+00   0.0000000000000000e+00
0169   6.5429687500000000e-01   1.0000005461073660e+00   5.9999997963714369e-01   7.2775465285615087e-10   0.0000000000000000e+00   0.0000000000000000e+00
0170   6.5820312500000000e-01   1.0000005264086955e+00   5.9999998037192093e-01   7.3974444620467185e-10   0.0000000000000000e+00   0.0000000000000000e+00
0171   6.6210937500000000e-01   1.0000005063929052e+00   5.9999998111849895e-01   7.5128163817870947e-10   0.0000000000000000e+00   0.0000000000000000e+00
0172   6.6601562500000000e-01   1.0000004860720610e+00   5.9999998187642689e-01   7.6235995637280502e-10   0.0000000000000000e+00   0.0000000000000000e+00
0173   6.6992187500000000e-01   1.0000004654583945e+00   5.9999998264524634e-01   7.7297467266700151e-10   0.0000000000000000e+00   0.0000000000000000e+00
0174   6.7382812500000000e-01   1.0000004445643196e+00   5.9999998342449379e-01   7.8311975541873478e-10   0.0000000000000000e+00   0.0000000000000000e+00
0175   6.7773437500000000e-01   1.0000004234024216e+00   5.9999998421369916e-01   7.9279087762676464e-10   0.0000000000000000e+00   0.0000000000000000e+00
0176   6.8164062500000000e-01   1.0000004019855100e+00   5.9999998501238794e-01   8.0198247109922087e-10   0.0000000000000000e+00   0.0000000000000000e+00
0177   6.8554687500000000e-01   1.0000003803263751e+00   5.9999998582007874e-01   8.1069026421985346e-10   0.0000000000000000e+00   0.0000000000000000e+00
0178   6.8945312500000000e-01   1.0000003584381512e+00   5.9999998663628584e-01   8.1890916984885698e-10   0.0000000000000000e+00   0.0000000000000000e+00
0179   6.9335937500000000e-01   1.0000003363340033e+00   5.9999998746051886e-01   8.2663572559160168e-10   0.0000000000000000e+00   0.0000000000000000e+00
0180   6.9726562500000000e-01   1.0000003140271856e+00   5.9999998829228240e-01   8.3386536279182829e-10   0.0000000000000000e+00   0.0000000000000000e+00
0181   7.0117187500000000e-01   1.0000002915312496e+00   5.9999998913107699e-01   8.4059448883521992e-10   0.0000000000000000e+00   0.0000000000000000e+00
0182   7.0507812500000000e-01   1.0000002688596417e+00   5.9999998997639792e-01   8.4681967091323682e-10   0.0000000000000000e+00   0.0000000000000000e+00
0183   7.0898437500000000e-01   1.0000002460260771e+00   5.9999999082773825e-01   8.5253682724333683e-10   0.0000000000000000e+00   0.0000000000000000e+00
0184   7.1289062500000000e-01   1.0000002230443159e+00   5.9999999168458706e-01   8.5774385336926118e-10   0.0000000000000000e+00   0.0000000000000000e+00
0185   7.1679687500000000e-01   1.0000001999281831e+00   5.9999999254642988e-01   8.6243718331580862e-10   0.0000000000000000e+00   0.0000000000000000e+00
0186   7.2070312500000000e-01   1.0000001766916025e+00   5.9999999341274857e-01   8.6661450565396835e-10   0.0000000000000000e+00   0.0000000000000000e+00
0187   7.2460937500000000e-01   1.0000001533485634e+00   5.9999999428302531e-01   8.7027357520882106e-10   0.0000000000000000e+00   0.0000000000000000e+00
0188   7.2851562500000000e-01   1.0000001299131458e+00   5.9999999515673086e-01   8.7341345460941552e-10   0.0000000000000000e+00   0.0000000000000000e+00
0189   7.3242187500000000e-01   1.0000001063994601e+00   5.9999999603336007e-01   8.7603207399181103e-10   0.0000000000000000e+00   0.0000000000000000e+00
0190   7.3632812500000000e-01   1.0000000828216822e+00   5.9999999691233097e-01   8.7812555263280481e-10   0.0000000000000000e+00   0.0000000000000000e+00
0191   7.4023437500000000e-01   1.0000000591940861e+00   5.9999999779327218e-01   8.7971576156779964e-10   0.0000000000000000e+00   0.0000000000000000e+00
0192   7.4414062500000000e-01   1.0000000355305370e+00   5.9999999867525267e-01   8.8072780214498049e-10   0.0000000000000000e+00   0.0000000000000000e+00
0193   7.4804687500000000e-01   1.0000000118463004e+00   5.9999999955869832e-01   8.8138765054523276e-10   0.0000000000000000e+00   0.0000000000000000e+00
0194   7.5195312500000000e-01   9.9999998815374780e-01   6.0000000044122770e-01   8.8135867888331047e-10   0.0000000000000000e+00   0.0000000000000000e+00
0195   7.5585937500000000e-01   9.9999996446944706e-01   6.0000000132467568e-01   8.8064237519370306e-10   0.0000000000000000e+00   0.0000000000000000e+00
0196   7.5976562500000000e-01   9.9999994080592514e-01   6.0000000220665695e-01   8.7957364924390917e-10   0.0000000000000000e+00   0.0000000000000000e+00
0197   7.6367187500000000e-01   9.9999991717833647e-01   6.0000000308759860e-01   8.7792625970173550e-10   0.0000000000000000e+00   0.0000000000000000e+00
0198   7.6757812500000000e-01   9.9999989360055286e-01   6.0000000396657105e-01   8.7577618131910657e-10   0.0000000000000000e+00   0.0000000000000000e+00
0199   7.7148437500000000e-01   9.9999987008689106e-01   6.0000000484320182e-01   8.7310135249036540e-10   0.0000000000000000e+00   0.0000000000000000e+00
0200   7.7539062500000000e-01   9.9999984665146968e-01   6.0000000571690981e-01   8.6990617127958363e-10   0.0000000000000000e+00   0.0000000000000000e+00
0201   7.7929687500000000e-01   9.9999982330844606e-01   6.0000000658718877e-01   8.6619274062622203e-10   0.0000000000000000e+00   0.0000000000000000e+00
0202   7.8320312500000000e-01   9.9999980007187439e-01   6.0000000745351001e-01   8.6196191927041715e-10   0.0000000000000000e+00   0.0000000000000000e+00
0203   7.8710937500000000e-01   9.9999977695573017e-01   6.0000000831535527e-01   8.5721710327827617e-10   0.0000000000000000e+00   0.0000000000000000e+00
0204   7.9101562500000000e-01   9.9999975397392549e-01   6.0000000917220631e-01   8.5196007854353767e-10   0.0000000000000000e+00   0.0000000000000000e+00
0205   7.9492187500000000e-01   9.9999973114036100e-01   6.0000001002354941e-01   8.4619418365393776e-10   0.0000000000000000e+00   0.0000000000000000e+00
0206   7.9882812500000000e-01   9.9999970846878439e-01   6.0000001086887311e-01   8.3992237619880232e-10   0.0000000000000000e+00   0.0000000000000000e+00
0207   8.0273437500000000e-01   9.9999968597281619e-01   6.0000001170766981e-01   8.3314839902035374e-10   0.0000000000000000e+00   0.0000000000000000e+00
0208   8.0664062500000000e-01   9.9999966366603621e-01   6.0000001253943536e-01   8.2587571867266681e-10   0.0000000000000000e+00   0.0000000000000000e+00
0209   8.1054687500000000e-01   9.9999964156184118e-01   6.0000001336367070e-01   8.1810885578524250e-10   0.0000000000000000e+00   0.0000000000000000e+00
0210   8.1445312500000000e-01   9.9999961967364515e-01   6.0000001417987991e-01   8.0985133261200474e-10   0.0000000000000000e+00   0.0000000000000000e+00
0211   8.1835937500000000e-01   9.9999959801453753e-01   6.0000001498757261e-01   8.0110765161726694e-10   0.0000000000000000e+00   0.0000000000000000e+00
0212   8.2226562500000000e-01   9.9999957659759631e-01   6.0000001578626272e-01   7.9188274798021272e-10   0.0000000000000000e+00   0.0000000000000000e+00
0213   8.2617187500000000e-01   9.9999955543569707e-01   6.0000001657547009e-01   7.8218092779868450e-10   0.0000000000000000e+00   0.0000000000000000e+00
0214   8.3007812500000000e-01   9.9999953454163237e-01   6.0000001735471886e-01   7.7200745861508786e-10   0.0000000000000000e+00   0.0000000000000000e+00
0215   8.3398437500000000e-01   9.9999951392799857e-01   6.0000001812353998e-01   7.6136707481063522e-10   0.0000000000000000e+00   0.0000000000000000e+00
0216   8.3789062500000000e-01   9.9999949360713458e-01   6.0000001888146903e-01   7.5026517243033453e-10   0.0000000000000000e+00   0.0000000000000000e+00
0217   8.4179687500000000e-01   9.9999947359132746e-01   6.0000001962804850e-01   7.3870722264732698e-10   0.0000000000000000e+00   0.0000000000000000e+00
0218   8.4570312500000000e-01   9.9999945389267464e-01   6.0000002036282685e-01   7.2669889990336798e-10   0.0000000000000000e+00   0.0000000000000000e+00
0219   8.4960937500000000e-01   9.9999943452294437e-01   6.0000002108535877e-01   7.1424580695755582e-10   0.0000000000000000e+00   0.0000000000000000e+00
0220   8.5351562500000000e-01   9.9999941549390492e-01   6.0000002179520651e-01   7.0135421246631727e-10   0.0000000000000000e+00   0.0000000000000000e+00
0221   8.5742187500000000e-01   9.9999939681690020e-01   6.0000002249193884e-01   6.8803049111835942e-10   0.0000000000000000e+00   0.0000000000000000e+00
0222   8.6132812500000000e-01   9.9999937850328868e-01   6.0000002317513135e-01   6.7428109174512844e-10   0.0000000000000000e+00   0.0000000000000000e+00
0223   8.6523437500000000e-01   9.9999936056403083e-01   6.0000002384436812e-01   6.6011284702419788e-10   0.0000000000000000e+00   0.0000000000000000e+00
0224   8.6914062500000000e-01   9.9999934300994675e-01   6.0000002449923961e-01   6.4553306580693056e-10   0.0000000000000000e+00   0.0000000000000000e+00
0225   8.7304687500000000e-01   9.9999932585160278e-01   6.0000002513934569e-01   6.3054870009908461e-10   0.0000000000000000e+00   0.0000000000000000e+00
0226   8.7695312500000000e-01   9.9999930909932488e-01   6.0000002576429290e-01   6.1516775329481254e-10   0.0000000000000000e+00   0.0000000000000000e+00
0227   8.8085937500000000e-01   9.9999929276319222e-01   6.0000002637369731e-01   5.9939763922868980e-10   0.0000000000000000e+00   0.0000000000000000e+00
0228   8.8476562500000000e-01   9.9999927685304424e-01   6.0000002696718313e-01   5.8324801756794889e-10   0.0000000000000000e+00   0.0000000000000000e+00
0229   8.8867187500000000e-01   9.9999926137844664e-01   6.0000002754438408e-01   5.6672700319370758e-10   0.0000000000000000e+00   0.0000000000000000e+00
0230   8.9257812500000000e-01   9.9999924634873405e-01   6.0000002810494191e-01   5.4984434778097363e-10   0.0000000000000000e+00   0.0000000000000000e+00
0231   8.9648437500000000e-01   9.9999923177291461e-01   6.0000002864850932e-01   5.3260926178365038e-10   0.0000000000000000e+00   0.0000000000000000e+00
0232   9.0039062500000000e-01   9.9999921765977628e-01   6.0000002917474837e-01   5.1503282396204829e-10   0.0000000000000000e+00   0.0000000000000000e+00
0233   9.0429687500000000e-01   9.9999920401780829e-01   6.0000002968333088e-01   4.9712566435712334e-10   0.0000000000000000e+00   0.0000000000000000e+00
0234   9.0820312500000000e-01   9.9999919085520839e-01   6.0000003017393999e-01   4.7889945213471183e-10   0.0000000000000000e+00   0.0000000000000000e+00
0235   9.1210937500000000e-01   9.9999917817988027e-01   6.0000003064626883e-01   4.6036622722583795e-10   0.0000000000000000e+00   0.0000000000000000e+00
0236   9.1601562500000000e-01   9.9999916599951200e-01   6.0000003110002231e-01   4.4153877958622472e-10   0.0000000000000000e+00   0.0000000000000000e+00
0237   9.1992187500000000e-01   9.9999915432139996e-01   6.0000003153491666e-01   4.2243069746925810e-10   0.0000000000000000e+00   0.0000000000000000e+00
0238   9.2382812500000000e-01   9.9999914315253535e-01   6.0000003195068019e-01   4.0305634532203414e-10   0.0000000000000000e+00   0.0000000000000000e+00
0239   9.2773437500000000e-01   9.9999913249965788e-01   6.0000003234705390e-01   3.8343095742576319e-10   0.0000000000000000e+00   0.0000000000000000e+00
0240   9.3164062500000000e-01   9.9999912236915911e-01   6.0000003272379132e-01   3.6357021376674784e-10   0.0000000000000000e+00   0.0000000000000000e+00
0241   9.3554687500000000e-01   9.9999911276717335e-01   6.0000003308065841e-01   3.4349119800294740e-10   0.0000000000000000e+00   0.0000000000000000e+00
0242   9.3945312500000000e-01   9.9999910369946887e-01   6.0000003341743546e-01   3.2321004312851711e-10   0.0000000000000000e+00   0.0000000000000000e+00
0243   9.4335937500000000e-01   9.9999909517152408e-01   6.0000003373391553e-01   3.0274520605361232e-10   0.0000000000000000e+00   0.0000000000000000e+00
0244   9.4726562500000000e-01   9.9999908718837982e-01   6.0000003402990865e-01   2.8211608831939669e-10   0.0000000000000000e+00   0.0000000000000000e+00
0245   9.5117187500000000e-01   9.9999907975493330e-01   6.0000003430524140e-01   2.6134531081322274e-10   0.0000000000000000e+00   0.0000000000000000e+00
0246   9.5507812500000000e-01   9.9999907287569456e-01   6.0000003455975626e-01   2.4045555188537482e-10   0.0000000000000000e+00   0.0000000000000000e+00
0247   9.5898437500000000e-01   9.9999906655473825e-01   6.0000003479330999e-01   2.1946847436143481e-10   0.0000000000000000e+00   0.0000000000000000e+00
0248   9.6289062500000000e-01   9.9999906079596246e-01   6.0000003500577370e-01   1.9840421377633656e-10   0.0000000000000000e+00   0.0000000000000000e+00
0249   9.6679687500000000e-01   9.9999905560276847e-01   6.0000003519703127e-01   1.7728463164208217e-10   0.0000000000000000e+00   0.0000000000000000e+00
0250   9.7070312500000000e-01   9.9999905097836506e-01   6.0000003536699009e-01   1.5612997645896715e-10   0.0000000000000000e+00   0.0000000000000000e+00
0251   9.7460937500000000e-01   9.9999904692552211e-01   6.0000003551557368e-01   1.3499555927129805e-10   0.0000000000000000e+00   0.0000000000000000e+00
0252   9.7851562500000000e-01   9.9999904344682988e-01   6.0000003564277848e-01   1.1388462985260316e-10   0.0000000000000000e+00   0.0000000000000000e+00
0253   9.8242187500000000e-01   9.9999904054435096e-01   6.0000003574855820e-01   9.3038022204310928e-11   0.0000000000000000e+00   0.0000000000000000e+00
0254   9.8632812500000000e-01   9.9999903822010550e-01   6.0000003583310313e-01   7.2010268165574486e-11   0.0000000000000000e+00   0.0000000000000000e+00
0255   9.9023437500000000e-01   9.9999903647539101e-01   6.0000003589623796e-01   5.2565698471127811e-11   0.0000000000000000e+00   0.0000000000000000e+00
0256   9.9414062500000000e-01   9.9999903531160539e-01   6.0000003593830531e-01   2.9831626729260177e-11   0.0000000000000000e+00   0.0000000000000000e+00
0257   9.9804687500000000e-01   9.9999903472956342e-01   6.0000003595936413e-01   1.8546431355830647e-11   0.0000000000000000e+00   0.0000000000000000e+00
