# Athena++ data at time=7.325192e+01  cycle=37505  variables=prim 
# i       x1v         rho          press          vel1         vel2         vel3     
0002   1.9531250000000000e-03   9.9999896270553834e-01   5.9999996393526722e-01   1.8583148303080915e-11   0.0000000000000000e+00   0.0000000000000000e+00
0003   5.8593750000000000e-03   9.9999896332984661e-01   5.9999996395647537e-01   2.9757806519847597e-11   0.0000000000000000e+00   0.0000000000000000e+00
0004   9.7656250000000000e-03   9.9999896457806159e-01   5.9999996399885025e-01   5.2462006878720776e-11   0.0000000000000000e+00   0.0000000000000000e+00
0005   1.3671875000000000e-02   9.9999896644951747e-01   5.9999996406244138e-01   7.1851885473234770e-11   0.0000000000000000e+00   0.0000000000000000e+00
0006   1.7578125000000000e-02   9.9999896894344109e-01   5.9999996414759071e-01   9.2830978535937027e-11   0.0000000000000000e+00   0.0000000000000000e+00
0007   2.1484375000000000e-02   9.9999897205822974e-01   5.9999996425411495e-01   1.1362021333266744e-10   0.0000000000000000e+00   0.0000000000000000e+00
0008   2.5390625000000000e-02   9.9999897579222663e-01   5.9999996438219927e-01   1.3466408613905120e-10   0.0000000000000000e+00   0.0000000000000000e+00
0009   2.9296875000000000e-02   9.9999898014321509e-01   5.9999996453178917e-01   1.5571712825478352e-10   0.0000000000000000e+00   0.0000000000000000e+00
0010   3.3203125000000000e-02   9.9999898510868446e-01   5.9999996470287298e-01   1.7677219257289627e-10   0.0000000000000000e+00   0.0000000000000000e+00
0011   3.7109375000000000e-02   9.9999899068561249e-01   5.9999996489536411e-01   1.9777136722722390e-10   0.0000000000000000e+00   0.0000000000000000e+00
0012   4.1015625000000000e-02   9.9999899687066474e-01   5.9999996510915932e-01   2.1869201680719973e-10   0.0000000000000000e+00   0.0000000000000000e+00
0013   4.4921875000000000e-02   9.9999900366011840e-01   5.9999996534413191e-01   2.3951088358540255e-10   0.0000000000000000e+00   0.0000000000000000e+00
0014   4.8828125000000000e-02   9.9999901104990907e-01   5.9999996560014102e-01   2.6020752908398638e-10   0.0000000000000000e+00   0.0000000000000000e+00
0015   5.2734375000000000e-02   9.9999901903556232e-01   5.9999996587703242e-01   2.8075961460062031e-10   0.0000000000000000e+00   0.0000000000000000e+00
0016   5.6640625000000000e-02   9.9999902761226866e-01   5.9999996617463736e-01   3.0114432674501137e-10   0.0000000000000000e+00   0.0000000000000000e+00
0017   6.0546875000000000e-02   9.9999903677485957e-01   5.9999996649277099e-01   3.2134076924591642e-10   0.0000000000000000e+00   0.0000000000000000e+00
0018   6.4453125000000000e-02   9.9999904651780425e-01   5.9999996683123336e-01   3.4133034037106124e-10   0.0000000000000000e+00   0.0000000000000000e+00
0019   6.8359375000000000e-02   9.9999905683522594e-01   5.9999996718980775e-01   3.6109680955246807e-10   0.0000000000000000e+00   0.0000000000000000e+00
0020   7.2265625000000000e-02   9.9999906772091640e-01   5.9999996756826501e-01   3.8062490084505488e-10   0.0000000000000000e+00   0.0000000000000000e+00
0021   7.6171875000000000e-02   9.9999907916824149e-01   5.9999996796636290e-01   3.9990125764810038e-10   0.0000000000000000e+00   0.0000000000000000e+00
0022   8.0078125000000000e-02   9.9999909117036190e-01   5.9999996838384806e-01   4.1891216288309011e-10   0.0000000000000000e+00   0.0000000000000000e+00
0023   8.3984375000000000e-02   9.9999910371999723e-01   5.9999996882045525e-01   4.3764591268311057e-10   0.0000000000000000e+00   0.0000000000000000e+00
0024   8.7890625000000000e-02   9.9999911680956299e-01   5.9999996927590826e-01   4.5609015691377488e-10   0.0000000000000000e+00   0.0000000000000000e+00
0025   9.1796875000000000e-02   9.9999913043120503e-01   5.9999996974991887e-01   4.7423497328276753e-10   0.0000000000000000e+00   0.0000000000000000e+00
0026   9.5703125000000000e-02   9.9999914457666650e-01   5.9999997024218976e-01   4.9207046086546565e-10   0.0000000000000000e+00   0.0000000000000000e+00
0027   9.9609375000000000e-02   9.9999915923745575e-01   5.9999997075241274e-01   5.0958768251424556e-10   0.0000000000000000e+00   0.0000000000000000e+00
0028   1.0351562500000000e-01   9.9999917440468999e-01   5.9999997128027005e-01   5.2677766566080632e-10   0.0000000000000000e+00   0.0000000000000000e+00
0029   1.0742187500000000e-01   9.9999919006923010e-01   5.9999997182543452e-01   5.4363192613743425e-10   0.0000000000000000e+00   0.0000000000000000e+00
0030   1.1132812500000000e-01   9.9999920622164118e-01   5.9999997238756986e-01   5.6014261481705376e-10   0.0000000000000000e+00   0.0000000000000000e+00
0031   1.1523437500000000e-01   9.9999922285219800e-01   5.9999997296633023e-01   5.7630183984308352e-10   0.0000000000000000e+00   0.0000000000000000e+00
0032   1.1914062500000000e-01   9.9999923995086071e-01   5.9999997356136137e-01   5.9210228788159461e-10   0.0000000000000000e+00   0.0000000000000000e+00
0033   1.2304687500000000e-01   9.9999925750733154e-01   5.9999997417230055e-01   6.0753638730863119e-10   0.0000000000000000e+00   0.0000000000000000e+00
0034   1.2695312500000000e-01   9.9999927551103496e-01   5.9999997479877654e-01   6.2259717994106106e-10   0.0000000000000000e+00   0.0000000000000000e+00
0035   1.3085937500000000e-01   9.9999929395113274e-01   5.9999997544040917e-01   6.3727684027138750e-10   0.0000000000000000e+00   0.0000000000000000e+00
0036   1.3476562500000000e-01   9.9999931281647492e-01   5.9999997609681055e-01   6.5156884026027016e-10   0.0000000000000000e+00   0.0000000000000000e+00
0037   1.3867187500000000e-01   9.9999933209573666e-01   5.9999997676758443e-01   6.6546589857505444e-10   0.0000000000000000e+00   0.0000000000000000e+00
0038   1.4257812500000000e-01   9.9999935177729893e-01   5.9999997745232714e-01   6.7896079273309925e-10   0.0000000000000000e+00   0.0000000000000000e+00
0039   1.4648437500000000e-01   9.9999937184929000e-01   5.9999997815062645e-01   6.9204649473131644e-10   0.0000000000000000e+00   0.0000000000000000e+00
0040   1.5039062500000000e-01   9.9999939229964840e-01   5.9999997886206347e-01   7.0471678495980675e-10   0.0000000000000000e+00   0.0000000000000000e+00
0041   1.5429687500000000e-01   9.9999941311602036e-01   5.9999997958621099e-01   7.1696395399430959e-10   0.0000000000000000e+00   0.0000000000000000e+00
0042   1.5820312500000000e-01   9.9999943428589422e-01   5.9999998032263491e-01   7.2878175117709846e-10   0.0000000000000000e+00   0.0000000000000000e+00
0043   1.6210937500000000e-01   9.9999945579651828e-01   5.9999998107089325e-01   7.4016299921773559e-10   0.0000000000000000e+00   0.0000000000000000e+00
0044   1.6601562500000000e-01   9.9999947763494501e-01   5.9999998183053782e-01   7.5110174749029748e-10   0.0000000000000000e+00   0.0000000000000000e+00
0045   1.6992187500000000e-01   9.9999949978800784e-01   5.9999998260111309e-01   7.6159094801513995e-10   0.0000000000000000e+00   0.0000000000000000e+00
0046   1.7382812500000000e-01   9.9999952224234745e-01   5.9999998338215710e-01   7.7162429737164869e-10   0.0000000000000000e+00   0.0000000000000000e+00
0047   1.7773437500000000e-01   9.9999954498448318e-01   5.9999998417320199e-01   7.8119535211347223e-10   0.0000000000000000e+00   0.0000000000000000e+00
0048   1.8164062500000000e-01   9.9999956800068268e-01   5.9999998497377294e-01   7.9029861182184365e-10   0.0000000000000000e+00   0.0000000000000000e+00
0049   1.8554687500000000e-01   9.9999959127711413e-01   5.9999998578339031e-01   7.9892854608745173e-10   0.0000000000000000e+00   0.0000000000000000e+00
0050   1.8945312500000000e-01   9.9999961479973687e-01   5.9999998660156728e-01   8.0707909871429186e-10   0.0000000000000000e+00   0.0000000000000000e+00
0051   1.9335937500000000e-01   9.9999963855436713e-01   5.9999998742781335e-01   8.1474560637996936e-10   0.0000000000000000e+00   0.0000000000000000e+00
0052   1.9726562500000000e-01   9.9999966252672989e-01   5.9999998826163126e-01   8.2192298444963254e-10   0.0000000000000000e+00   0.0000000000000000e+00
0053   2.0117187500000000e-01   9.9999968670237183e-01   5.9999998910252073e-01   8.2860669965295139e-10   0.0000000000000000e+00   0.0000000000000000e+00
0054   2.0507812500000000e-01   9.9999971106674368e-01   5.9999998994997583e-01   8.3479313926174802e-10   0.0000000000000000e+00   0.0000000000000000e+00
0055   2.0898437500000000e-01   9.9999973560516886e-01   5.9999999080348643e-01   8.4047736489467388e-10   0.0000000000000000e+00   0.0000000000000000e+00
0056   2.1289062500000000e-01   9.9999976030283810e-01   5.9999999166253948e-01   8.4565719228356531e-10   0.0000000000000000e+00   0.0000000000000000e+00
0057   2.1679687500000000e-01   9.9999978514491084e-01   5.9999999252661762e-01   8.5032824755562624e-10   0.0000000000000000e+00   0.0000000000000000e+00
0058   2.2070312500000000e-01   9.9999981011637218e-01   5.9999999339520005e-01   8.5448866511214714e-10   0.0000000000000000e+00   0.0000000000000000e+00
0059   2.2460937500000000e-01   9.9999983520224311e-01   5.9999999426776551e-01   8.5813554436138452e-10   0.0000000000000000e+00   0.0000000000000000e+00
0060   2.2851562500000000e-01   9.9999986038740496e-01   5.9999999514378177e-01   8.6126717318688068e-10   0.0000000000000000e+00   0.0000000000000000e+00
0061   2.3242187500000000e-01   9.9999988565665510e-01   5.9999999602274035e-01   8.6388207740152768e-10   0.0000000000000000e+00   0.0000000000000000e+00
0062   2.3632812500000000e-01   9.9999991099474705e-01   5.9999999690405481e-01   8.6597679452936508e-10   0.0000000000000000e+00   0.0000000000000000e+00
0063   2.4023437500000000e-01   9.9999993638655627e-01   5.9999999778735436e-01   8.6757221749621021e-10   0.0000000000000000e+00   0.0000000000000000e+00
0064   2.4414062500000000e-01   9.9999996181641326e-01   5.9999999867169318e-01   8.6859328728246247e-10   0.0000000000000000e+00   0.0000000000000000e+00
0065   2.4804687500000000e-01   9.9999998726994965e-01   5.9999999955752836e-01   8.6926851045643539e-10   0.0000000000000000e+00   0.0000000000000000e+00
0066   2.5195312500000000e-01   1.0000000127299451e+00   6.0000000044240009e-01   8.6925816093512047e-10   0.0000000000000000e+00   0.0000000000000000e+00
0067   2.5585937500000000e-01   1.0000000381834626e+00   6.0000000132823583e-01   8.6856253469451069e-10   0.0000000000000000e+00   0.0000000000000000e+00
0068   2.5976562500000000e-01   1.0000000636133153e+00   6.0000000221257477e-01   8.6752131638279254e-10   0.0000000000000000e+00   0.0000000000000000e+00
0069   2.6367187500000000e-01   1.0000000890051279e+00   6.0000000309587442e-01   8.6590558548819025e-10   0.0000000000000000e+00   0.0000000000000000e+00
0070   2.6757812500000000e-01   1.0000001143432231e+00   6.0000000397718956e-01   8.6379088122462773e-10   0.0000000000000000e+00   0.0000000000000000e+00
0071   2.7148437500000000e-01   1.0000001396124789e+00   6.0000000485614891e-01   8.6115593402622658e-10   0.0000000000000000e+00   0.0000000000000000e+00
0072   2.7539062500000000e-01   1.0000001647976289e+00   6.0000000573216627e-01   8.5800401604928164e-10   0.0000000000000000e+00   0.0000000000000000e+00
0073   2.7929687500000000e-01   1.0000001898835023e+00   6.0000000660473285e-01   8.5433827400603179e-10   0.0000000000000000e+00   0.0000000000000000e+00
0074   2.8320312500000000e-01   1.0000002148549896e+00   6.0000000747331639e-01   8.5015900036986262e-10   0.0000000000000000e+00   0.0000000000000000e+00
0075   2.8710937500000000e-01   1.0000002396970491e+00   6.0000000833739608e-01   8.4546950169890989e-10   0.0000000000000000e+00   0.0000000000000000e+00
0076   2.9101562500000000e-01   1.0000002643947270e+00   6.0000000919645036e-01   8.4027223591936499e-10   0.0000000000000000e+00   0.0000000000000000e+00
0077   2.9492187500000000e-01   1.0000002889331419e+00   6.0000001004996262e-01   8.3457064183326106e-10   0.0000000000000000e+00   0.0000000000000000e+00
0078   2.9882812500000000e-01   1.0000003132975441e+00   6.0000001089741928e-01   8.2836850213747300e-10   0.0000000000000000e+00   0.0000000000000000e+00
0079   3.0273437500000000e-01   1.0000003374731676e+00   6.0000001173831075e-01   8.2166870267930926e-10   0.0000000000000000e+00   0.0000000000000000e+00
0080   3.0664062500000000e-01   1.0000003614455126e+00   6.0000001257213076e-01   8.1447667837614329e-10   0.0000000000000000e+00   0.0000000000000000e+00
0081   3.1054687500000000e-01   1.0000003852002057e+00   6.0000001339837872e-01   8.0679628867352527e-10   0.0000000000000000e+00   0.0000000000000000e+00
0082   3.1445312500000000e-01   1.0000004087228187e+00   6.0000001421655769e-01   7.9863283865410507e-10   0.0000000000000000e+00   0.0000000000000000e+00
0083   3.1835937500000000e-01   1.0000004319992228e+00   6.0000001502617695e-01   7.8999102595108668e-10   0.0000000000000000e+00   0.0000000000000000e+00
0084   3.2226562500000000e-01   1.0000004550154262e+00   6.0000001582675011e-01   7.8087649414750238e-10   0.0000000000000000e+00   0.0000000000000000e+00
0085   3.2617187500000000e-01   1.0000004777575837e+00   6.0000001661779701e-01   7.7129503180167124e-10   0.0000000000000000e+00   0.0000000000000000e+00
0086   3.3007812500000000e-01   1.0000005002119496e+00   6.0000001739884323e-01   7.6125273294337186e-10   0.0000000000000000e+00   0.0000000000000000e+00
0087   3.3398437500000000e-01   1.0000005223650259e+00   6.0000001816942006e-01   7.5075518181949153e-10   0.0000000000000000e+00   0.0000000000000000e+00
0088   3.3789062500000000e-01   1.0000005442034070e+00   6.0000001892906629e-01   7.3980912678082854e-10   0.0000000000000000e+00   0.0000000000000000e+00
0089   3.4179687500000000e-01   1.0000005657140498e+00   6.0000001967732619e-01   7.2842086872527559e-10   0.0000000000000000e+00   0.0000000000000000e+00
0090   3.4570312500000000e-01   1.0000005868839499e+00   6.0000002041375133e-01   7.1659698984714283e-10   0.0000000000000000e+00   0.0000000000000000e+00
0091   3.4960937500000000e-01   1.0000006077003170e+00   6.0000002113790030e-01   7.0434373444855029e-10   0.0000000000000000e+00   0.0000000000000000e+00
0092   3.5351562500000000e-01   1.0000006281506730e+00   6.0000002184933865e-01   6.9166861848211738e-10   0.0000000000000000e+00   0.0000000000000000e+00
0093   3.5742187500000000e-01   1.0000006482226864e+00   6.0000002254763996e-01   6.7857819523295285e-10   0.0000000000000000e+00   0.0000000000000000e+00
0094   3.6132812500000000e-01   1.0000006679042401e+00   6.0000002323238433e-01   6.6507957744019874e-10   0.0000000000000000e+00   0.0000000000000000e+00
0095   3.6523437500000000e-01   1.0000006871835236e+00   6.0000002390315987e-01   6.5118001582974496e-10   0.0000000000000000e+00   0.0000000000000000e+00
0096   3.6914062500000000e-01   1.0000007060488632e+00   6.0000002455956258e-01   6.3688583813672256e-10   0.0000000000000000e+00   0.0000000000000000e+00
0097   3.7304687500000000e-01   1.0000007244889710e+00   6.0000002520119688e-01   6.2220466059067722e-10   0.0000000000000000e+00   0.0000000000000000e+00
0098   3.7695312500000000e-01   1.0000007424926727e+00   6.0000002582767431e-01   6.0714394242402705e-10   0.0000000000000000e+00   0.0000000000000000e+00
0099   3.8085937500000000e-01   1.0000007600491552e+00   6.0000002643861550e-01   5.9171042872914583e-10   0.0000000000000000e+00   0.0000000000000000e+00
0100   3.8476562500000000e-01   1.0000007771478152e+00   6.0000002703364885e-01   5.7591133868961904e-10   0.0000000000000000e+00   0.0000000000000000e+00
0101   3.8867187500000000e-01   1.0000007937783746e+00   6.0000002761241134e-01   5.5975398355010616e-10   0.0000000000000000e+00   0.0000000000000000e+00
0102   3.9257812500000000e-01   1.0000008099308080e+00   6.0000002817454845e-01   5.4324634786562611e-10   0.0000000000000000e+00   0.0000000000000000e+00
0103   3.9648437500000000e-01   1.0000008255953452e+00   6.0000002871971503e-01   5.2639583998445297e-10   0.0000000000000000e+00   0.0000000000000000e+00
0104   4.0039062500000000e-01   1.0000008407625771e+00   6.0000002924757456e-01   5.0921068260877036e-10   0.0000000000000000e+00   0.0000000000000000e+00
0105   4.0429687500000000e-01   1.0000008554233717e+00   6.0000002975779998e-01   4.9169954739868864e-10   0.0000000000000000e+00   0.0000000000000000e+00
0106   4.0820312500000000e-01   1.0000008695688301e+00   6.0000003025007298e-01   4.7387088674976994e-10   0.0000000000000000e+00   0.0000000000000000e+00
0107   4.1210937500000000e-01   1.0000008831904812e+00   6.0000003072408614e-01   4.5573375117482466e-10   0.0000000000000000e+00   0.0000000000000000e+00
0108   4.1601562500000000e-01   1.0000008962800668e+00   6.0000003117954115e-01   4.3729852770708114e-10   0.0000000000000000e+00   0.0000000000000000e+00
0109   4.1992187500000000e-01   1.0000009088297259e+00   6.0000003161615056e-01   4.1857502884003770e-10   0.0000000000000000e+00   0.0000000000000000e+00
0110   4.2382812500000000e-01   1.0000009208318414e+00   6.0000003203363772e-01   3.9957542056871433e-10   0.0000000000000000e+00   0.0000000000000000e+00
0111   4.2773437500000000e-01   1.0000009322791656e+00   6.0000003243173783e-01   3.8031170712055241e-10   0.0000000000000000e+00   0.0000000000000000e+00
0112   4.3164062500000000e-01   1.0000009431648342e+00   6.0000003281019698e-01   3.6079727275039371e-10   0.0000000000000000e+00   0.0000000000000000e+00
0113   4.3554687500000000e-01   1.0000009534822609e+00   6.0000003316877304e-01   3.4104491786216793e-10   0.0000000000000000e+00   0.0000000000000000e+00
0114   4.3945312500000000e-01   1.0000009632252445e+00   6.0000003350723696e-01   3.2107059179535194e-10   0.0000000000000000e+00   0.0000000000000000e+00
0115   4.4335937500000000e-01   1.0000009723878120e+00   6.0000003382537226e-01   3.0088970842826459e-10   0.0000000000000000e+00   0.0000000000000000e+00
0116   4.4726562500000000e-01   1.0000009809645356e+00   6.0000003412297842e-01   2.8052120786745315e-10   0.0000000000000000e+00   0.0000000000000000e+00
0117   4.5117187500000000e-01   1.0000009889501971e+00   6.0000003439987093e-01   2.5998613860876603e-10   0.0000000000000000e+00   0.0000000000000000e+00
0118   4.5507812500000000e-01   1.0000009963400047e+00   6.0000003465588103e-01   2.3930672127352044e-10   0.0000000000000000e+00   0.0000000000000000e+00
0119   4.5898437500000000e-01   1.0000010031294406e+00   6.0000003489085441e-01   2.1850570781927821e-10   0.0000000000000000e+00   0.0000000000000000e+00
0120   4.6289062500000000e-01   1.0000010093145064e+00   6.0000003510465072e-01   1.9760286967432727e-10   0.0000000000000000e+00   0.0000000000000000e+00
0121   4.6679687500000000e-01   1.0000010148914538e+00   6.0000003529714219e-01   1.7662169175027575e-10   0.0000000000000000e+00   0.0000000000000000e+00
0122   4.7070312500000000e-01   1.0000010198568940e+00   6.0000003546822656e-01   1.5558455240983686e-10   0.0000000000000000e+00   0.0000000000000000e+00
0123   4.7460937500000000e-01   1.0000010242078843e+00   6.0000003561781690e-01   1.3454951629542556e-10   0.0000000000000000e+00   0.0000000000000000e+00
0124   4.7851562500000000e-01   1.0000010279418827e+00   6.0000003574590111e-01   1.1352406974621072e-10   0.0000000000000000e+00   0.0000000000000000e+00
0125   4.8242187500000000e-01   1.0000010310566516e+00   6.0000003585242545e-01   9.2752604549669796e-11   0.0000000000000000e+00   0.0000000000000000e+00
0126   4.8632812500000000e-01   1.0000010335505998e+00   6.0000003593757489e-01   7.1791188247371625e-11   0.0000000000000000e+00   0.0000000000000000e+00
0127   4.9023437500000000e-01   1.0000010354220692e+00   6.0000003600116614e-01   5.2418409679231441e-11   0.0000000000000000e+00   0.0000000000000000e+00
0128   4.9414062500000000e-01   1.0000010366702801e+00   6.0000003604354113e-01   2.9731603796852984e-11   0.0000000000000000e+00   0.0000000000000000e+00
0129   4.9804687500000000e-01   1.0000010372945629e+00   6.0000003606474916e-01   1.8573452974816987e-11   0.0000000000000000e+00   0.0000000000000000e+00
0130   5.0195312500000000e-01   1.0000010372945567e+00   6.0000003606474916e-01  -1.8575688320533044e-11   0.0000000000000000e+00   0.0000000000000000e+00
0131   5.0585937500000000e-01   1.0000010366702712e+00   6.0000003604354146e-01  -2.9733205794817538e-11   0.0000000000000000e+00   0.0000000000000000e+00
0132   5.0976562500000000e-01   1.0000010354220461e+00   6.0000003600116669e-01  -5.2420346978918945e-11   0.0000000000000000e+00   0.0000000000000000e+00
0133   5.1367187500000000e-01   1.0000010335505984e+00   6.0000003593757556e-01  -7.1792715733844010e-11   0.0000000000000000e+00   0.0000000000000000e+00
0134   5.1757812500000000e-01   1.0000010310566461e+00   6.0000003585242601e-01  -9.2754318314860808e-11   0.0000000000000000e+00   0.0000000000000000e+00
0135   5.2148437500000000e-01   1.0000010279418916e+00   6.0000003574590177e-01  -1.1352552272126314e-10   0.0000000000000000e+00   0.0000000000000000e+00
0136   5.2539062500000000e-01   1.0000010242078650e+00   6.0000003561781723e-01  -1.3455167712968759e-10   0.0000000000000000e+00   0.0000000000000000e+00
0137   5.2929687500000000e-01   1.0000010198568667e+00   6.0000003546822656e-01  -1.5558630343085576e-10   0.0000000000000000e+00   0.0000000000000000e+00
0138   5.3320312500000000e-01   1.0000010148914320e+00   6.0000003529714208e-01  -1.7662344277138363e-10   0.0000000000000000e+00   0.0000000000000000e+00
0139   5.3710937500000000e-01   1.0000010093145364e+00   6.0000003510465050e-01  -1.9760417362636791e-10   0.0000000000000000e+00   0.0000000000000000e+00
0140   5.4101562500000000e-01   1.0000010031294440e+00   6.0000003489085418e-01  -2.1850697451560473e-10   0.0000000000000000e+00   0.0000000000000000e+00
0141   5.4492187500000000e-01   1.0000009963399803e+00   6.0000003465588103e-01  -2.3930828601587037e-10   0.0000000000000000e+00   0.0000000000000000e+00
0142   5.4882812500000000e-01   1.0000009889501944e+00   6.0000003439987071e-01  -2.5998774060685683e-10   0.0000000000000000e+00   0.0000000000000000e+00
0143   5.5273437500000000e-01   1.0000009809645358e+00   6.0000003412297831e-01  -2.8052295888829240e-10   0.0000000000000000e+00   0.0000000000000000e+00
0144   5.5664062500000000e-01   1.0000009723878240e+00   6.0000003382537215e-01  -3.0089123591486533e-10   0.0000000000000000e+00   0.0000000000000000e+00
0145   5.6054687500000000e-01   1.0000009632252231e+00   6.0000003350723663e-01  -3.2107234281628755e-10   0.0000000000000000e+00   0.0000000000000000e+00
0146   5.6445312500000000e-01   1.0000009534822678e+00   6.0000003316877293e-01  -3.4104678065054416e-10   0.0000000000000000e+00   0.0000000000000000e+00
0147   5.6835937500000000e-01   1.0000009431648273e+00   6.0000003281019665e-01  -3.6079872572543408e-10   0.0000000000000000e+00   0.0000000000000000e+00
0148   5.7226562500000000e-01   1.0000009322791663e+00   6.0000003243173761e-01  -3.8031345814172951e-10   0.0000000000000000e+00   0.0000000000000000e+00
0149   5.7617187500000000e-01   1.0000009208317937e+00   6.0000003203363772e-01  -3.9957720884560019e-10   0.0000000000000000e+00   0.0000000000000000e+00
0150   5.8007812500000000e-01   1.0000009088297144e+00   6.0000003161615079e-01  -4.1857689162838038e-10   0.0000000000000000e+00   0.0000000000000000e+00
0151   5.8398437500000000e-01   1.0000008962800457e+00   6.0000003117954159e-01  -4.3729971989213609e-10   0.0000000000000000e+00   0.0000000000000000e+00
0152   5.8789062500000000e-01   1.0000008831904583e+00   6.0000003072408692e-01  -4.5573501787099744e-10   0.0000000000000000e+00   0.0000000000000000e+00
0153   5.9179687500000000e-01   1.0000008695688340e+00   6.0000003025007409e-01  -4.7387181814412732e-10   0.0000000000000000e+00   0.0000000000000000e+00
0154   5.9570312500000000e-01   1.0000008554233348e+00   6.0000002975780131e-01  -4.9170059056046213e-10   0.0000000000000000e+00   0.0000000000000000e+00
0155   5.9960937500000000e-01   1.0000008407625789e+00   6.0000002924757634e-01  -5.0921157674774478e-10   0.0000000000000000e+00   0.0000000000000000e+00
0156   6.0351562500000000e-01   1.0000008255953592e+00   6.0000002871971703e-01  -5.2639628705439493e-10   0.0000000000000000e+00   0.0000000000000000e+00
0157   6.0742187500000000e-01   1.0000008099308049e+00   6.0000002817455045e-01  -5.4324645963339873e-10   0.0000000000000000e+00   0.0000000000000000e+00
0158   6.1132812500000000e-01   1.0000007937783733e+00   6.0000002761241300e-01  -5.5975405806232988e-10   0.0000000000000000e+00   0.0000000000000000e+00
0159   6.1523437500000000e-01   1.0000007771478217e+00   6.0000002703365041e-01  -5.7591100338814237e-10   0.0000000000000000e+00   0.0000000000000000e+00
0160   6.1914062500000000e-01   1.0000007600491245e+00   6.0000002643861705e-01  -5.9171001891660743e-10   0.0000000000000000e+00   0.0000000000000000e+00
0161   6.2304687500000000e-01   1.0000007424926602e+00   6.0000002582767553e-01  -6.0714342084404441e-10   0.0000000000000000e+00   0.0000000000000000e+00
0162   6.2695312500000000e-01   1.0000007244889622e+00   6.0000002520119766e-01  -6.2220447431260326e-10   0.0000000000000000e+00   0.0000000000000000e+00
0163   6.3085937500000000e-01   1.0000007060488980e+00   6.0000002455956314e-01  -6.3688535381244931e-10   0.0000000000000000e+00   0.0000000000000000e+00
0164   6.3476562500000000e-01   1.0000006871835245e+00   6.0000002390315987e-01  -6.5117919620348694e-10   0.0000000000000000e+00   0.0000000000000000e+00
0165   6.3867187500000000e-01   1.0000006679042452e+00   6.0000002323238411e-01  -6.6507883232535153e-10   0.0000000000000000e+00   0.0000000000000000e+00
0166   6.4257812500000000e-01   1.0000006482226846e+00   6.0000002254763951e-01  -6.7857707756041707e-10   0.0000000000000000e+00   0.0000000000000000e+00
0167   6.4648437500000000e-01   1.0000006281506837e+00   6.0000002184933821e-01  -6.9166757532137332e-10   0.0000000000000000e+00   0.0000000000000000e+00
0168   6.5039062500000000e-01   1.0000006077003176e+00   6.0000002113789952e-01  -7.0434243049774874e-10   0.0000000000000000e+00   0.0000000000000000e+00
0169   6.5429687500000000e-01   1.0000005868839390e+00   6.0000002041375022e-01  -7.1659538784981464e-10   0.0000000000000000e+00   0.0000000000000000e+00
0170   6.5820312500000000e-01   1.0000005657140529e+00   6.0000001967732486e-01  -7.2841937849510243e-10   0.0000000000000000e+00   0.0000000000000000e+00
0171   6.6210937500000000e-01   1.0000005442034234e+00   6.0000001892906474e-01  -7.3980771106199132e-10   0.0000000000000000e+00   0.0000000000000000e+00
0172   6.6601562500000000e-01   1.0000005223650206e+00   6.0000001816941861e-01  -7.5075402689142267e-10   0.0000000000000000e+00   0.0000000000000000e+00
0173   6.6992187500000000e-01   1.0000005002119476e+00   6.0000001739884168e-01  -7.6125165252626630e-10   0.0000000000000000e+00   0.0000000000000000e+00
0174   6.7382812500000000e-01   1.0000004777575870e+00   6.0000001661779534e-01  -7.7129383961802234e-10   0.0000000000000000e+00   0.0000000000000000e+00
0175   6.7773437500000000e-01   1.0000004550154473e+00   6.0000001582674856e-01  -7.8087556275334663e-10   0.0000000000000000e+00   0.0000000000000000e+00
0176   6.8164062500000000e-01   1.0000004319992357e+00   6.0000001502617539e-01  -7.8998972199914507e-10   0.0000000000000000e+00   0.0000000000000000e+00
0177   6.8554687500000000e-01   1.0000004087227992e+00   6.0000001421655635e-01  -7.9863153470235909e-10   0.0000000000000000e+00   0.0000000000000000e+00
0178   6.8945312500000000e-01   1.0000003852002035e+00   6.0000001339837727e-01  -8.0679550630233278e-10   0.0000000000000000e+00   0.0000000000000000e+00
0179   6.9335937500000000e-01   1.0000003614455386e+00   6.0000001257212954e-01  -8.1447600777255365e-10   0.0000000000000000e+00   0.0000000000000000e+00
0180   6.9726562500000000e-01   1.0000003374731599e+00   6.0000001173830975e-01  -8.2166859091255593e-10   0.0000000000000000e+00   0.0000000000000000e+00
0181   7.0117187500000000e-01   1.0000003132975341e+00   6.0000001089741872e-01  -8.2836831585884513e-10   0.0000000000000000e+00   0.0000000000000000e+00
0182   7.0507812500000000e-01   1.0000002889331630e+00   6.0000001004996228e-01  -8.3457093987962195e-10   0.0000000000000000e+00   0.0000000000000000e+00
0183   7.0898437500000000e-01   1.0000002643947394e+00   6.0000000919645025e-01  -8.4027279475571483e-10   0.0000000000000000e+00   0.0000000000000000e+00
0184   7.1289062500000000e-01   1.0000002396970424e+00   6.0000000833739620e-01  -8.4546998602450446e-10   0.0000000000000000e+00   0.0000000000000000e+00
0185   7.1679687500000000e-01   1.0000002148550124e+00   6.0000000747331672e-01  -8.5015970823001520e-10   0.0000000000000000e+00   0.0000000000000000e+00
0186   7.2070312500000000e-01   1.0000001898834989e+00   6.0000000660473329e-01  -8.5433887009848568e-10   0.0000000000000000e+00   0.0000000000000000e+00
0187   7.2460937500000000e-01   1.0000001647976327e+00   6.0000000573216672e-01  -8.5800520823457590e-10   0.0000000000000000e+00   0.0000000000000000e+00
0188   7.2851562500000000e-01   1.0000001396124849e+00   6.0000000485614946e-01  -8.6115667914151303e-10   0.0000000000000000e+00   0.0000000000000000e+00
0189   7.3242187500000000e-01   1.0000001143431998e+00   6.0000000397719044e-01  -8.6379158908457857e-10   0.0000000000000000e+00   0.0000000000000000e+00
0190   7.3632812500000000e-01   1.0000000890051484e+00   6.0000000309587564e-01  -8.6590595804563655e-10   0.0000000000000000e+00   0.0000000000000000e+00
0191   7.4023437500000000e-01   1.0000000636133177e+00   6.0000000221257599e-01  -8.6752153991778430e-10   0.0000000000000000e+00   0.0000000000000000e+00
0192   7.4414062500000000e-01   1.0000000381834662e+00   6.0000000132823716e-01  -8.6856249743904977e-10   0.0000000000000000e+00   0.0000000000000000e+00
0193   7.4804687500000000e-01   1.0000000127299316e+00   6.0000000044240120e-01  -8.6925812367971808e-10   0.0000000000000000e+00   0.0000000000000000e+00
0194   7.5195312500000000e-01   9.9999998726996686e-01   5.9999999955753014e-01  -8.6926810064250618e-10   0.0000000000000000e+00   0.0000000000000000e+00
0195   7.5585937500000000e-01   9.9999996181640605e-01   5.9999999867169496e-01  -8.6859250491129821e-10   0.0000000000000000e+00   0.0000000000000000e+00
0196   7.5976562500000000e-01   9.9999993638655504e-01   5.9999999778735624e-01  -8.6757128610073262e-10   0.0000000000000000e+00   0.0000000000000000e+00
0197   7.6367187500000000e-01   9.9999991099472874e-01   5.9999999690405670e-01  -8.6597571411117125e-10   0.0000000000000000e+00   0.0000000000000000e+00
0198   7.6757812500000000e-01   9.9999988565664832e-01   5.9999999602274223e-01  -8.6388081070449371e-10   0.0000000000000000e+00   0.0000000000000000e+00
0199   7.7148437500000000e-01   9.9999986038740740e-01   5.9999999514378366e-01  -8.6126579472241044e-10   0.0000000000000000e+00   0.0000000000000000e+00
0200   7.7539062500000000e-01   9.9999983520226354e-01   5.9999999426776729e-01  -8.5813368157203656e-10   0.0000000000000000e+00   0.0000000000000000e+00
0201   7.7929687500000000e-01   9.9999981011639827e-01   5.9999999339520182e-01  -8.5448710036864319e-10   0.0000000000000000e+00   0.0000000000000000e+00
0202   7.8320312500000000e-01   9.9999978514490817e-01   5.9999999252661917e-01  -8.5032653378912967e-10   0.0000000000000000e+00   0.0000000000000000e+00
0203   7.8710937500000000e-01   9.9999976030284277e-01   5.9999999166254070e-01  -8.4565518047006926e-10   0.0000000000000000e+00   0.0000000000000000e+00
0204   7.9101562500000000e-01   9.9999973560516131e-01   5.9999999080348787e-01  -8.4047546484915425e-10   0.0000000000000000e+00   0.0000000000000000e+00
0205   7.9492187500000000e-01   9.9999971106675467e-01   5.9999998994997739e-01  -8.3479109019318520e-10   0.0000000000000000e+00   0.0000000000000000e+00
0206   7.9882812500000000e-01   9.9999968670239026e-01   5.9999998910252228e-01  -8.2860476235128552e-10   0.0000000000000000e+00   0.0000000000000000e+00
0207   8.0273437500000000e-01   9.9999966252672601e-01   5.9999998826163270e-01  -8.2192093538009530e-10   0.0000000000000000e+00   0.0000000000000000e+00
0208   8.0664062500000000e-01   9.9999963855437302e-01   5.9999998742781435e-01  -8.1474355731033276e-10   0.0000000000000000e+00   0.0000000000000000e+00
0209   8.1054687500000000e-01   9.9999961479972099e-01   5.9999998660156850e-01  -8.0707731043568831e-10   0.0000000000000000e+00   0.0000000000000000e+00
0210   8.1445312500000000e-01   9.9999959127710303e-01   5.9999998578339131e-01  -7.9892690683181092e-10   0.0000000000000000e+00   0.0000000000000000e+00
0211   8.1835937500000000e-01   9.9999956800068202e-01   5.9999998497377371e-01  -7.9029730786823362e-10   0.0000000000000000e+00   0.0000000000000000e+00
0212   8.2226562500000000e-01   9.9999954498448684e-01   5.9999998417320244e-01  -7.8119419718326489e-10   0.0000000000000000e+00   0.0000000000000000e+00
0213   8.2617187500000000e-01   9.9999952224235600e-01   5.9999998338215754e-01  -7.7162310518581211e-10   0.0000000000000000e+00   0.0000000000000000e+00
0214   8.3007812500000000e-01   9.9999949978798830e-01   5.9999998260111331e-01  -7.6158986759586582e-10   0.0000000000000000e+00   0.0000000000000000e+00
0215   8.3398437500000000e-01   9.9999947763494712e-01   5.9999998183053815e-01  -7.5110092786188787e-10   0.0000000000000000e+00   0.0000000000000000e+00
0216   8.3789062500000000e-01   9.9999945579651994e-01   5.9999998107089347e-01  -7.4016247763620571e-10   0.0000000000000000e+00   0.0000000000000000e+00
0217   8.4179687500000000e-01   9.9999943428589377e-01   5.9999998032263524e-01  -7.2878122959571366e-10   0.0000000000000000e+00   0.0000000000000000e+00
0218   8.4570312500000000e-01   9.9999941311603247e-01   5.9999997958621132e-01  -7.1696373045884499e-10   0.0000000000000000e+00   0.0000000000000000e+00
0219   8.4960937500000000e-01   9.9999939229963009e-01   5.9999997886206413e-01  -7.0471659868041704e-10   0.0000000000000000e+00   0.0000000000000000e+00
0220   8.5351562500000000e-01   9.9999937184929188e-01   5.9999997815062711e-01  -6.9204656924267554e-10   0.0000000000000000e+00   0.0000000000000000e+00
0221   8.5742187500000000e-01   9.9999935177727561e-01   5.9999997745232747e-01  -6.7896064370930612e-10   0.0000000000000000e+00   0.0000000000000000e+00
0222   8.6132812500000000e-01   9.9999933209573788e-01   5.9999997676758510e-01  -6.6546571229551822e-10   0.0000000000000000e+00   0.0000000000000000e+00
0223   8.6523437500000000e-01   9.9999931281645593e-01   5.9999997609681099e-01  -6.5156887751535502e-10   0.0000000000000000e+00   0.0000000000000000e+00
0224   8.6914062500000000e-01   9.9999929395111697e-01   5.9999997544040962e-01  -6.3727695203768939e-10   0.0000000000000000e+00   0.0000000000000000e+00
0225   8.7304687500000000e-01   9.9999927551104117e-01   5.9999997479877720e-01  -6.2259706817291031e-10   0.0000000000000000e+00   0.0000000000000000e+00
0226   8.7695312500000000e-01   9.9999925750733398e-01   5.9999997417230144e-01  -6.0753657358699984e-10   0.0000000000000000e+00   0.0000000000000000e+00
0227   8.8085937500000000e-01   9.9999923995085105e-01   5.9999997356136203e-01  -5.9210239964815272e-10   0.0000000000000000e+00   0.0000000000000000e+00
0228   8.8476562500000000e-01   9.9999922285221143e-01   5.9999997296633067e-01  -5.7630180258715597e-10   0.0000000000000000e+00   0.0000000000000000e+00
0229   8.8867187500000000e-01   9.9999920622163396e-01   5.9999997238757019e-01  -5.6014261481644082e-10   0.0000000000000000e+00   0.0000000000000000e+00
0230   8.9257812500000000e-01   9.9999919006923821e-01   5.9999997182543474e-01  -5.4363188888060642e-10   0.0000000000000000e+00   0.0000000000000000e+00
0231   8.9648437500000000e-01   9.9999917440468755e-01   5.9999997128027005e-01  -5.2677759114842378e-10   0.0000000000000000e+00   0.0000000000000000e+00
0232   9.0039062500000000e-01   9.9999915923746041e-01   5.9999997075241251e-01  -5.0958749623455259e-10   0.0000000000000000e+00   0.0000000000000000e+00
0233   9.0429687500000000e-01   9.9999914457669226e-01   5.9999997024218921e-01  -4.9207027458569328e-10   0.0000000000000000e+00   0.0000000000000000e+00
0234   9.0820312500000000e-01   9.9999913043121469e-01   5.9999996974991820e-01  -4.7423456346821494e-10   0.0000000000000000e+00   0.0000000000000000e+00
0235   9.1210937500000000e-01   9.9999911680956310e-01   5.9999996927590737e-01  -4.5608937454102041e-10   0.0000000000000000e+00   0.0000000000000000e+00
0236   9.1601562500000000e-01   9.9999910371998812e-01   5.9999996882045481e-01  -4.3764494403105775e-10   0.0000000000000000e+00   0.0000000000000000e+00
0237   9.1992187500000000e-01   9.9999909117037356e-01   5.9999996838384773e-01  -4.1891152953360217e-10   0.0000000000000000e+00   0.0000000000000000e+00
0238   9.2382812500000000e-01   9.9999907916826136e-01   5.9999996796636268e-01  -3.9990043801945957e-10   0.0000000000000000e+00   0.0000000000000000e+00
0239   9.2773437500000000e-01   9.9999906772091407e-01   5.9999996756826468e-01  -3.8062449103018218e-10   0.0000000000000000e+00   0.0000000000000000e+00
0240   9.3164062500000000e-01   9.9999905683523627e-01   5.9999996718980786e-01  -3.6109669778415660e-10   0.0000000000000000e+00   0.0000000000000000e+00
0241   9.3554687500000000e-01   9.9999904651781157e-01   5.9999996683123358e-01  -3.4133052664929936e-10   0.0000000000000000e+00   0.0000000000000000e+00
0242   9.3945312500000000e-01   9.9999903677485291e-01   5.9999996649277176e-01  -3.2134117905912500e-10   0.0000000000000000e+00   0.0000000000000000e+00
0243   9.4335937500000000e-01   9.9999902761227744e-01   5.9999996617463836e-01  -3.0114443851179107e-10   0.0000000000000000e+00   0.0000000000000000e+00
0244   9.4726562500000000e-01   9.9999901903556754e-01   5.9999996587703341e-01  -2.8075965185571013e-10   0.0000000000000000e+00   0.0000000000000000e+00
0245   9.5117187500000000e-01   9.9999901104990863e-01   5.9999996560014190e-01  -2.6020782712998103e-10   0.0000000000000000e+00   0.0000000000000000e+00
0246   9.5507812500000000e-01   9.9999900366013428e-01   5.9999996534413291e-01  -2.3951136791047031e-10   0.0000000000000000e+00   0.0000000000000000e+00
0247   9.5898437500000000e-01   9.9999899687065952e-01   5.9999996510916032e-01  -2.1869276192302051e-10   0.0000000000000000e+00   0.0000000000000000e+00
0248   9.6289062500000000e-01   9.9999899068560727e-01   5.9999996489536478e-01  -1.9777200057544634e-10   0.0000000000000000e+00   0.0000000000000000e+00
0249   9.6679687500000000e-01   9.9999898510867280e-01   5.9999996470287376e-01  -1.7677301220032738e-10   0.0000000000000000e+00   0.0000000000000000e+00
0250   9.7070312500000000e-01   9.9999898014322197e-01   5.9999996453179016e-01  -1.5571772434734489e-10   0.0000000000000000e+00   0.0000000000000000e+00
0251   9.7460937500000000e-01   9.9999897579221841e-01   5.9999996438220005e-01  -1.3466512930145890e-10   0.0000000000000000e+00   0.0000000000000000e+00
0252   9.7851562500000000e-01   9.9999897205822830e-01   5.9999996425411573e-01  -1.1362107021598185e-10   0.0000000000000000e+00   0.0000000000000000e+00
0253   9.8242187500000000e-01   9.9999896894344231e-01   5.9999996414759127e-01  -9.2831947186648391e-11   0.0000000000000000e+00   0.0000000000000000e+00
0254   9.8632812500000000e-01   9.9999896644950481e-01   5.9999996406244160e-01  -7.1853114914710103e-11   0.0000000000000000e+00   0.0000000000000000e+00
0255   9.9023437500000000e-01   9.9999896457806914e-01   5.9999996399885025e-01  -5.2463012785266084e-11   0.0000000000000000e+00   0.0000000000000000e+00
0256   9.9414062500000000e-01   9.9999896332984595e-01   5.9999996395647548e-01  -2.9758700658898292e-11   0.0000000000000000e+00   0.0000000000000000e+00
0257   9.9804687500000000e-01   9.9999896270552868e-01   5.9999996393526700e-01  -1.8583632628045574e-11   0.0000000000000000e+00   0.0000000000000000e+00
