# Athena++ data at time=1.295019e+02  cycle=66305  variables=prim 
# i       x1v         rho          press          vel1         vel2         vel3     
0002   1.9531250000000000e-03   9.9999899789534752e-01   5.9999999912509305e-01  -4.4188052616193470e-10   0.0000000000000000e+00   0.0000000000000000e+00
0003   5.8593750000000000e-03   9.9999899849910767e-01   5.9999999912578206e-01  -1.3266395119952781e-09   0.0000000000000000e+00   0.0000000000000000e+00
0004   9.7656250000000000e-03   9.9999899970598893e-01   5.9999999912681923e-01  -2.2098890542778131e-09   0.0000000000000000e+00   0.0000000000000000e+00
0005   1.3671875000000000e-02   9.9999900151548249e-01   5.9999999912843360e-01  -3.0921070570062283e-09   0.0000000000000000e+00   0.0000000000000000e+00
0006   1.7578125000000000e-02   9.9999900392637020e-01   5.9999999913054969e-01  -3.9723429355606162e-09   0.0000000000000000e+00   0.0000000000000000e+00
0007   2.1484375000000000e-02   9.9999900693726640e-01   5.9999999913318858e-01  -4.8502290794935042e-09   0.0000000000000000e+00   0.0000000000000000e+00
0008   2.5390625000000000e-02   9.9999901054634177e-01   5.9999999913634705e-01  -5.7251803117518943e-09   0.0000000000000000e+00   0.0000000000000000e+00
0009   2.9296875000000000e-02   9.9999901475142061e-01   5.9999999914002167e-01  -6.5966894189546424e-09   0.0000000000000000e+00   0.0000000000000000e+00
0010   3.3203125000000000e-02   9.9999901954998816e-01   5.9999999914421209e-01  -7.4642260557728571e-09   0.0000000000000000e+00   0.0000000000000000e+00
0011   3.7109375000000000e-02   9.9999902493912696e-01   5.9999999914891478e-01  -8.3272703308898201e-09   0.0000000000000000e+00   0.0000000000000000e+00
0012   4.1015625000000000e-02   9.9999903091560305e-01   5.9999999915412683e-01  -9.1853027303995821e-09   0.0000000000000000e+00   0.0000000000000000e+00
0013   4.4921875000000000e-02   9.9999903747580887e-01   5.9999999915984548e-01  -1.0037807902070725e-08   0.0000000000000000e+00   0.0000000000000000e+00
0014   4.8828125000000000e-02   9.9999904461581324e-01   5.9999999916606683e-01  -1.0884273821688500e-08   0.0000000000000000e+00   0.0000000000000000e+00
0015   5.2734375000000000e-02   9.9999905233128805e-01   5.9999999917278712e-01  -1.1724191743791323e-08   0.0000000000000000e+00   0.0000000000000000e+00
0016   5.6640625000000000e-02   9.9999906061760857e-01   5.9999999918000213e-01  -1.2557057980137223e-08   0.0000000000000000e+00   0.0000000000000000e+00
0017   6.0546875000000000e-02   9.9999906946976069e-01   5.9999999918770786e-01  -1.3382372215763609e-08   0.0000000000000000e+00   0.0000000000000000e+00
0018   6.4453125000000000e-02   9.9999907888243444e-01   5.9999999919589964e-01  -1.4199639180641446e-08   0.0000000000000000e+00   0.0000000000000000e+00
0019   6.8359375000000000e-02   9.9999908884996591e-01   5.9999999920457225e-01  -1.5008367976961345e-08   0.0000000000000000e+00   0.0000000000000000e+00
0020   7.2265625000000000e-02   9.9999909936635367e-01   5.9999999921372138e-01  -1.5808074129027396e-08   0.0000000000000000e+00   0.0000000000000000e+00
0021   7.6171875000000000e-02   9.9999911042519651e-01   5.9999999922334102e-01  -1.6598276830262081e-08   0.0000000000000000e+00   0.0000000000000000e+00
0022   8.0078125000000000e-02   9.9999912201992647e-01   5.9999999923342617e-01  -1.7378502526981588e-08   0.0000000000000000e+00   0.0000000000000000e+00
0023   8.3984375000000000e-02   9.9999913414349462e-01   5.9999999924397152e-01  -1.8148282358436621e-08   0.0000000000000000e+00   0.0000000000000000e+00
0024   8.7890625000000000e-02   9.9999914678862123e-01   5.9999999925497127e-01  -1.8907153884892714e-08   0.0000000000000000e+00   0.0000000000000000e+00
0025   9.1796875000000000e-02   9.9999915994768718e-01   5.9999999926641989e-01  -1.9654660919484228e-08   0.0000000000000000e+00   0.0000000000000000e+00
0026   9.5703125000000000e-02   9.9999917361277679e-01   5.9999999927831149e-01  -2.0390353103242691e-08   0.0000000000000000e+00   0.0000000000000000e+00
0027   9.9609375000000000e-02   9.9999918777566166e-01   5.9999999929064007e-01  -2.1113787868649663e-08   0.0000000000000000e+00   0.0000000000000000e+00
0028   1.0351562500000000e-01   9.9999920242781426e-01   5.9999999930339976e-01  -2.1824528830926325e-08   0.0000000000000000e+00   0.0000000000000000e+00
0029   1.0742187500000000e-01   9.9999921756037369e-01   5.9999999931658377e-01  -2.2522146456401884e-08   0.0000000000000000e+00   0.0000000000000000e+00
0030   1.1132812500000000e-01   9.9999923316425099e-01   5.9999999933018622e-01  -2.3206218251176466e-08   0.0000000000000000e+00   0.0000000000000000e+00
0031   1.1523437500000000e-01   9.9999924923006878e-01   5.9999999934420012e-01  -2.3876330295776531e-08   0.0000000000000000e+00   0.0000000000000000e+00
0032   1.1914062500000000e-01   9.9999926574811715e-01   5.9999999935861925e-01  -2.4532074798372477e-08   0.0000000000000000e+00   0.0000000000000000e+00
0033   1.2304687500000000e-01   9.9999928270847493e-01   5.9999999937343662e-01  -2.5173052943401672e-08   0.0000000000000000e+00   0.0000000000000000e+00
0034   1.2695312500000000e-01   9.9999930010090066e-01   5.9999999938864490e-01  -2.5798873311981221e-08   0.0000000000000000e+00   0.0000000000000000e+00
0035   1.3085937500000000e-01   9.9999931791495578e-01   5.9999999940423698e-01  -2.6409152878346800e-08   0.0000000000000000e+00   0.0000000000000000e+00
0036   1.3476562500000000e-01   9.9999933613987246e-01   5.9999999942020465e-01  -2.7003517117666528e-08   0.0000000000000000e+00   0.0000000000000000e+00
0037   1.3867187500000000e-01   9.9999935476469815e-01   5.9999999943654048e-01  -2.7581599821452827e-08   0.0000000000000000e+00   0.0000000000000000e+00
0038   1.4257812500000000e-01   9.9999937377821158e-01   5.9999999945323601e-01  -2.8143044036442415e-08   0.0000000000000000e+00   0.0000000000000000e+00
0039   1.4648437500000000e-01   9.9999939316895470e-01   5.9999999947028237e-01  -2.8687502711338784e-08   0.0000000000000000e+00   0.0000000000000000e+00
0040   1.5039062500000000e-01   9.9999941292527372e-01   5.9999999948767047e-01  -2.9214636741687817e-08   0.0000000000000000e+00   0.0000000000000000e+00
0041   1.5429687500000000e-01   9.9999943303522687e-01   5.9999999950539007e-01  -2.9724118087715618e-08   0.0000000000000000e+00   0.0000000000000000e+00
0042   1.5820312500000000e-01   9.9999945348669506e-01   5.9999999952343097e-01  -3.0215628055183519e-08   0.0000000000000000e+00   0.0000000000000000e+00
0043   1.6210937500000000e-01   9.9999947426742009e-01   5.9999999954178229e-01  -3.0688858898415440e-08   0.0000000000000000e+00   0.0000000000000000e+00
0044   1.6601562500000000e-01   9.9999949536485844e-01   5.9999999956043226e-01  -3.1143512598395181e-08   0.0000000000000000e+00   0.0000000000000000e+00
0045   1.6992187500000000e-01   9.9999951676627297e-01   5.9999999957936878e-01  -3.1579303969156545e-08   0.0000000000000000e+00   0.0000000000000000e+00
0046   1.7382812500000000e-01   9.9999953845879197e-01   5.9999999959857830e-01  -3.1995958741352290e-08   0.0000000000000000e+00   0.0000000000000000e+00
0047   1.7773437500000000e-01   9.9999956042935201e-01   5.9999999961804662e-01  -3.2393214074281209e-08   0.0000000000000000e+00   0.0000000000000000e+00
0048   1.8164062500000000e-01   9.9999958266469602e-01   5.9999999963775841e-01  -3.2770820974877481e-08   0.0000000000000000e+00   0.0000000000000000e+00
0049   1.8554687500000000e-01   9.9999960515144737e-01   5.9999999965769824e-01  -3.3128541023563392e-08   0.0000000000000000e+00   0.0000000000000000e+00
0050   1.8945312500000000e-01   9.9999962787604668e-01   5.9999999967784989e-01  -3.3466149925018253e-08   0.0000000000000000e+00   0.0000000000000000e+00
0051   1.9335937500000000e-01   9.9999965082478870e-01   5.9999999969819517e-01  -3.3783437899376072e-08   0.0000000000000000e+00   0.0000000000000000e+00
0052   1.9726562500000000e-01   9.9999967398383849e-01   5.9999999971871487e-01  -3.4080209894406906e-08   0.0000000000000000e+00   0.0000000000000000e+00
0053   2.0117187500000000e-01   9.9999969733927341e-01   5.9999999973938656e-01  -3.4356288263901194e-08   0.0000000000000000e+00   0.0000000000000000e+00
0054   2.0507812500000000e-01   9.9999972087698186e-01   5.9999999976018714e-01  -3.4611510721983960e-08   0.0000000000000000e+00   0.0000000000000000e+00
0055   2.0898437500000000e-01   9.9999974458280172e-01   5.9999999978109420e-01  -3.4845730130415929e-08   0.0000000000000000e+00   0.0000000000000000e+00
0056   2.1289062500000000e-01   9.9999976844241856e-01   5.9999999980208729e-01  -3.5058813026732697e-08   0.0000000000000000e+00   0.0000000000000000e+00
0057   2.1679687500000000e-01   9.9999979244148107e-01   5.9999999982314367e-01  -3.5250638756049366e-08   0.0000000000000000e+00   0.0000000000000000e+00
0058   2.2070312500000000e-01   9.9999981656544357e-01   5.9999999984424168e-01  -3.5421111352020430e-08   0.0000000000000000e+00   0.0000000000000000e+00
0059   2.2460937500000000e-01   9.9999984079984283e-01   5.9999999986532482e-01  -3.5570150040528080e-08   0.0000000000000000e+00   0.0000000000000000e+00
0060   2.2851562500000000e-01   9.9999986513004913e-01   5.9999999988638764e-01  -3.5697748413865591e-08   0.0000000000000000e+00   0.0000000000000000e+00
0061   2.3242187500000000e-01   9.9999988954115160e-01   5.9999999990718755e-01  -3.5803857168379401e-08   0.0000000000000000e+00   0.0000000000000000e+00
0062   2.3632812500000000e-01   9.9999991401889043e-01   5.9999999992816855e-01  -3.5888664073207400e-08   0.0000000000000000e+00   0.0000000000000000e+00
0063   2.4023437500000000e-01   9.9999993854679425e-01   5.9999999994756281e-01  -3.5951992433209549e-08   0.0000000000000000e+00   0.0000000000000000e+00
0064   2.4414062500000000e-01   9.9999996311500539e-01   5.9999999997024756e-01  -3.5994183204453934e-08   0.0000000000000000e+00   0.0000000000000000e+00
0065   2.4804687500000000e-01   9.9999998769393206e-01   5.9999999998147058e-01  -3.6015293934678450e-08   0.0000000000000000e+00   0.0000000000000000e+00
0066   2.5195312500000000e-01   1.0000000123061086e+00   6.0000000001853582e-01  -3.6015274986746237e-08   0.0000000000000000e+00   0.0000000000000000e+00
0067   2.5585937500000000e-01   1.0000000368850068e+00   6.0000000002975717e-01  -3.5994127484418317e-08   0.0000000000000000e+00   0.0000000000000000e+00
0068   2.5976562500000000e-01   1.0000000614532085e+00   6.0000000005244269e-01  -3.5951899803890562e-08   0.0000000000000000e+00   0.0000000000000000e+00
0069   2.6367187500000000e-01   1.0000000859811180e+00   6.0000000007183718e-01  -3.5888536083422530e-08   0.0000000000000000e+00   0.0000000000000000e+00
0070   2.6757812500000000e-01   1.0000001104588874e+00   6.0000000009281784e-01  -3.5803693959329226e-08   0.0000000000000000e+00   0.0000000000000000e+00
0071   2.7148437500000000e-01   1.0000001348699723e+00   6.0000000011361743e-01  -3.5697551588174589e-08   0.0000000000000000e+00   0.0000000000000000e+00
0072   2.7539062500000000e-01   1.0000001592001864e+00   6.0000000013468002e-01  -3.5569920501255597e-08   0.0000000000000000e+00   0.0000000000000000e+00
0073   2.7929687500000000e-01   1.0000001834345753e+00   6.0000000015576294e-01  -3.5420849898659537e-08   0.0000000000000000e+00   0.0000000000000000e+00
0074   2.8320312500000000e-01   1.0000002075585708e+00   6.0000000017686084e-01  -3.5250346419708385e-08   0.0000000000000000e+00   0.0000000000000000e+00
0075   2.8710937500000000e-01   1.0000002315576277e+00   6.0000000019791688e-01  -3.5058490771924848e-08   0.0000000000000000e+00   0.0000000000000000e+00
0076   2.9101562500000000e-01   1.0000002554171905e+00   6.0000000021890987e-01  -3.4845377848992151e-08   0.0000000000000000e+00   0.0000000000000000e+00
0077   2.9492187500000000e-01   1.0000002791230025e+00   6.0000000023981659e-01  -3.4611130064375986e-08   0.0000000000000000e+00   0.0000000000000000e+00
0078   2.9882812500000000e-01   1.0000003026607625e+00   6.0000000026061684e-01  -3.4355879248638890e-08   0.0000000000000000e+00   0.0000000000000000e+00
0079   3.0273437500000000e-01   1.0000003260161605e+00   6.0000000028128786e-01  -3.4079773925621731e-08   0.0000000000000000e+00   0.0000000000000000e+00
0080   3.0664062500000000e-01   1.0000003491752307e+00   6.0000000030180656e-01  -3.3782975456690910e-08   0.0000000000000000e+00   0.0000000000000000e+00
0081   3.1054687500000000e-01   1.0000003721240185e+00   6.0000000032215095e-01  -3.3465661680962660e-08   0.0000000000000000e+00   0.0000000000000000e+00
0082   3.1445312500000000e-01   1.0000003948486014e+00   6.0000000034230150e-01  -3.3128028141347782e-08   0.0000000000000000e+00   0.0000000000000000e+00
0083   3.1835937500000000e-01   1.0000004173353090e+00   6.0000000036223999e-01  -3.2770284921818419e-08   0.0000000000000000e+00   0.0000000000000000e+00
0084   3.2226562500000000e-01   1.0000004395706705e+00   6.0000000038195078e-01  -3.2392655876375529e-08   0.0000000000000000e+00   0.0000000000000000e+00
0085   3.2617187500000000e-01   1.0000004615412375e+00   6.0000000040141754e-01  -3.1995379951608225e-08   0.0000000000000000e+00   0.0000000000000000e+00
0086   3.3007812500000000e-01   1.0000004832337552e+00   6.0000000042062562e-01  -3.1578705698613627e-08   0.0000000000000000e+00   0.0000000000000000e+00
0087   3.3398437500000000e-01   1.0000005046351821e+00   6.0000000043956070e-01  -3.1142896484426020e-08   0.0000000000000000e+00   0.0000000000000000e+00
0088   3.3789062500000000e-01   1.0000005257325670e+00   6.0000000045820912e-01  -3.0688226098461031e-08   0.0000000000000000e+00   0.0000000000000000e+00
0089   3.4179687500000000e-01   1.0000005465132951e+00   6.0000000047655877e-01  -3.0214980699364674e-08   0.0000000000000000e+00   0.0000000000000000e+00
0090   3.4570312500000000e-01   1.0000005669647931e+00   6.0000000049459790e-01  -2.9723457490175519e-08   0.0000000000000000e+00   0.0000000000000000e+00
0091   3.4960937500000000e-01   1.0000005870747384e+00   6.0000000051231550e-01  -2.9213964368857700e-08   0.0000000000000000e+00   0.0000000000000000e+00
0092   3.5351562500000000e-01   1.0000006068310550e+00   6.0000000052970170e-01  -2.8686820554099582e-08   0.0000000000000000e+00   0.0000000000000000e+00
0093   3.5742187500000000e-01   1.0000006262218000e+00   6.0000000054674618e-01  -2.8142353566571456e-08   0.0000000000000000e+00   0.0000000000000000e+00
0094   3.6132812500000000e-01   1.0000006452352890e+00   6.0000000056344016e-01  -2.7580902363768453e-08   0.0000000000000000e+00   0.0000000000000000e+00
0095   3.6523437500000000e-01   1.0000006638601309e+00   6.0000000057977454e-01  -2.7002814259435032e-08   0.0000000000000000e+00   0.0000000000000000e+00
0096   3.6914062500000000e-01   1.0000006820850516e+00   6.0000000059574055e-01  -2.6408446170822875e-08   0.0000000000000000e+00   0.0000000000000000e+00
0097   3.7304687500000000e-01   1.0000006998991036e+00   6.0000000061133107e-01  -2.5798164679802537e-08   0.0000000000000000e+00   0.0000000000000000e+00
0098   3.7695312500000000e-01   1.0000007172915231e+00   6.0000000062653791e-01  -2.5172343827291550e-08   0.0000000000000000e+00   0.0000000000000000e+00
0099   3.8085937500000000e-01   1.0000007342519042e+00   6.0000000064135384e-01  -2.4531367011600733e-08   0.0000000000000000e+00   0.0000000000000000e+00
0100   3.8476562500000000e-01   1.0000007507699655e+00   6.0000000065577175e-01  -2.3875625315882287e-08   0.0000000000000000e+00   0.0000000000000000e+00
0101   3.8867187500000000e-01   1.0000007668357465e+00   6.0000000066978487e-01  -2.3205517852900756e-08   0.0000000000000000e+00   0.0000000000000000e+00
0102   3.9257812500000000e-01   1.0000007824396639e+00   6.0000000068338610e-01  -2.2521451928896235e-08   0.0000000000000000e+00   0.0000000000000000e+00
0103   3.9648437500000000e-01   1.0000007975721736e+00   6.0000000069656934e-01  -2.1823841759718610e-08   0.0000000000000000e+00   0.0000000000000000e+00
0104   4.0039062500000000e-01   1.0000008122243069e+00   6.0000000070932813e-01  -2.1113110246995384e-08   0.0000000000000000e+00   0.0000000000000000e+00
0105   4.0429687500000000e-01   1.0000008263871969e+00   6.0000000072165582e-01  -2.0389685841496480e-08   0.0000000000000000e+00   0.0000000000000000e+00
0106   4.0820312500000000e-01   1.0000008400522944e+00   6.0000000073354676e-01  -1.9654005148653455e-08   0.0000000000000000e+00   0.0000000000000000e+00
0107   4.1210937500000000e-01   1.0000008532113760e+00   6.0000000074499460e-01  -1.8906511626853083e-08   0.0000000000000000e+00   0.0000000000000000e+00
0108   4.1601562500000000e-01   1.0000008658565003e+00   6.0000000075599347e-01  -1.8147654774524532e-08   0.0000000000000000e+00   0.0000000000000000e+00
0109   4.1992187500000000e-01   1.0000008779800986e+00   6.0000000076653759e-01  -1.7377891594131879e-08   0.0000000000000000e+00   0.0000000000000000e+00
0110   4.2382812500000000e-01   1.0000008895748096e+00   6.0000000077662152e-01  -1.6597683515112372e-08   0.0000000000000000e+00   0.0000000000000000e+00
0111   4.2773437500000000e-01   1.0000009006336659e+00   6.0000000078623972e-01  -1.5807499952307232e-08   0.0000000000000000e+00   0.0000000000000000e+00
0112   4.3164062500000000e-01   1.0000009111499959e+00   6.0000000079538718e-01  -1.5007814528823237e-08   0.0000000000000000e+00   0.0000000000000000e+00
0113   4.3554687500000000e-01   1.0000009211175240e+00   6.0000000080405791e-01  -1.4199108045819801e-08   0.0000000000000000e+00   0.0000000000000000e+00
0114   4.3945312500000000e-01   1.0000009305302131e+00   6.0000000081224769e-01  -1.3381865047770248e-08   0.0000000000000000e+00   0.0000000000000000e+00
0115   4.4335937500000000e-01   1.0000009393823930e+00   6.0000000081995142e-01  -1.2556576873514747e-08   0.0000000000000000e+00   0.0000000000000000e+00
0116   4.4726562500000000e-01   1.0000009476686889e+00   6.0000000082716465e-01  -1.1723737818105644e-08   0.0000000000000000e+00   0.0000000000000000e+00
0117   4.5117187500000000e-01   1.0000009553842031e+00   6.0000000083388327e-01  -1.0883847966368927e-08   0.0000000000000000e+00   0.0000000000000000e+00
0118   4.5507812500000000e-01   1.0000009625241939e+00   6.0000000084010296e-01  -1.0037412117361707e-08   0.0000000000000000e+00   0.0000000000000000e+00
0119   4.5898437500000000e-01   1.0000009690843763e+00   6.0000000084581950e-01  -9.1849380407952832e-09   0.0000000000000000e+00   0.0000000000000000e+00
0120   4.6289062500000000e-01   1.0000009750608818e+00   6.0000000085102978e-01  -8.3269373437452090e-09   0.0000000000000000e+00   0.0000000000000000e+00
0121   4.6679687500000000e-01   1.0000009804500161e+00   6.0000000085573035e-01  -7.4639263395624832e-09   0.0000000000000000e+00   0.0000000000000000e+00
0122   4.7070312500000000e-01   1.0000009852485563e+00   6.0000000085991856e-01  -6.5964234540140314e-09   0.0000000000000000e+00   0.0000000000000000e+00
0123   4.7460937500000000e-01   1.0000009894536370e+00   6.0000000086359151e-01  -5.7249491666218084e-09   0.0000000000000000e+00   0.0000000000000000e+00
0124   4.7851562500000000e-01   1.0000009930627147e+00   6.0000000086674798e-01  -4.8500331068012165e-09   0.0000000000000000e+00   0.0000000000000000e+00
0125   4.8242187500000000e-01   1.0000009960735758e+00   6.0000000086938521e-01  -3.9721828896117236e-09   0.0000000000000000e+00   0.0000000000000000e+00
0126   4.8632812500000000e-01   1.0000009984844951e+00   6.0000000087150041e-01  -3.0919827523132899e-09   0.0000000000000000e+00   0.0000000000000000e+00
0127   4.9023437500000000e-01   1.0000010002939734e+00   6.0000000087311400e-01  -2.2098011541822139e-09   0.0000000000000000e+00   0.0000000000000000e+00
0128   4.9414062500000000e-01   1.0000010015008591e+00   6.0000000087415040e-01  -1.3265881862253717e-09   0.0000000000000000e+00   0.0000000000000000e+00
0129   4.9804687500000000e-01   1.0000010021046091e+00   6.0000000087483907e-01  -4.4186549089838087e-10   0.0000000000000000e+00   0.0000000000000000e+00
0130   5.0195312500000000e-01   1.0000010021045957e+00   6.0000000087483929e-01   4.4186221238946762e-10   0.0000000000000000e+00   0.0000000000000000e+00
0131   5.0585937500000000e-01   1.0000010015008747e+00   6.0000000087415062e-01   1.3265847959491992e-09   0.0000000000000000e+00   0.0000000000000000e+00
0132   5.0976562500000000e-01   1.0000010002939457e+00   6.0000000087311445e-01   2.2097979874406547e-09   0.0000000000000000e+00   0.0000000000000000e+00
0133   5.1367187500000000e-01   1.0000009984844658e+00   6.0000000087150096e-01   3.0919792502699608e-09   0.0000000000000000e+00   0.0000000000000000e+00
0134   5.1757812500000000e-01   1.0000009960735912e+00   6.0000000086938610e-01   3.9721792012894902e-09   0.0000000000000000e+00   0.0000000000000000e+00
0135   5.2148437500000000e-01   1.0000009930626830e+00   6.0000000086674865e-01   4.8500300145711406e-09   0.0000000000000000e+00   0.0000000000000000e+00
0136   5.2539062500000000e-01   1.0000009894536073e+00   6.0000000086359206e-01   5.7249459998802442e-09   0.0000000000000000e+00   0.0000000000000000e+00
0137   5.2929687500000000e-01   1.0000009852485439e+00   6.0000000085991900e-01   6.5964207715971921e-09   0.0000000000000000e+00   0.0000000000000000e+00
0138   5.3320312500000000e-01   1.0000009804499974e+00   6.0000000085573080e-01   7.4639238434243918e-09   0.0000000000000000e+00   0.0000000000000000e+00
0139   5.3710937500000000e-01   1.0000009750608689e+00   6.0000000085103011e-01   8.3269355927220465e-09   0.0000000000000000e+00   0.0000000000000000e+00
0140   5.4101562500000000e-01   1.0000009690843794e+00   6.0000000084581995e-01   9.1849363642836005e-09   0.0000000000000000e+00   0.0000000000000000e+00
0141   5.4492187500000000e-01   1.0000009625241755e+00   6.0000000084010341e-01   1.0037411074198107e-08   0.0000000000000000e+00   0.0000000000000000e+00
0142   5.4882812500000000e-01   1.0000009553841807e+00   6.0000000083388372e-01   1.0883847631064468e-08   0.0000000000000000e+00   0.0000000000000000e+00
0143   5.5273437500000000e-01   1.0000009476687099e+00   6.0000000082716531e-01   1.1723737855358672e-08   0.0000000000000000e+00   0.0000000000000000e+00
0144   5.5664062500000000e-01   1.0000009393823854e+00   6.0000000081995186e-01   1.2556577134302132e-08   0.0000000000000000e+00   0.0000000000000000e+00
0145   5.6054687500000000e-01   1.0000009305302107e+00   6.0000000081224802e-01   1.3381865755627106e-08   0.0000000000000000e+00   0.0000000000000000e+00
0146   5.6445312500000000e-01   1.0000009211175482e+00   6.0000000080405835e-01   1.4199108530141499e-08   0.0000000000000000e+00   0.0000000000000000e+00
0147   5.6835937500000000e-01   1.0000009111500074e+00   6.0000000079538718e-01   1.5007815273935526e-08   0.0000000000000000e+00   0.0000000000000000e+00
0148   5.7226562500000000e-01   1.0000009006336534e+00   6.0000000078624016e-01   1.5807500362117842e-08   0.0000000000000000e+00   0.0000000000000000e+00
0149   5.7617187500000000e-01   1.0000008895747452e+00   6.0000000077662186e-01   1.6597684185714471e-08   0.0000000000000000e+00   0.0000000000000000e+00
0150   5.8007812500000000e-01   1.0000008779800897e+00   6.0000000076653781e-01   1.7377892190221508e-08   0.0000000000000000e+00   0.0000000000000000e+00
0151   5.8398437500000000e-01   1.0000008658564725e+00   6.0000000075599369e-01   1.8147655631404809e-08   0.0000000000000000e+00   0.0000000000000000e+00
0152   5.8789062500000000e-01   1.0000008532113713e+00   6.0000000074499460e-01   1.8906512558244669e-08   0.0000000000000000e+00   0.0000000000000000e+00
0153   5.9179687500000000e-01   1.0000008400522888e+00   6.0000000073354676e-01   1.9654006154556501e-08   0.0000000000000000e+00   0.0000000000000000e+00
0154   5.9570312500000000e-01   1.0000008263871676e+00   6.0000000072165582e-01   2.0389686586609602e-08   0.0000000000000000e+00   0.0000000000000000e+00
0155   5.9960937500000000e-01   1.0000008122243209e+00   6.0000000070932791e-01   2.1113111103874748e-08   0.0000000000000000e+00   0.0000000000000000e+00
0156   6.0351562500000000e-01   1.0000007975722061e+00   6.0000000069656922e-01   2.1823842728364938e-08   0.0000000000000000e+00   0.0000000000000000e+00
0157   6.0742187500000000e-01   1.0000007824396118e+00   6.0000000068338577e-01   2.2521452450475622e-08   0.0000000000000000e+00   0.0000000000000000e+00
0158   6.1132812500000000e-01   1.0000007668357485e+00   6.0000000066978421e-01   2.3205518523501984e-08   0.0000000000000000e+00   0.0000000000000000e+00
0159   6.1523437500000000e-01   1.0000007507699396e+00   6.0000000065577108e-01   2.3875625539415454e-08   0.0000000000000000e+00   0.0000000000000000e+00
0160   6.1914062500000000e-01   1.0000007342518789e+00   6.0000000064135295e-01   2.4531366974342847e-08   0.0000000000000000e+00   0.0000000000000000e+00
0161   6.2304687500000000e-01   1.0000007172915328e+00   6.0000000062653680e-01   2.5172343380220066e-08   0.0000000000000000e+00   0.0000000000000000e+00
0162   6.2695312500000000e-01   1.0000006998991013e+00   6.0000000061132985e-01   2.5798163897429389e-08   0.0000000000000000e+00   0.0000000000000000e+00
0163   6.3085937500000000e-01   1.0000006820850778e+00   6.0000000059573932e-01   2.6408445127658744e-08   0.0000000000000000e+00   0.0000000000000000e+00
0164   6.3476562500000000e-01   1.0000006638601522e+00   6.0000000057977265e-01   2.7002812433899943e-08   0.0000000000000000e+00   0.0000000000000000e+00
0165   6.3867187500000000e-01   1.0000006452353085e+00   6.0000000056343827e-01   2.7580900612745191e-08   0.0000000000000000e+00   0.0000000000000000e+00
0166   6.4257812500000000e-01   1.0000006262217824e+00   6.0000000054674441e-01   2.8142351517503164e-08   0.0000000000000000e+00   0.0000000000000000e+00
0167   6.4648437500000000e-01   1.0000006068310558e+00   6.0000000052969971e-01   2.8686818244239987e-08   0.0000000000000000e+00   0.0000000000000000e+00
0168   6.5039062500000000e-01   1.0000005870747497e+00   6.0000000051231372e-01   2.9213962245276353e-08   0.0000000000000000e+00   0.0000000000000000e+00
0169   6.5429687500000000e-01   1.0000005669648055e+00   6.0000000049459623e-01   2.9723454919525236e-08   0.0000000000000000e+00   0.0000000000000000e+00
0170   6.5820312500000000e-01   1.0000005465133062e+00   6.0000000047655755e-01   3.0214978016946935e-08   0.0000000000000000e+00   0.0000000000000000e+00
0171   6.6210937500000000e-01   1.0000005257325921e+00   6.0000000045820834e-01   3.0688223788600947e-08   0.0000000000000000e+00   0.0000000000000000e+00
0172   6.6601562500000000e-01   1.0000005046351721e+00   6.0000000043956003e-01   3.1142893802008896e-08   0.0000000000000000e+00   0.0000000000000000e+00
0173   6.6992187500000000e-01   1.0000004832337510e+00   6.0000000042062529e-01   3.1578703239731608e-08   0.0000000000000000e+00   0.0000000000000000e+00
0174   6.7382812500000000e-01   1.0000004615412235e+00   6.0000000040141754e-01   3.1995377194679922e-08   0.0000000000000000e+00   0.0000000000000000e+00
0175   6.7773437500000000e-01   1.0000004395706648e+00   6.0000000038195089e-01   3.2392653417493252e-08   0.0000000000000000e+00   0.0000000000000000e+00
0176   6.8164062500000000e-01   1.0000004173353236e+00   6.0000000036224055e-01   3.2770282053122484e-08   0.0000000000000000e+00   0.0000000000000000e+00
0177   6.8554687500000000e-01   1.0000003948485718e+00   6.0000000034230172e-01   3.3128025421676144e-08   0.0000000000000000e+00   0.0000000000000000e+00
0178   6.8945312500000000e-01   1.0000003721239956e+00   6.0000000032215128e-01   3.3465658961290757e-08   0.0000000000000000e+00   0.0000000000000000e+00
0179   6.9335937500000000e-01   1.0000003491752503e+00   6.0000000030180678e-01   3.3782972140924812e-08   0.0000000000000000e+00   0.0000000000000000e+00
0180   6.9726562500000000e-01   1.0000003260161621e+00   6.0000000028128808e-01   3.4079770907902347e-08   0.0000000000000000e+00   0.0000000000000000e+00
0181   7.0117187500000000e-01   1.0000003026607547e+00   6.0000000026061717e-01   3.4355876715245341e-08   0.0000000000000000e+00   0.0000000000000000e+00
0182   7.0507812500000000e-01   1.0000002791230360e+00   6.0000000023981737e-01   3.4611127270190827e-08   0.0000000000000000e+00   0.0000000000000000e+00
0183   7.0898437500000000e-01   1.0000002554172247e+00   6.0000000021891065e-01   3.4845375837178787e-08   0.0000000000000000e+00   0.0000000000000000e+00
0184   7.1289062500000000e-01   1.0000002315576135e+00   6.0000000019791777e-01   3.5058488387554206e-08   0.0000000000000000e+00   0.0000000000000000e+00
0185   7.1679687500000000e-01   1.0000002075585857e+00   6.0000000017686173e-01   3.5250344519662302e-08   0.0000000000000000e+00   0.0000000000000000e+00
0186   7.2070312500000000e-01   1.0000001834345820e+00   6.0000000015576371e-01   3.5420848147636798e-08   0.0000000000000000e+00   0.0000000000000000e+00
0187   7.2460937500000000e-01   1.0000001592001717e+00   6.0000000013468080e-01   3.5569919011024601e-08   0.0000000000000000e+00   0.0000000000000000e+00
0188   7.2851562500000000e-01   1.0000001348699987e+00   6.0000000011361787e-01   3.5697550246965593e-08   0.0000000000000000e+00   0.0000000000000000e+00
0189   7.3242187500000000e-01   1.0000001104588749e+00   6.0000000009281795e-01   3.5803692878911808e-08   0.0000000000000000e+00   0.0000000000000000e+00
0190   7.3632812500000000e-01   1.0000000859811504e+00   6.0000000007183696e-01   3.5888535263794414e-08   0.0000000000000000e+00   0.0000000000000000e+00
0191   7.4023437500000000e-01   1.0000000614532161e+00   6.0000000005244281e-01   3.5951899654866636e-08   0.0000000000000000e+00   0.0000000000000000e+00
0192   7.4414062500000000e-01   1.0000000368850119e+00   6.0000000002975706e-01   3.5994127074603984e-08   0.0000000000000000e+00   0.0000000000000000e+00
0193   7.4804687500000000e-01   1.0000000123061181e+00   6.0000000001853515e-01   3.6015275284792263e-08   0.0000000000000000e+00   0.0000000000000000e+00
0194   7.5195312500000000e-01   9.9999998769394871e-01   5.9999999998146980e-01   3.6015294568026769e-08   0.0000000000000000e+00   0.0000000000000000e+00
0195   7.5585937500000000e-01   9.9999996311499140e-01   5.9999999997024633e-01   3.5994183763290625e-08   0.0000000000000000e+00   0.0000000000000000e+00
0196   7.5976562500000000e-01   9.9999993854678781e-01   5.9999999994756126e-01   3.5951992805767369e-08   0.0000000000000000e+00   0.0000000000000000e+00
0197   7.6367187500000000e-01   9.9999991401888089e-01   5.9999999992816655e-01   3.5888664520277623e-08   0.0000000000000000e+00   0.0000000000000000e+00
0198   7.6757812500000000e-01   9.9999988954112806e-01   5.9999999990718578e-01   3.5803857391915499e-08   0.0000000000000000e+00   0.0000000000000000e+00
0199   7.7148437500000000e-01   9.9999986513004657e-01   5.9999999988638586e-01   3.5697748525633474e-08   0.0000000000000000e+00   0.0000000000000000e+00
0200   7.7539062500000000e-01   9.9999984079984994e-01   5.9999999986532293e-01   3.5570150785643422e-08   0.0000000000000000e+00   0.0000000000000000e+00
0201   7.7929687500000000e-01   9.9999981656545900e-01   5.9999999984423991e-01   3.5421111687322313e-08   0.0000000000000000e+00   0.0000000000000000e+00
0202   7.8320312500000000e-01   9.9999979244147230e-01   5.9999999982314189e-01   3.5250639091352275e-08   0.0000000000000000e+00   0.0000000000000000e+00
0203   7.8710937500000000e-01   9.9999976844243166e-01   5.9999999980208552e-01   3.5058813473802927e-08   0.0000000000000000e+00   0.0000000000000000e+00
0204   7.9101562500000000e-01   9.9999974458279095e-01   5.9999999978109231e-01   3.4845730502974543e-08   0.0000000000000000e+00   0.0000000000000000e+00
0205   7.9492187500000000e-01   9.9999972087697442e-01   5.9999999976018525e-01   3.4611511094542680e-08   0.0000000000000000e+00   0.0000000000000000e+00
0206   7.9882812500000000e-01   9.9999969733927174e-01   5.9999999973938467e-01   3.4356288636459735e-08   0.0000000000000000e+00   0.0000000000000000e+00
0207   8.0273437500000000e-01   9.9999967398383338e-01   5.9999999971871310e-01   3.4080210378733192e-08   0.0000000000000000e+00   0.0000000000000000e+00
0208   8.0664062500000000e-01   9.9999965082476927e-01   5.9999999969819340e-01   3.3783438197424321e-08   0.0000000000000000e+00   0.0000000000000000e+00
0209   8.1054687500000000e-01   9.9999962787601115e-01   5.9999999967784790e-01   3.3466150148554953e-08   0.0000000000000000e+00   0.0000000000000000e+00
0210   8.1445312500000000e-01   9.9999960515143493e-01   5.9999999965769635e-01   3.3128540911796839e-08   0.0000000000000000e+00   0.0000000000000000e+00
0211   8.1835937500000000e-01   9.9999958266469258e-01   5.9999999963775652e-01   3.2770820825855785e-08   0.0000000000000000e+00   0.0000000000000000e+00
0212   8.2226562500000000e-01   9.9999956042934379e-01   5.9999999961804495e-01   3.2393214148794519e-08   0.0000000000000000e+00   0.0000000000000000e+00
0213   8.2617187500000000e-01   9.9999953845879419e-01   5.9999999959857686e-01   3.1995958741353044e-08   0.0000000000000000e+00   0.0000000000000000e+00
0214   8.3007812500000000e-01   9.9999951676625654e-01   5.9999999957936723e-01   3.1579304118182185e-08   0.0000000000000000e+00   0.0000000000000000e+00
0215   8.3398437500000000e-01   9.9999949536486377e-01   5.9999999956043093e-01   3.1143512672908557e-08   0.0000000000000000e+00   0.0000000000000000e+00
0216   8.3789062500000000e-01   9.9999947426742297e-01   5.9999999954178118e-01   3.0688858823904950e-08   0.0000000000000000e+00   0.0000000000000000e+00
0217   8.4179687500000000e-01   9.9999945348670105e-01   5.9999999952342997e-01   3.0215628166952184e-08   0.0000000000000000e+00   0.0000000000000000e+00
0218   8.4570312500000000e-01   9.9999943303522265e-01   5.9999999950538896e-01   2.9724118124973557e-08   0.0000000000000000e+00   0.0000000000000000e+00
0219   8.4960937500000000e-01   9.9999941292524686e-01   5.9999999948766913e-01   2.9214637076992817e-08   0.0000000000000000e+00   0.0000000000000000e+00
0220   8.5351562500000000e-01   9.9999939316895536e-01   5.9999999947028160e-01   2.8687502972130746e-08   0.0000000000000000e+00   0.0000000000000000e+00
0221   8.5742187500000000e-01   9.9999937377819081e-01   5.9999999945323557e-01   2.8143044558026169e-08   0.0000000000000000e+00   0.0000000000000000e+00
0222   8.6132812500000000e-01   9.9999935476469393e-01   5.9999999943654025e-01   2.7581600119501350e-08   0.0000000000000000e+00   0.0000000000000000e+00
0223   8.6523437500000000e-01   9.9999933613985914e-01   5.9999999942020465e-01   2.7003517452971740e-08   0.0000000000000000e+00   0.0000000000000000e+00
0224   8.6914062500000000e-01   9.9999931791493790e-01   5.9999999940423665e-01   2.6409153027373174e-08   0.0000000000000000e+00   0.0000000000000000e+00
0225   8.7304687500000000e-01   9.9999930010090399e-01   5.9999999938864490e-01   2.5798873796309257e-08   0.0000000000000000e+00   0.0000000000000000e+00
0226   8.7695312500000000e-01   9.9999928270847160e-01   5.9999999937343673e-01   2.5173053614008499e-08   0.0000000000000000e+00   0.0000000000000000e+00
0227   8.8085937500000000e-01   9.9999926574810494e-01   5.9999999935861947e-01   2.4532075618003264e-08   0.0000000000000000e+00   0.0000000000000000e+00
0228   8.8476562500000000e-01   9.9999924923007011e-01   5.9999999934420012e-01   2.3876331264429622e-08   0.0000000000000000e+00   0.0000000000000000e+00
0229   8.8867187500000000e-01   9.9999923316424788e-01   5.9999999933018577e-01   2.3206219443365126e-08   0.0000000000000000e+00   0.0000000000000000e+00
0230   8.9257812500000000e-01   9.9999921756038279e-01   5.9999999931658332e-01   2.2522147611334964e-08   0.0000000000000000e+00   0.0000000000000000e+00
0231   8.9648437500000000e-01   9.9999920242781792e-01   5.9999999930339876e-01   2.1824530060371129e-08   0.0000000000000000e+00   0.0000000000000000e+00
0232   9.0039062500000000e-01   9.9999918777567076e-01   5.9999999929063885e-01   2.1113789805954614e-08   0.0000000000000000e+00   0.0000000000000000e+00
0233   9.0429687500000000e-01   9.9999917361280921e-01   5.9999999927830983e-01   2.0390354928779842e-08   0.0000000000000000e+00   0.0000000000000000e+00
0234   9.0820312500000000e-01   9.9999915994770650e-01   5.9999999926641789e-01   1.9654662856788673e-08   0.0000000000000000e+00   0.0000000000000000e+00
0235   9.1210937500000000e-01   9.9999914678860169e-01   5.9999999925496894e-01   1.8907156120245100e-08   0.0000000000000000e+00   0.0000000000000000e+00
0236   9.1601562500000000e-01   9.9999913414347308e-01   5.9999999924396874e-01   1.8148285115370106e-08   0.0000000000000000e+00   0.0000000000000000e+00
0237   9.1992187500000000e-01   9.9999912201992913e-01   5.9999999923342295e-01   1.7378505470194041e-08   0.0000000000000000e+00   0.0000000000000000e+00
0238   9.2382812500000000e-01   9.9999911042521550e-01   5.9999999922333724e-01   1.6598280108776839e-08   0.0000000000000000e+00   0.0000000000000000e+00
0239   9.2773437500000000e-01   9.9999909936634568e-01   5.9999999921371738e-01   1.5808077221263769e-08   0.0000000000000000e+00   0.0000000000000000e+00
0240   9.3164062500000000e-01   9.9999908884997479e-01   5.9999999920456848e-01   1.5008371143708980e-08   0.0000000000000000e+00   0.0000000000000000e+00
0241   9.3554687500000000e-01   9.9999907888244033e-01   5.9999999919589586e-01   1.4199642198366040e-08   0.0000000000000000e+00   0.0000000000000000e+00
0242   9.3945312500000000e-01   9.9999906946976913e-01   5.9999999918770441e-01   1.3382375158976581e-08   0.0000000000000000e+00   0.0000000000000000e+00
0243   9.4335937500000000e-01   9.9999906061762145e-01   5.9999999917999880e-01   1.2557061109628985e-08   0.0000000000000000e+00   0.0000000000000000e+00
0244   9.4726562500000000e-01   9.9999905233127939e-01   5.9999999917278379e-01   1.1724194985050963e-08   0.0000000000000000e+00   0.0000000000000000e+00
0245   9.5117187500000000e-01   9.9999904461579758e-01   5.9999999916606372e-01   1.0884276764901619e-08   0.0000000000000000e+00   0.0000000000000000e+00
0246   9.5507812500000000e-01   9.9999903747581409e-01   5.9999999915984248e-01   1.0037810808027872e-08   0.0000000000000000e+00   0.0000000000000000e+00
0247   9.5898437500000000e-01   9.9999903091558051e-01   5.9999999915412405e-01   9.1853057481246011e-09   0.0000000000000000e+00   0.0000000000000000e+00
0248   9.6289062500000000e-01   9.9999902493912829e-01   5.9999999914891200e-01   8.3272731250798549e-09   0.0000000000000000e+00   0.0000000000000000e+00
0249   9.6679687500000000e-01   9.9999901954998127e-01   5.9999999914420987e-01   7.4642288127070427e-09   0.0000000000000000e+00   0.0000000000000000e+00
0250   9.7070312500000000e-01   9.9999901475142228e-01   5.9999999914001978e-01   6.5966922876561349e-09   0.0000000000000000e+00   0.0000000000000000e+00
0251   9.7460937500000000e-01   9.9999901054632656e-01   5.9999999913634505e-01   5.7251830314302399e-09   0.0000000000000000e+00   0.0000000000000000e+00
0252   9.7851562500000000e-01   9.9999900693727151e-01   5.9999999913318736e-01   4.8502316874042981e-09   0.0000000000000000e+00   0.0000000000000000e+00
0253   9.8242187500000000e-01   9.9999900392636876e-01   5.9999999913054869e-01   3.9723454689599094e-09   0.0000000000000000e+00   0.0000000000000000e+00
0254   9.8632812500000000e-01   9.9999900151546028e-01   5.9999999912843305e-01   3.0921095531497630e-09   0.0000000000000000e+00   0.0000000000000000e+00
0255   9.9023437500000000e-01   9.9999899970599693e-01   5.9999999912681889e-01   2.2098916249329092e-09   0.0000000000000000e+00   0.0000000000000000e+00
0256   9.9414062500000000e-01   9.9999899849911900e-01   5.9999999912578195e-01   1.3266420453945753e-09   0.0000000000000000e+00   0.0000000000000000e+00
0257   9.9804687500000000e-01   9.9999899789533353e-01   5.9999999912509316e-01   4.4188328309620198e-10   0.0000000000000000e+00   0.0000000000000000e+00
