# Athena++ data at time=1.147519e+02  cycle=58753  variables=prim 
# i       x1v         rho          press          vel1         vel2         vel3     
0002   1.9531250000000000e-03   9.9999903479830454e-01   6.0000003602809426e-01  -1.8542937327818970e-11   0.0000000000000000e+00   0.0000000000000000e+00
0003   5.8593750000000000e-03   9.9999903538024171e-01   6.0000003600694840e-01  -2.9712245254811466e-11   0.0000000000000000e+00   0.0000000000000000e+00
0004   9.7656250000000000e-03   9.9999903654383426e-01   6.0000003596470108e-01  -5.2380542229389521e-11   0.0000000000000000e+00   0.0000000000000000e+00
0005   1.3671875000000000e-02   9.9999903828831116e-01   6.0000003590129847e-01  -7.1746934356924232e-11   0.0000000000000000e+00   0.0000000000000000e+00
0006   1.7578125000000000e-02   9.9999904061218381e-01   6.0000003581639894e-01  -9.2703371764134588e-11   0.0000000000000000e+00   0.0000000000000000e+00
0007   2.1484375000000000e-02   9.9999904351422242e-01   6.0000003571018146e-01  -1.1347777575764509e-10   0.0000000000000000e+00   0.0000000000000000e+00
0008   2.5390625000000000e-02   9.9999904699241848e-01   6.0000003558245862e-01  -1.3451427501519006e-10   0.0000000000000000e+00   0.0000000000000000e+00
0009   2.9296875000000000e-02   9.9999905104464537e-01   6.0000003543328029e-01  -1.5556998800961179e-10   0.0000000000000000e+00   0.0000000000000000e+00
0010   3.3203125000000000e-02   9.9999905566839953e-01   6.0000003526265422e-01  -1.7663917042635597e-10   0.0000000000000000e+00   0.0000000000000000e+00
0011   3.7109375000000000e-02   9.9999906086084123e-01   6.0000003507066191e-01  -1.9766442646596847e-10   0.0000000000000000e+00   0.0000000000000000e+00
0012   4.1015625000000000e-02   9.9999906661884408e-01   6.0000003485740050e-01  -2.1862398170938839e-10   0.0000000000000000e+00   0.0000000000000000e+00
0013   4.4921875000000000e-02   9.9999907293892243e-01   6.0000003462299223e-01  -2.3949444871380595e-10   0.0000000000000000e+00   0.0000000000000000e+00
0014   4.8828125000000000e-02   9.9999907981728675e-01   6.0000003436757188e-01  -2.6025554446962151e-10   0.0000000000000000e+00   0.0000000000000000e+00
0015   5.2734375000000000e-02   9.9999908724975894e-01   6.0000003409128799e-01  -2.8088493708387427e-10   0.0000000000000000e+00   0.0000000000000000e+00
0016   5.6640625000000000e-02   9.9999909523187913e-01   6.0000003379430400e-01  -3.0135898108081553e-10   0.0000000000000000e+00   0.0000000000000000e+00
0017   6.0546875000000000e-02   9.9999910375882739e-01   6.0000003347679953e-01  -3.2165651006295306e-10   0.0000000000000000e+00   0.0000000000000000e+00
0018   6.4453125000000000e-02   9.9999911282548293e-01   6.0000003313897066e-01  -3.4175771417537871e-10   0.0000000000000000e+00   0.0000000000000000e+00
0019   6.8359375000000000e-02   9.9999912242639810e-01   6.0000003278102831e-01  -3.6164480859721974e-10   0.0000000000000000e+00   0.0000000000000000e+00
0020   7.2265625000000000e-02   9.9999913255580430e-01   6.0000003240319844e-01  -3.8130199710631241e-10   0.0000000000000000e+00   0.0000000000000000e+00
0021   7.6171875000000000e-02   9.9999914320755789e-01   6.0000003200571994e-01  -4.0071420931240228e-10   0.0000000000000000e+00   0.0000000000000000e+00
0022   8.0078125000000000e-02   9.9999915437531772e-01   6.0000003158884330e-01  -4.1986632550162573e-10   0.0000000000000000e+00   0.0000000000000000e+00
0023   8.3984375000000000e-02   9.9999916605233719e-01   6.0000003115283185e-01  -4.3874486383352307e-10   0.0000000000000000e+00   0.0000000000000000e+00
0024   8.7890625000000000e-02   9.9999917823159301e-01   6.0000003069796037e-01  -4.5733665344575791e-10   0.0000000000000000e+00   0.0000000000000000e+00
0025   9.1796875000000000e-02   9.9999919090576350e-01   6.0000003022451553e-01  -4.7562993299923131e-10   0.0000000000000000e+00   0.0000000000000000e+00
0026   9.5703125000000000e-02   9.9999920406724729e-01   6.0000002973279487e-01  -4.9361347863797258e-10   0.0000000000000000e+00   0.0000000000000000e+00
0027   9.9609375000000000e-02   9.9999921770812117e-01   6.0000002922310680e-01  -5.1127644395576637e-10   0.0000000000000000e+00   0.0000000000000000e+00
0028   1.0351562500000000e-01   9.9999923182017647e-01   6.0000002869576985e-01  -5.2860921016869221e-10   0.0000000000000000e+00   0.0000000000000000e+00
0029   1.0742187500000000e-01   9.9999924639489068e-01   6.0000002815111242e-01  -5.4560219169006192e-10   0.0000000000000000e+00   0.0000000000000000e+00
0030   1.1132812500000000e-01   9.9999926142353268e-01   6.0000002758947235e-01  -5.6224650911931214e-10   0.0000000000000000e+00   0.0000000000000000e+00
0031   1.1523437500000000e-01   9.9999927689705981e-01   6.0000002701119726e-01  -5.7853328854614543e-10   0.0000000000000000e+00   0.0000000000000000e+00
0032   1.1914062500000000e-01   9.9999929280613753e-01   6.0000002641664407e-01  -5.9445460504479058e-10   0.0000000000000000e+00   0.0000000000000000e+00
0033   1.2304687500000000e-01   9.9999930914121093e-01   6.0000002580617806e-01  -6.1000279199722861e-10   0.0000000000000000e+00   0.0000000000000000e+00
0034   1.2695312500000000e-01   9.9999932589243268e-01   6.0000002518017304e-01  -6.2517038899025587e-10   0.0000000000000000e+00   0.0000000000000000e+00
0035   1.3085937500000000e-01   9.9999934304972737e-01   6.0000002453901169e-01  -6.3995009509386986e-10   0.0000000000000000e+00   0.0000000000000000e+00
0036   1.3476562500000000e-01   9.9999936060275996e-01   6.0000002388308482e-01  -6.5433472764984798e-10   0.0000000000000000e+00   0.0000000000000000e+00
0037   1.3867187500000000e-01   9.9999937854095111e-01   6.0000002321279067e-01  -6.6831752201078781e-10   0.0000000000000000e+00   0.0000000000000000e+00
0038   1.4257812500000000e-01   9.9999939685352024e-01   6.0000002252853635e-01  -6.8189213902476174e-10   0.0000000000000000e+00   0.0000000000000000e+00
0039   1.4648437500000000e-01   9.9999941552941940e-01   6.0000002183073486e-01  -6.9505096466105970e-10   0.0000000000000000e+00   0.0000000000000000e+00
0040   1.5039062500000000e-01   9.9999943455741946e-01   6.0000002111980866e-01  -7.0778833344752056e-10   0.0000000000000000e+00   0.0000000000000000e+00
0041   1.5429687500000000e-01   9.9999945392603617e-01   6.0000002039618605e-01  -7.2009757360718664e-10   0.0000000000000000e+00   0.0000000000000000e+00
0042   1.5820312500000000e-01   9.9999947362358466e-01   6.0000001966030292e-01  -7.3197271545472921e-10   0.0000000000000000e+00   0.0000000000000000e+00
0043   1.6210937500000000e-01   9.9999949363825646e-01   6.0000001891260191e-01  -7.4340785907455116e-10   0.0000000000000000e+00   0.0000000000000000e+00
0044   1.6601562500000000e-01   9.9999951395797493e-01   6.0000001815353265e-01  -7.5439636223381822e-10   0.0000000000000000e+00   0.0000000000000000e+00
0045   1.6992187500000000e-01   9.9999953457047763e-01   6.0000001738355102e-01  -7.6493271733110070e-10   0.0000000000000000e+00   0.0000000000000000e+00
0046   1.7382812500000000e-01   9.9999955546335217e-01   6.0000001660311886e-01  -7.7501104478547815e-10   0.0000000000000000e+00   0.0000000000000000e+00
0047   1.7773437500000000e-01   9.9999957662403105e-01   6.0000001581270479e-01  -7.8462597762218226e-10   0.0000000000000000e+00   0.0000000000000000e+00
0048   1.8164062500000000e-01   9.9999959803974425e-01   6.0000001501278277e-01  -7.9377191372014954e-10   0.0000000000000000e+00   0.0000000000000000e+00
0049   1.8554687500000000e-01   9.9999961969760964e-01   6.0000001420383298e-01  -8.0244383980956195e-10   0.0000000000000000e+00   0.0000000000000000e+00
0050   1.8945312500000000e-01   9.9999964158455967e-01   6.0000001338634046e-01  -8.1063637428869962e-10   0.0000000000000000e+00   0.0000000000000000e+00
0051   1.9335937500000000e-01   9.9999966368741189e-01   6.0000001256079605e-01  -8.1834434470504829e-10   0.0000000000000000e+00   0.0000000000000000e+00
0052   1.9726562500000000e-01   9.9999968599284650e-01   6.0000001172769457e-01  -8.2556344701054327e-10   0.0000000000000000e+00   0.0000000000000000e+00
0053   2.0117187500000000e-01   9.9999970848745079e-01   6.0000001088753641e-01  -8.3228897483717168e-10   0.0000000000000000e+00   0.0000000000000000e+00
0054   2.0507812500000000e-01   9.9999973115765239e-01   6.0000001004082615e-01  -8.3851660525138038e-10   0.0000000000000000e+00   0.0000000000000000e+00
0055   2.0898437500000000e-01   9.9999975398981045e-01   6.0000000918807250e-01  -8.4424285666882910e-10   0.0000000000000000e+00   0.0000000000000000e+00
0056   2.1289062500000000e-01   9.9999977697015352e-01   6.0000000832978728e-01  -8.4946339346043429e-10   0.0000000000000000e+00   0.0000000000000000e+00
0057   2.1679687500000000e-01   9.9999980008485345e-01   6.0000000746648652e-01  -8.5417580883080852e-10   0.0000000000000000e+00   0.0000000000000000e+00
0058   2.2070312500000000e-01   9.9999982331992876e-01   6.0000000659869024e-01  -8.5837652894836428e-10   0.0000000000000000e+00   0.0000000000000000e+00
0059   2.2460937500000000e-01   9.9999984666147190e-01   6.0000000572691803e-01  -8.6206271692956123e-10   0.0000000000000000e+00   0.0000000000000000e+00
0060   2.2851562500000000e-01   9.9999987009539271e-01   6.0000000485170102e-01  -8.6523306716424996e-10   0.0000000000000000e+00   0.0000000000000000e+00
0061   2.3242187500000000e-01   9.9999989360754682e-01   6.0000000397354725e-01  -8.6788514185120472e-10   0.0000000000000000e+00   0.0000000000000000e+00
0062   2.3632812500000000e-01   9.9999991718379833e-01   6.0000000309304113e-01  -8.7001495252173630e-10   0.0000000000000000e+00   0.0000000000000000e+00
0063   2.4023437500000000e-01   9.9999994080982824e-01   6.0000000221055483e-01  -8.7164351860387646e-10   0.0000000000000000e+00   0.0000000000000000e+00
0064   2.4414062500000000e-01   9.9999996447182538e-01   6.0000000132702846e-01  -8.7269557248094990e-10   0.0000000000000000e+00   0.0000000000000000e+00
0065   2.4804687500000000e-01   9.9999998815450897e-01   6.0000000044201407e-01  -8.7339891783443583e-10   0.0000000000000000e+00   0.0000000000000000e+00
0066   2.5195312500000000e-01   1.0000000118455568e+00   5.9999999955795003e-01  -8.7341499918120237e-10   0.0000000000000000e+00   0.0000000000000000e+00
0067   2.5585937500000000e-01   1.0000000355282317e+00   5.9999999867293630e-01  -8.7274385597300070e-10   0.0000000000000000e+00   0.0000000000000000e+00
0068   2.5976562500000000e-01   1.0000000591902150e+00   5.9999999778941004e-01  -8.7172382450927298e-10   0.0000000000000000e+00   0.0000000000000000e+00
0069   2.6367187500000000e-01   1.0000000828162436e+00   5.9999999690692341e-01  -8.7012740351723863e-10   0.0000000000000000e+00   0.0000000000000000e+00
0070   2.6757812500000000e-01   1.0000001063925235e+00   5.9999999602641796e-01  -8.6802960413880680e-10   0.0000000000000000e+00   0.0000000000000000e+00
0071   2.7148437500000000e-01   1.0000001299046541e+00   5.9999999514826474e-01  -8.6540952300287598e-10   0.0000000000000000e+00   0.0000000000000000e+00
0072   2.7539062500000000e-01   1.0000001533385858e+00   5.9999999427304840e-01  -8.6227074300579418e-10   0.0000000000000000e+00   0.0000000000000000e+00
0073   2.7929687500000000e-01   1.0000001766801254e+00   5.9999999340127697e-01  -8.5861533357168685e-10   0.0000000000000000e+00   0.0000000000000000e+00
0074   2.8320312500000000e-01   1.0000001999152175e+00   5.9999999253348135e-01  -8.5444479070571104e-10   0.0000000000000000e+00   0.0000000000000000e+00
0075   2.8710937500000000e-01   1.0000002230299188e+00   5.9999999167018159e-01  -8.4976199258620649e-10   0.0000000000000000e+00   0.0000000000000000e+00
0076   2.9101562500000000e-01   1.0000002460102158e+00   5.9999999081189725e-01  -8.4456988364586565e-10   0.0000000000000000e+00   0.0000000000000000e+00
0077   2.9492187500000000e-01   1.0000002688423704e+00   5.9999998995914428e-01  -8.3887117258497391e-10   0.0000000000000000e+00   0.0000000000000000e+00
0078   2.9882812500000000e-01   1.0000002915126143e+00   5.9999998911243491e-01  -8.3266971445249324e-10   0.0000000000000000e+00   0.0000000000000000e+00
0079   3.0273437500000000e-01   1.0000003140071827e+00   5.9999998827227763e-01  -8.2596955330696464e-10   0.0000000000000000e+00   0.0000000000000000e+00
0080   3.0664062500000000e-01   1.0000003363126289e+00   5.9999998743917693e-01  -8.1877464303271590e-10   0.0000000000000000e+00   0.0000000000000000e+00
0081   3.1054687500000000e-01   1.0000003584155290e+00   5.9999998661363285e-01  -8.1108932081925758e-10   0.0000000000000000e+00   0.0000000000000000e+00
0082   3.1445312500000000e-01   1.0000003803024584e+00   5.9999998579614100e-01  -8.0291822925524114e-10   0.0000000000000000e+00   0.0000000000000000e+00
0083   3.1835937500000000e-01   1.0000004019602886e+00   5.9999998498719154e-01  -7.9426643211688331e-10   0.0000000000000000e+00   0.0000000000000000e+00
0084   3.2226562500000000e-01   1.0000004233760025e+00   5.9999998418727019e-01  -7.8513905315069822e-10   0.0000000000000000e+00   0.0000000000000000e+00
0085   3.2617187500000000e-01   1.0000004445366919e+00   5.9999998339685645e-01  -7.7554162997993561e-10   0.0000000000000000e+00   0.0000000000000000e+00
0086   3.3007812500000000e-01   1.0000004654295707e+00   5.9999998261642451e-01  -7.6547887319051902e-10   0.0000000000000000e+00   0.0000000000000000e+00
0087   3.3398437500000000e-01   1.0000004860420846e+00   5.9999998184644276e-01  -7.5495700907106125e-10   0.0000000000000000e+00   0.0000000000000000e+00
0088   3.3789062500000000e-01   1.0000005063617410e+00   5.9999998108737362e-01  -7.4398165865723409e-10   0.0000000000000000e+00   0.0000000000000000e+00
0089   3.4179687500000000e-01   1.0000005263764249e+00   5.9999998033967283e-01  -7.3255881593962485e-10   0.0000000000000000e+00   0.0000000000000000e+00
0090   3.4570312500000000e-01   1.0000005460739951e+00   5.9999997960378992e-01  -7.2069419362497466e-10   0.0000000000000000e+00   0.0000000000000000e+00
0091   3.4960937500000000e-01   1.0000005654426039e+00   5.9999997888016721e-01  -7.0839425214027998e-10   0.0000000000000000e+00   0.0000000000000000e+00
0092   3.5351562500000000e-01   1.0000005844706090e+00   5.9999997816924100e-01  -6.9566511166710474e-10   0.0000000000000000e+00   0.0000000000000000e+00
0093   3.5742187500000000e-01   1.0000006031465103e+00   5.9999997747143985e-01  -6.8251270013944475e-10   0.0000000000000000e+00   0.0000000000000000e+00
0094   3.6132812500000000e-01   1.0000006214590453e+00   5.9999997678718553e-01  -6.6894402530152420e-10   0.0000000000000000e+00   0.0000000000000000e+00
0095   3.6523437500000000e-01   1.0000006393972520e+00   5.9999997611689160e-01  -6.5496513729659005e-10   0.0000000000000000e+00   0.0000000000000000e+00
0096   3.6914062500000000e-01   1.0000006569502706e+00   5.9999997546096462e-01  -6.4058319554841520e-10   0.0000000000000000e+00   0.0000000000000000e+00
0097   3.7304687500000000e-01   1.0000006741075791e+00   5.9999997481980338e-01  -6.2580477885667948e-10   0.0000000000000000e+00   0.0000000000000000e+00
0098   3.7695312500000000e-01   1.0000006908587866e+00   5.9999997419379858e-01  -6.1063736814441886e-10   0.0000000000000000e+00   0.0000000000000000e+00
0099   3.8085937500000000e-01   1.0000007071938792e+00   5.9999997358333268e-01  -5.9508733295196003e-10   0.0000000000000000e+00   0.0000000000000000e+00
0100   3.8476562500000000e-01   1.0000007231029600e+00   5.9999997298877961e-01  -5.7916265506056837e-10   0.0000000000000000e+00   0.0000000000000000e+00
0101   3.8867187500000000e-01   1.0000007385764611e+00   5.9999997241050484e-01  -5.6287100066621463e-10   0.0000000000000000e+00   0.0000000000000000e+00
0102   3.9257812500000000e-01   1.0000007536051265e+00   5.9999997184886478e-01  -5.4622055484666418e-10   0.0000000000000000e+00   0.0000000000000000e+00
0103   3.9648437500000000e-01   1.0000007681798089e+00   5.9999997130420746e-01  -5.2922000438406899e-10   0.0000000000000000e+00   0.0000000000000000e+00
0104   4.0039062500000000e-01   1.0000007822918486e+00   5.9999997077687073e-01  -5.1187856292240366e-10   0.0000000000000000e+00   0.0000000000000000e+00
0105   4.0429687500000000e-01   1.0000007959327126e+00   5.9999997026718299e-01  -4.9420484613210780e-10   0.0000000000000000e+00   0.0000000000000000e+00
0106   4.0820312500000000e-01   1.0000008090941954e+00   5.9999996977546288e-01  -4.7620940272113994e-10   0.0000000000000000e+00   0.0000000000000000e+00
0107   4.1210937500000000e-01   1.0000008217683780e+00   5.9999996930201849e-01  -4.5790259310074396e-10   0.0000000000000000e+00   0.0000000000000000e+00
0108   4.1601562500000000e-01   1.0000008339476305e+00   5.9999996884714779e-01  -4.3929552748985675e-10   0.0000000000000000e+00   0.0000000000000000e+00
0109   4.1992187500000000e-01   1.0000008456246909e+00   5.9999996841113701e-01  -4.2040048674720528e-10   0.0000000000000000e+00   0.0000000000000000e+00
0110   4.2382812500000000e-01   1.0000008567924277e+00   5.9999996799426114e-01  -4.0123030418336861e-10   0.0000000000000000e+00   0.0000000000000000e+00
0111   4.2773437500000000e-01   1.0000008674441765e+00   5.9999996759678320e-01  -3.8179890627720812e-10   0.0000000000000000e+00   0.0000000000000000e+00
0112   4.3164062500000000e-01   1.0000008775735409e+00   5.9999996721895388e-01  -3.6212141013159245e-10   0.0000000000000000e+00   0.0000000000000000e+00
0113   4.3554687500000000e-01   1.0000008871744450e+00   5.9999996686101198e-01  -3.4221306963702935e-10   0.0000000000000000e+00   0.0000000000000000e+00
0114   4.3945312500000000e-01   1.0000008962411251e+00   5.9999996652318321e-01  -3.2208945453690115e-10   0.0000000000000000e+00   0.0000000000000000e+00
0115   4.4335937500000000e-01   1.0000009047680876e+00   5.9999996620567875e-01  -3.0176857008518887e-10   0.0000000000000000e+00   0.0000000000000000e+00
0116   4.4726562500000000e-01   1.0000009127501870e+00   5.9999996590869442e-01  -2.8127063269548979e-10   0.0000000000000000e+00   0.0000000000000000e+00
0117   4.5117187500000000e-01   1.0000009201826885e+00   5.9999996563241031e-01  -2.6061687988031724e-10   0.0000000000000000e+00   0.0000000000000000e+00
0118   4.5507812500000000e-01   1.0000009270610595e+00   5.9999996537698941e-01  -2.3983061827903668e-10   0.0000000000000000e+00   0.0000000000000000e+00
0119   4.5898437500000000e-01   1.0000009333810949e+00   5.9999996514258080e-01  -2.1893454868698632e-10   0.0000000000000000e+00   0.0000000000000000e+00
0120   4.6289062500000000e-01   1.0000009391391309e+00   5.9999996492931895e-01  -1.9794872681261063e-10   0.0000000000000000e+00   0.0000000000000000e+00
0121   4.6679687500000000e-01   1.0000009443315685e+00   5.9999996473732631e-01  -1.7689649896525493e-10   0.0000000000000000e+00   0.0000000000000000e+00
0122   4.7070312500000000e-01   1.0000009489553008e+00   5.9999996456670002e-01  -1.5579997089432035e-10   0.0000000000000000e+00   0.0000000000000000e+00
0123   4.7460937500000000e-01   1.0000009530075360e+00   5.9999996441752168e-01  -1.3471567739116149e-10   0.0000000000000000e+00   0.0000000000000000e+00
0124   4.7851562500000000e-01   1.0000009564857220e+00   5.9999996428979852e-01  -1.1364950768810951e-10   0.0000000000000000e+00   0.0000000000000000e+00
0125   4.8242187500000000e-01   1.0000009593877490e+00   5.9999996418358104e-01  -9.2845083800989263e-11   0.0000000000000000e+00   0.0000000000000000e+00
0126   4.8632812500000000e-01   1.0000009617116365e+00   5.9999996409868139e-01  -7.1857901128863335e-11   0.0000000000000000e+00   0.0000000000000000e+00
0127   4.9023437500000000e-01   1.0000009634561056e+00   5.9999996403527878e-01  -5.2460216969391883e-11   0.0000000000000000e+00   0.0000000000000000e+00
0128   4.9414062500000000e-01   1.0000009646197021e+00   5.9999996399303146e-01  -2.9760160835736618e-11   0.0000000000000000e+00   0.0000000000000000e+00
0129   4.9804687500000000e-01   1.0000009652016186e+00   5.9999996397188493e-01  -1.8558370209209520e-11   0.0000000000000000e+00   0.0000000000000000e+00
0130   5.0195312500000000e-01   1.0000009652016080e+00   5.9999996397188471e-01   1.8559376112470436e-11   0.0000000000000000e+00   0.0000000000000000e+00
0131   5.0585937500000000e-01   1.0000009646197094e+00   5.9999996399303068e-01   2.9761166739016759e-11   0.0000000000000000e+00   0.0000000000000000e+00
0132   5.0976562500000000e-01   1.0000009634560703e+00   5.9999996403527756e-01   5.2460887570958142e-11   0.0000000000000000e+00   0.0000000000000000e+00
0133   5.1367187500000000e-01   1.0000009617116188e+00   5.9999996409867973e-01   7.1858571730385921e-11   0.0000000000000000e+00   0.0000000000000000e+00
0134   5.1757812500000000e-01   1.0000009593877441e+00   5.9999996418357915e-01   9.2845754402499468e-11   0.0000000000000000e+00   0.0000000000000000e+00
0135   5.2148437500000000e-01   1.0000009564857011e+00   5.9999996428979652e-01   1.1364947043031090e-10   0.0000000000000000e+00   0.0000000000000000e+00
0136   5.2539062500000000e-01   1.0000009530074971e+00   5.9999996441751935e-01   1.3471523032012125e-10   0.0000000000000000e+00   0.0000000000000000e+00
0137   5.2929687500000000e-01   1.0000009489552777e+00   5.9999996456669780e-01   1.5579933754454855e-10   0.0000000000000000e+00   0.0000000000000000e+00
0138   5.3320312500000000e-01   1.0000009443315561e+00   5.9999996473732420e-01   1.7689612640568451e-10   0.0000000000000000e+00   0.0000000000000000e+00
0139   5.3710937500000000e-01   1.0000009391391229e+00   5.9999996492931673e-01   1.9794850327607633e-10   0.0000000000000000e+00   0.0000000000000000e+00
0140   5.4101562500000000e-01   1.0000009333811095e+00   5.9999996514257836e-01   2.1893428789467158e-10   0.0000000000000000e+00   0.0000000000000000e+00
0141   5.4492187500000000e-01   1.0000009270610277e+00   5.9999996537698730e-01   2.3983054376554273e-10   0.0000000000000000e+00   0.0000000000000000e+00
0142   5.4882812500000000e-01   1.0000009201826645e+00   5.9999996563240821e-01   2.6061702890129045e-10   0.0000000000000000e+00   0.0000000000000000e+00
0143   5.5273437500000000e-01   1.0000009127502094e+00   5.9999996590869242e-01   2.8127078171687639e-10   0.0000000000000000e+00   0.0000000000000000e+00
0144   5.5664062500000000e-01   1.0000009047680811e+00   5.9999996620567675e-01   3.0176909166363388e-10   0.0000000000000000e+00   0.0000000000000000e+00
0145   5.6054687500000000e-01   1.0000008962411233e+00   5.9999996652318133e-01   3.2208986434850690e-10   0.0000000000000000e+00   0.0000000000000000e+00
0146   5.6445312500000000e-01   1.0000008871744659e+00   5.9999996686101031e-01   3.4221333042536961e-10   0.0000000000000000e+00   0.0000000000000000e+00
0147   5.6835937500000000e-01   1.0000008775735385e+00   5.9999996721895277e-01   3.6212185719883485e-10   0.0000000000000000e+00   0.0000000000000000e+00
0148   5.7226562500000000e-01   1.0000008674441700e+00   5.9999996759678209e-01   3.8179935334422490e-10   0.0000000000000000e+00   0.0000000000000000e+00
0149   5.7617187500000000e-01   1.0000008567923644e+00   5.9999996799426014e-01   4.0123067673916091e-10   0.0000000000000000e+00   0.0000000000000000e+00
0150   5.8007812500000000e-01   1.0000008456246696e+00   5.9999996841113623e-01   4.2040067302410082e-10   0.0000000000000000e+00   0.0000000000000000e+00
0151   5.8398437500000000e-01   1.0000008339476165e+00   5.9999996884714724e-01   4.3929578827824706e-10   0.0000000000000000e+00   0.0000000000000000e+00
0152   5.8789062500000000e-01   1.0000008217683789e+00   5.9999996930201815e-01   4.5790277937781937e-10   0.0000000000000000e+00   0.0000000000000000e+00
0153   5.9179687500000000e-01   1.0000008090941883e+00   5.9999996977546266e-01   4.7620951448684275e-10   0.0000000000000000e+00   0.0000000000000000e+00
0154   5.9570312500000000e-01   1.0000007959326827e+00   5.9999997026718288e-01   4.9420536771101862e-10   0.0000000000000000e+00   0.0000000000000000e+00
0155   5.9960937500000000e-01   1.0000007822918504e+00   5.9999997077687051e-01   5.1187882371084401e-10   0.0000000000000000e+00   0.0000000000000000e+00
0156   6.0351562500000000e-01   1.0000007681798375e+00   5.9999997130420690e-01   5.2922045145122376e-10   0.0000000000000000e+00   0.0000000000000000e+00
0157   6.0742187500000000e-01   1.0000007536050806e+00   5.9999997184886433e-01   5.4622107642572078e-10   0.0000000000000000e+00   0.0000000000000000e+00
0158   6.1132812500000000e-01   1.0000007385764582e+00   5.9999997241050385e-01   5.6287133596633761e-10   0.0000000000000000e+00   0.0000000000000000e+00
0159   6.1523437500000000e-01   1.0000007231029411e+00   5.9999997298877850e-01   5.7916261780345940e-10   0.0000000000000000e+00   0.0000000000000000e+00
0160   6.1914062500000000e-01   1.0000007071938468e+00   5.9999997358333146e-01   5.9508703490374501e-10   0.0000000000000000e+00   0.0000000000000000e+00
0161   6.2304687500000000e-01   1.0000006908587906e+00   5.9999997419379747e-01   6.1063729363138027e-10   0.0000000000000000e+00   0.0000000000000000e+00
0162   6.2695312500000000e-01   1.0000006741075753e+00   5.9999997481980227e-01   6.2580518866851881e-10   0.0000000000000000e+00   0.0000000000000000e+00
0163   6.3085937500000000e-01   1.0000006569503044e+00   5.9999997546096351e-01   6.4058394066209527e-10   0.0000000000000000e+00   0.0000000000000000e+00
0164   6.3476562500000000e-01   1.0000006393972767e+00   5.9999997611689038e-01   6.5496621771214362e-10   0.0000000000000000e+00   0.0000000000000000e+00
0165   6.3867187500000000e-01   1.0000006214590569e+00   5.9999997678718431e-01   6.6894484492708583e-10   0.0000000000000000e+00   0.0000000000000000e+00
0166   6.4257812500000000e-01   1.0000006031464905e+00   5.9999997747143896e-01   6.8251374329969064e-10   0.0000000000000000e+00   0.0000000000000000e+00
0167   6.4648437500000000e-01   1.0000005844706110e+00   5.9999997816924033e-01   6.9566630385024616e-10   0.0000000000000000e+00   0.0000000000000000e+00
0168   6.5039062500000000e-01   1.0000005654426047e+00   5.9999997888016643e-01   7.0839570511335388e-10   0.0000000000000000e+00   0.0000000000000000e+00
0169   6.5429687500000000e-01   1.0000005460740182e+00   5.9999997960378892e-01   7.2069590738887068e-10   0.0000000000000000e+00   0.0000000000000000e+00
0170   6.5820312500000000e-01   1.0000005263764320e+00   5.9999998033967172e-01   7.3256064147065202e-10   0.0000000000000000e+00   0.0000000000000000e+00
0171   6.6210937500000000e-01   1.0000005063617732e+00   5.9999998108737251e-01   7.4398385674613563e-10   0.0000000000000000e+00   0.0000000000000000e+00
0172   6.6601562500000000e-01   1.0000004860420777e+00   5.9999998184644132e-01   7.5495928167131858e-10   0.0000000000000000e+00   0.0000000000000000e+00
0173   6.6992187500000000e-01   1.0000004654295702e+00   5.9999998261642307e-01   7.6548151834906183e-10   0.0000000000000000e+00   0.0000000000000000e+00
0174   6.7382812500000000e-01   1.0000004445366819e+00   5.9999998339685467e-01   7.7554420062665692e-10   0.0000000000000000e+00   0.0000000000000000e+00
0175   6.7773437500000000e-01   1.0000004233760076e+00   5.9999998418726841e-01   7.8514207086709751e-10   0.0000000000000000e+00   0.0000000000000000e+00
0176   6.8164062500000000e-01   1.0000004019602937e+00   5.9999998498718965e-01   7.9426956160130906e-10   0.0000000000000000e+00   0.0000000000000000e+00
0177   6.8554687500000000e-01   1.0000003803024391e+00   5.9999998579613900e-01   8.0292132148359148e-10   0.0000000000000000e+00   0.0000000000000000e+00
0178   6.8945312500000000e-01   1.0000003584154964e+00   5.9999998661363063e-01   8.1109192872265752e-10   0.0000000000000000e+00   0.0000000000000000e+00
0179   6.9335937500000000e-01   1.0000003363126491e+00   5.9999998743917471e-01   8.1877717642448946e-10   0.0000000000000000e+00   0.0000000000000000e+00
0180   6.9726562500000000e-01   1.0000003140071794e+00   5.9999998827227530e-01   8.2597175139650011e-10   0.0000000000000000e+00   0.0000000000000000e+00
0181   7.0117187500000000e-01   1.0000002915125934e+00   5.9999998911243235e-01   8.3267213607729819e-10   0.0000000000000000e+00   0.0000000000000000e+00
0182   7.0507812500000000e-01   1.0000002688423877e+00   5.9999998995914172e-01   8.3887322165223112e-10   0.0000000000000000e+00   0.0000000000000000e+00
0183   7.0898437500000000e-01   1.0000002460102377e+00   5.9999999081189492e-01   8.4457182094657705e-10   0.0000000000000000e+00   0.0000000000000000e+00
0184   7.1289062500000000e-01   1.0000002230298988e+00   5.9999999167017914e-01   8.4976400439710985e-10   0.0000000000000000e+00   0.0000000000000000e+00
0185   7.1679687500000000e-01   1.0000001999152397e+00   5.9999999253347891e-01   8.5444657898229089e-10   0.0000000000000000e+00   0.0000000000000000e+00
0186   7.2070312500000000e-01   1.0000001766801314e+00   5.9999999340127452e-01   8.5861693556966582e-10   0.0000000000000000e+00   0.0000000000000000e+00
0187   7.2460937500000000e-01   1.0000001533385696e+00   5.9999999427304584e-01   8.6227186067898456e-10   0.0000000000000000e+00   0.0000000000000000e+00
0188   7.2851562500000000e-01   1.0000001299046775e+00   5.9999999514826197e-01   8.6541082695565945e-10   0.0000000000000000e+00   0.0000000000000000e+00
0189   7.3242187500000000e-01   1.0000001063925035e+00   5.9999999602641518e-01   8.6803083357956054e-10   0.0000000000000000e+00   0.0000000000000000e+00
0190   7.3632812500000000e-01   1.0000000828162698e+00   5.9999999690692063e-01   8.7012833491226364e-10   0.0000000000000000e+00   0.0000000000000000e+00
0191   7.4023437500000000e-01   1.0000000591902161e+00   5.9999999778940727e-01   8.7172430883415762e-10   0.0000000000000000e+00   0.0000000000000000e+00
0192   7.4414062500000000e-01   1.0000000355282348e+00   5.9999999867293363e-01   8.7274452657662778e-10   0.0000000000000000e+00   0.0000000000000000e+00
0193   7.4804687500000000e-01   1.0000000118455574e+00   5.9999999955794736e-01   8.7341544625070551e-10   0.0000000000000000e+00   0.0000000000000000e+00
0194   7.5195312500000000e-01   9.9999998815452718e-01   6.0000000044201174e-01   8.7339925313704398e-10   0.0000000000000000e+00   0.0000000000000000e+00
0195   7.5585937500000000e-01   9.9999996447180772e-01   6.0000000132702624e-01   8.7269579601505512e-10   0.0000000000000000e+00   0.0000000000000000e+00
0196   7.5976562500000000e-01   9.9999994080982002e-01   6.0000000221055305e-01   8.7164329506895026e-10   0.0000000000000000e+00   0.0000000000000000e+00
0197   7.6367187500000000e-01   9.9999991718378722e-01   6.0000000309303980e-01   8.7001446819681640e-10   0.0000000000000000e+00   0.0000000000000000e+00
0198   7.6757812500000000e-01   9.9999989360752140e-01   6.0000000397354614e-01   8.6788473203790987e-10   0.0000000000000000e+00   0.0000000000000000e+00
0199   7.7148437500000000e-01   9.9999987009539737e-01   6.0000000485170002e-01   8.6523280637393377e-10   0.0000000000000000e+00   0.0000000000000000e+00
0200   7.7539062500000000e-01   9.9999984666147834e-01   6.0000000572691692e-01   8.6206238162723215e-10   0.0000000000000000e+00   0.0000000000000000e+00
0201   7.7929687500000000e-01   9.9999982331994375e-01   6.0000000659868935e-01   8.5837615639081623e-10   0.0000000000000000e+00   0.0000000000000000e+00
0202   7.8320312500000000e-01   9.9999980008484957e-01   6.0000000746648585e-01   8.5417562255209266e-10   0.0000000000000000e+00   0.0000000000000000e+00
0203   7.8710937500000000e-01   9.9999977697016273e-01   6.0000000832978684e-01   8.4946365425162016e-10   0.0000000000000000e+00   0.0000000000000000e+00
0204   7.9101562500000000e-01   9.9999975398980201e-01   6.0000000918807206e-01   8.4424270764591237e-10   0.0000000000000000e+00   0.0000000000000000e+00
0205   7.9492187500000000e-01   9.9999973115764662e-01   6.0000001004082615e-01   8.3851682878642208e-10   0.0000000000000000e+00   0.0000000000000000e+00
0206   7.9882812500000000e-01   9.9999970848745379e-01   6.0000001088753685e-01   8.3228901209332071e-10   0.0000000000000000e+00   0.0000000000000000e+00
0207   8.0273437500000000e-01   9.9999968599284361e-01   6.0000001172769524e-01   8.2556322347634612e-10   0.0000000000000000e+00   0.0000000000000000e+00
0208   8.0664062500000000e-01   9.9999966368740367e-01   6.0000001256079705e-01   8.1834438196152922e-10   0.0000000000000000e+00   0.0000000000000000e+00
0209   8.1054687500000000e-01   9.9999964158453625e-01   6.0000001338634190e-01   8.1063611349837733e-10   0.0000000000000000e+00   0.0000000000000000e+00
0210   8.1445312500000000e-01   9.9999961969759332e-01   6.0000001420383431e-01   8.0244357901930397e-10   0.0000000000000000e+00   0.0000000000000000e+00
0211   8.1835937500000000e-01   9.9999959803974037e-01   6.0000001501278422e-01   7.9377161567472605e-10   0.0000000000000000e+00   0.0000000000000000e+00
0212   8.2226562500000000e-01   9.9999957662403371e-01   6.0000001581270623e-01   7.8462582859974953e-10   0.0000000000000000e+00   0.0000000000000000e+00
0213   8.2617187500000000e-01   9.9999955546335939e-01   6.0000001660312041e-01   7.7501115655354401e-10   0.0000000000000000e+00   0.0000000000000000e+00
0214   8.3007812500000000e-01   9.9999953457046342e-01   6.0000001738355246e-01   7.6493286635583702e-10   0.0000000000000000e+00   0.0000000000000000e+00
0215   8.3398437500000000e-01   9.9999951395797904e-01   6.0000001815353432e-01   7.5439680930489217e-10   0.0000000000000000e+00   0.0000000000000000e+00
0216   8.3789062500000000e-01   9.9999949363825857e-01   6.0000001891260346e-01   7.4340852967978338e-10   0.0000000000000000e+00   0.0000000000000000e+00
0217   8.4179687500000000e-01   9.9999947362359143e-01   6.0000001966030403e-01   7.3197360959480771e-10   0.0000000000000000e+00   0.0000000000000000e+00
0218   8.4570312500000000e-01   9.9999945392603362e-01   6.0000002039618694e-01   7.2009846774798789e-10   0.0000000000000000e+00   0.0000000000000000e+00
0219   8.4960937500000000e-01   9.9999943455739371e-01   6.0000002111980921e-01   7.0778889228592728e-10   0.0000000000000000e+00   0.0000000000000000e+00
0220   8.5351562500000000e-01   9.9999941552942040e-01   6.0000002183073498e-01   6.9505174703391223e-10   0.0000000000000000e+00   0.0000000000000000e+00
0221   8.5742187500000000e-01   9.9999939685349803e-01   6.0000002252853568e-01   6.8189262335159935e-10   0.0000000000000000e+00   0.0000000000000000e+00
0222   8.6132812500000000e-01   9.9999937854094789e-01   6.0000002321279000e-01   6.6831808084930733e-10   0.0000000000000000e+00   0.0000000000000000e+00
0223   8.6523437500000000e-01   9.9999936060274075e-01   6.0000002388308371e-01   6.5433483941914272e-10   0.0000000000000000e+00   0.0000000000000000e+00
0224   8.6914062500000000e-01   9.9999934304971339e-01   6.0000002453901036e-01   6.3995002058427089e-10   0.0000000000000000e+00   0.0000000000000000e+00
0225   8.7304687500000000e-01   9.9999932589243312e-01   6.0000002518017148e-01   6.2517012820135871e-10   0.0000000000000000e+00   0.0000000000000000e+00
0226   8.7695312500000000e-01   9.9999930914120816e-01   6.0000002580617617e-01   6.1000227041735392e-10   0.0000000000000000e+00   0.0000000000000000e+00
0227   8.8085937500000000e-01   9.9999929280612709e-01   6.0000002641664218e-01   5.9445393444216801e-10   0.0000000000000000e+00   0.0000000000000000e+00
0228   8.8476562500000000e-01   9.9999927689706336e-01   6.0000002701119537e-01   5.7853224538455610e-10   0.0000000000000000e+00   0.0000000000000000e+00
0229   8.8867187500000000e-01   9.9999926142352447e-01   6.0000002758947035e-01   5.6224531693499157e-10   0.0000000000000000e+00   0.0000000000000000e+00
0230   8.9257812500000000e-01   9.9999924639490234e-01   6.0000002815111053e-01   5.4560062694805951e-10   0.0000000000000000e+00   0.0000000000000000e+00
0231   8.9648437500000000e-01   9.9999923182017247e-01   6.0000002869576774e-01   5.2860771993816285e-10   0.0000000000000000e+00   0.0000000000000000e+00
0232   9.0039062500000000e-01   9.9999921770812505e-01   6.0000002922310491e-01   5.1127454391098986e-10   0.0000000000000000e+00   0.0000000000000000e+00
0233   9.0429687500000000e-01   9.9999920406727727e-01   6.0000002973279287e-01   4.9361116877912263e-10   0.0000000000000000e+00   0.0000000000000000e+00
0234   9.0820312500000000e-01   9.9999919090578171e-01   6.0000003022451343e-01   4.7562784667486812e-10   0.0000000000000000e+00   0.0000000000000000e+00
0235   9.1210937500000000e-01   9.9999917823157547e-01   6.0000003069795849e-01   4.5733419456359154e-10   0.0000000000000000e+00   0.0000000000000000e+00
0236   9.1601562500000000e-01   9.9999916605231998e-01   6.0000003115283007e-01   4.3874240495126002e-10   0.0000000000000000e+00   0.0000000000000000e+00
0237   9.1992187500000000e-01   9.9999915437532838e-01   6.0000003158884174e-01   4.1986368034031853e-10   0.0000000000000000e+00   0.0000000000000000e+00
0238   9.2382812500000000e-01   9.9999914320757766e-01   6.0000003200571828e-01   4.0071137787197468e-10   0.0000000000000000e+00   0.0000000000000000e+00
0239   9.2773437500000000e-01   9.9999913255580253e-01   6.0000003240319677e-01   3.8129938920107509e-10   0.0000000000000000e+00   0.0000000000000000e+00
0240   9.3164062500000000e-01   9.9999912242641176e-01   6.0000003278102676e-01   3.6164212618029089e-10   0.0000000000000000e+00   0.0000000000000000e+00
0241   9.3554687500000000e-01   9.9999911282548881e-01   6.0000003313896944e-01   3.4175499450276080e-10   0.0000000000000000e+00   0.0000000000000000e+00
0242   9.3945312500000000e-01   9.9999910375883805e-01   6.0000003347679898e-01   3.2165412569268905e-10   0.0000000000000000e+00   0.0000000000000000e+00
0243   9.4335937500000000e-01   9.9999909523190356e-01   6.0000003379430378e-01   3.0135663396606723e-10   0.0000000000000000e+00   0.0000000000000000e+00
0244   9.4726562500000000e-01   9.9999908724975417e-01   6.0000003409128821e-01   2.8088247820166473e-10   0.0000000000000000e+00   0.0000000000000000e+00
0245   9.5117187500000000e-01   9.9999907981727887e-01   6.0000003436757221e-01   2.6025297381996060e-10   0.0000000000000000e+00   0.0000000000000000e+00
0246   9.5507812500000000e-01   9.9999907293893353e-01   6.0000003462299289e-01   2.3949198983161337e-10   0.0000000000000000e+00   0.0000000000000000e+00
0247   9.5898437500000000e-01   9.9999906661882998e-01   6.0000003485740150e-01   2.1862148557145854e-10   0.0000000000000000e+00   0.0000000000000000e+00
0248   9.6289062500000000e-01   9.9999906086084711e-01   6.0000003507066324e-01   1.9766215386311974e-10   0.0000000000000000e+00   0.0000000000000000e+00
0249   9.6679687500000000e-01   9.9999905566839131e-01   6.0000003526265566e-01   1.7663700959085816e-10   0.0000000000000000e+00   0.0000000000000000e+00
0250   9.7070312500000000e-01   9.9999905104464515e-01   6.0000003543328184e-01   1.5556786442981891e-10   0.0000000000000000e+00   0.0000000000000000e+00
0251   9.7460937500000000e-01   9.9999904699240416e-01   6.0000003558246007e-01   1.3451222594705697e-10   0.0000000000000000e+00   0.0000000000000000e+00
0252   9.7851562500000000e-01   9.9999904351423063e-01   6.0000003571018279e-01   1.1347580120115318e-10   0.0000000000000000e+00   0.0000000000000000e+00
0253   9.8242187500000000e-01   9.9999904061218015e-01   6.0000003581640005e-01   9.2701397207755780e-11   0.0000000000000000e+00   0.0000000000000000e+00
0254   9.8632812500000000e-01   9.9999903828829351e-01   6.0000003590129958e-01   7.1744959800557639e-11   0.0000000000000000e+00   0.0000000000000000e+00
0255   9.9023437500000000e-01   9.9999903654384148e-01   6.0000003596470208e-01   5.2378865719575668e-11   0.0000000000000000e+00   0.0000000000000000e+00
0256   9.9414062500000000e-01   9.9999903538024881e-01   6.0000003600694907e-01   2.9710978559069167e-11   0.0000000000000000e+00   0.0000000000000000e+00
0257   9.9804687500000000e-01   9.9999903479828756e-01   6.0000003602809449e-01   1.8541782399539770e-11   0.0000000000000000e+00   0.0000000000000000e+00
