# Athena++ data at time=1.117519e+02  cycle=57217  variables=prim 
# i       x1v         rho          press          vel1         vel2         vel3     
0002   1.9531250000000000e-03   9.9999903480092089e-01   6.0000003603071239e-01  -1.8544787289351609e-11   0.0000000000000000e+00   0.0000000000000000e+00
0003   5.8593750000000000e-03   9.9999903538285462e-01   6.0000003600956286e-01  -2.9711536137377421e-11   0.0000000000000000e+00   0.0000000000000000e+00
0004   9.7656250000000000e-03   9.9999903654643940e-01   6.0000003596730744e-01  -5.2379099703440378e-11   0.0000000000000000e+00   0.0000000000000000e+00
0005   1.3671875000000000e-02   9.9999903829090453e-01   6.0000003590389295e-01  -7.1744311479910032e-11   0.0000000000000000e+00   0.0000000000000000e+00
0006   1.7578125000000000e-02   9.9999904061476252e-01   6.0000003581897743e-01  -9.2699829547105256e-11   0.0000000000000000e+00   0.0000000000000000e+00
0007   2.1484375000000000e-02   9.9999904351678282e-01   6.0000003571274052e-01  -1.1347268111895266e-10   0.0000000000000000e+00   0.0000000000000000e+00
0008   2.5390625000000000e-02   9.9999904699495401e-01   6.0000003558499471e-01  -1.3450774005449621e-10   0.0000000000000000e+00   0.0000000000000000e+00
0009   2.9296875000000000e-02   9.9999905104715414e-01   6.0000003543578984e-01  -1.5556108172158561e-10   0.0000000000000000e+00   0.0000000000000000e+00
0010   3.3203125000000000e-02   9.9999905567087966e-01   6.0000003526513435e-01  -1.7662766972635340e-10   0.0000000000000000e+00   0.0000000000000000e+00
0011   3.7109375000000000e-02   9.9999906086329149e-01   6.0000003507310973e-01  -1.9764973577015410e-10   0.0000000000000000e+00   0.0000000000000000e+00
0012   4.1015625000000000e-02   9.9999906662125826e-01   6.0000003485981379e-01  -2.1860535646961684e-10   0.0000000000000000e+00   0.0000000000000000e+00
0013   4.4921875000000000e-02   9.9999907294129931e-01   6.0000003462536855e-01  -2.3947147974282973e-10   0.0000000000000000e+00   0.0000000000000000e+00
0014   4.8828125000000000e-02   9.9999907981962421e-01   6.0000003436990945e-01  -2.6022745008024226e-10   0.0000000000000000e+00   0.0000000000000000e+00
0015   5.2734375000000000e-02   9.9999908725205511e-01   6.0000003409358538e-01  -2.8085097290235157e-10   0.0000000000000000e+00   0.0000000000000000e+00
0016   5.6640625000000000e-02   9.9999909523413599e-01   6.0000003379655997e-01  -3.0131855181415784e-10   0.0000000000000000e+00   0.0000000000000000e+00
0017   6.0546875000000000e-02   9.9999910376104040e-01   6.0000003347901310e-01  -3.2160868517256825e-10   0.0000000000000000e+00   0.0000000000000000e+00
0018   6.4453125000000000e-02   9.9999911282765430e-01   6.0000003314114081e-01  -3.4170148866735283e-10   0.0000000000000000e+00   0.0000000000000000e+00
0019   6.8359375000000000e-02   9.9999912242852440e-01   6.0000003278315506e-01  -3.6158014618487970e-10   0.0000000000000000e+00   0.0000000000000000e+00
0020   7.2265625000000000e-02   9.9999913255788742e-01   6.0000003240528177e-01  -3.8122848899976010e-10   0.0000000000000000e+00   0.0000000000000000e+00
0021   7.6171875000000000e-02   9.9999914320959782e-01   6.0000003200775942e-01  -4.0063077617184085e-10   0.0000000000000000e+00   0.0000000000000000e+00
0022   8.0078125000000000e-02   9.9999915437731501e-01   6.0000003159083926e-01  -4.1977315473895160e-10   0.0000000000000000e+00   0.0000000000000000e+00
0023   8.3984375000000000e-02   9.9999916605429007e-01   6.0000003115478451e-01  -4.3864173309985547e-10   0.0000000000000000e+00   0.0000000000000000e+00
0024   8.7890625000000000e-02   9.9999917823350215e-01   6.0000003069987051e-01  -4.5722326593312148e-10   0.0000000000000000e+00   0.0000000000000000e+00
0025   9.1796875000000000e-02   9.9999919090763145e-01   6.0000003022638349e-01  -4.7550595469558659e-10   0.0000000000000000e+00   0.0000000000000000e+00
0026   9.5703125000000000e-02   9.9999920406907361e-01   6.0000002973462163e-01  -4.9347883637309771e-10   0.0000000000000000e+00   0.0000000000000000e+00
0027   9.9609375000000000e-02   9.9999921770990829e-01   6.0000002922489293e-01  -5.1113166070265604e-10   0.0000000000000000e+00   0.0000000000000000e+00
0028   1.0351562500000000e-01   9.9999923182192141e-01   6.0000002869751612e-01  -5.2845428736826321e-10   0.0000000000000000e+00   0.0000000000000000e+00
0029   1.0742187500000000e-01   9.9999924639659821e-01   6.0000002815281961e-01  -5.4543701906418668e-10   0.0000000000000000e+00   0.0000000000000000e+00
0030   1.1132812500000000e-01   9.9999926142520379e-01   6.0000002759114135e-01  -5.6207168429803361e-10   0.0000000000000000e+00   0.0000000000000000e+00
0031   1.1523437500000000e-01   9.9999927689869261e-01   6.0000002701282862e-01  -5.7834929743869506e-10   0.0000000000000000e+00   0.0000000000000000e+00
0032   1.1914062500000000e-01   9.9999929280773303e-01   6.0000002641823813e-01  -5.9426171007111369e-10   0.0000000000000000e+00   0.0000000000000000e+00
0033   1.2304687500000000e-01   9.9999930914276769e-01   6.0000002580773515e-01  -6.0980185171503820e-10   0.0000000000000000e+00   0.0000000000000000e+00
0034   1.2695312500000000e-01   9.9999932589395291e-01   6.0000002518169337e-01  -6.2496129334979159e-10   0.0000000000000000e+00   0.0000000000000000e+00
0035   1.3085937500000000e-01   9.9999934305121019e-01   6.0000002454049550e-01  -6.3973366548352813e-10   0.0000000000000000e+00   0.0000000000000000e+00
0036   1.3476562500000000e-01   9.9999936060420691e-01   6.0000002388453211e-01  -6.5411111489478173e-10   0.0000000000000000e+00   0.0000000000000000e+00
0037   1.3867187500000000e-01   9.9999937854236354e-01   6.0000002321420154e-01  -6.6808713776748336e-10   0.0000000000000000e+00   0.0000000000000000e+00
0038   1.4257812500000000e-01   9.9999939685489447e-01   6.0000002252990980e-01  -6.8165528322167375e-10   0.0000000000000000e+00   0.0000000000000000e+00
0039   1.4648437500000000e-01   9.9999941553075689e-01   6.0000002183207102e-01  -6.9480864512538628e-10   0.0000000000000000e+00   0.0000000000000000e+00
0040   1.5039062500000000e-01   9.9999943455871565e-01   6.0000002112110695e-01  -7.0754081292720929e-10   0.0000000000000000e+00   0.0000000000000000e+00
0041   1.5429687500000000e-01   9.9999945392729284e-01   6.0000002039744571e-01  -7.1984556195596288e-10   0.0000000000000000e+00   0.0000000000000000e+00
0042   1.5820312500000000e-01   9.9999947362480690e-01   6.0000001966152294e-01  -7.3171643823549026e-10   0.0000000000000000e+00   0.0000000000000000e+00
0043   1.6210937500000000e-01   9.9999949363943430e-01   6.0000001891378185e-01  -7.4314728109301748e-10   0.0000000000000000e+00   0.0000000000000000e+00
0044   1.6601562500000000e-01   9.9999951395911202e-01   6.0000001815467097e-01  -7.5413256600229507e-10   0.0000000000000000e+00   0.0000000000000000e+00
0045   1.6992187500000000e-01   9.9999953457157664e-01   6.0000001738464659e-01  -7.6466529516053139e-10   0.0000000000000000e+00   0.0000000000000000e+00
0046   1.7382812500000000e-01   9.9999955546440444e-01   6.0000001660417090e-01  -7.7474093022561358e-10   0.0000000000000000e+00   0.0000000000000000e+00
0047   1.7773437500000000e-01   9.9999957662503636e-01   6.0000001581371154e-01  -7.8435317285609619e-10   0.0000000000000000e+00   0.0000000000000000e+00
0048   1.8164062500000000e-01   9.9999959804070171e-01   6.0000001501374334e-01  -7.9349683077176173e-10   0.0000000000000000e+00   0.0000000000000000e+00
0049   1.8554687500000000e-01   9.9999961969851991e-01   6.0000001420474602e-01  -8.0216636914747208e-10   0.0000000000000000e+00   0.0000000000000000e+00
0050   1.8945312500000000e-01   9.9999964158542587e-01   6.0000001338720521e-01  -8.1035681621974146e-10   0.0000000000000000e+00   0.0000000000000000e+00
0051   1.9335937500000000e-01   9.9999966368822735e-01   6.0000001256161084e-01  -8.1806311132642916e-10   0.0000000000000000e+00   0.0000000000000000e+00
0052   1.9726562500000000e-01   9.9999968599361300e-01   6.0000001172845885e-01  -8.2528001904645251e-10   0.0000000000000000e+00   0.0000000000000000e+00
0053   2.0117187500000000e-01   9.9999970848816233e-01   6.0000001088824872e-01  -8.3200395070584163e-10   0.0000000000000000e+00   0.0000000000000000e+00
0054   2.0507812500000000e-01   9.9999973115831009e-01   6.0000001004148562e-01  -8.3823035985522919e-10   0.0000000000000000e+00   0.0000000000000000e+00
0055   2.0898437500000000e-01   9.9999975399041607e-01   6.0000000918867802e-01  -8.4395509432349315e-10   0.0000000000000000e+00   0.0000000000000000e+00
0056   2.1289062500000000e-01   9.9999977697070275e-01   6.0000000833033817e-01  -8.4917456361353977e-10   0.0000000000000000e+00   0.0000000000000000e+00
0057   2.1679687500000000e-01   9.9999980008534672e-01   6.0000000746698168e-01  -8.5388535503833023e-10   0.0000000000000000e+00   0.0000000000000000e+00
0058   2.2070312500000000e-01   9.9999982332036796e-01   6.0000000659912878e-01  -8.5808475166243664e-10   0.0000000000000000e+00   0.0000000000000000e+00
0059   2.2460937500000000e-01   9.9999984666185215e-01   6.0000000572729961e-01  -8.6176976759197769e-10   0.0000000000000000e+00   0.0000000000000000e+00
0060   2.2851562500000000e-01   9.9999987009571778e-01   6.0000000485202520e-01  -8.6493920899177613e-10   0.0000000000000000e+00   0.0000000000000000e+00
0061   2.3242187500000000e-01   9.9999989360780883e-01   6.0000000397381315e-01  -8.6759015375189227e-10   0.0000000000000000e+00   0.0000000000000000e+00
0062   2.3632812500000000e-01   9.9999991718400805e-01   6.0000000309324852e-01  -8.6971876241854534e-10   0.0000000000000000e+00   0.0000000000000000e+00
0063   2.4023437500000000e-01   9.9999994080997667e-01   6.0000000221070315e-01  -8.7134665054920808e-10   0.0000000000000000e+00   0.0000000000000000e+00
0064   2.4414062500000000e-01   9.9999996447191397e-01   6.0000000132711773e-01  -8.7239795440786999e-10   0.0000000000000000e+00   0.0000000000000000e+00
0065   2.4804687500000000e-01   9.9999998815453950e-01   6.0000000044204349e-01  -8.7310058935304028e-10   0.0000000000000000e+00   0.0000000000000000e+00
0066   2.5195312500000000e-01   1.0000000118455274e+00   5.9999999955792094e-01  -8.7311652168359667e-10   0.0000000000000000e+00   0.0000000000000000e+00
0067   2.5585937500000000e-01   1.0000000355281413e+00   5.9999999867284759e-01  -8.7244500847992599e-10   0.0000000000000000e+00   0.0000000000000000e+00
0068   2.5976562500000000e-01   1.0000000591900664e+00   5.9999999778926227e-01  -8.7142457211924124e-10   0.0000000000000000e+00   0.0000000000000000e+00
0069   2.6367187500000000e-01   1.0000000828160349e+00   5.9999999690671679e-01  -8.6982800946512062e-10   0.0000000000000000e+00   0.0000000000000000e+00
0070   2.6757812500000000e-01   1.0000001063922610e+00   5.9999999602615250e-01  -8.6773048070958327e-10   0.0000000000000000e+00   0.0000000000000000e+00
0071   2.7148437500000000e-01   1.0000001299043346e+00   5.9999999514794100e-01  -8.6511056086373169e-10   0.0000000000000000e+00   0.0000000000000000e+00
0072   2.7539062500000000e-01   1.0000001533382030e+00   5.9999999427266737e-01  -8.6197194459936474e-10   0.0000000000000000e+00   0.0000000000000000e+00
0073   2.7929687500000000e-01   1.0000001766796887e+00   5.9999999340083887e-01  -8.5831692485864687e-10   0.0000000000000000e+00   0.0000000000000000e+00
0074   2.8320312500000000e-01   1.0000001999147186e+00   5.9999999253298697e-01  -8.5414684861634658e-10   0.0000000000000000e+00   0.0000000000000000e+00
0075   2.8710937500000000e-01   1.0000002230293648e+00   5.9999999166963136e-01  -8.4946444501450154e-10   0.0000000000000000e+00   0.0000000000000000e+00
0076   2.9101562500000000e-01   1.0000002460096176e+00   5.9999999081129252e-01  -8.4427258396147604e-10   0.0000000000000000e+00   0.0000000000000000e+00
0077   2.9492187500000000e-01   1.0000002688417116e+00   5.9999998995848547e-01  -8.3857479376952974e-10   0.0000000000000000e+00   0.0000000000000000e+00
0078   2.9882812500000000e-01   1.0000002915118997e+00   5.9999998911172292e-01  -8.3237433337972096e-10   0.0000000000000000e+00   0.0000000000000000e+00
0079   3.0273437500000000e-01   1.0000003140064182e+00   5.9999998827151380e-01  -8.2567509780934633e-10   0.0000000000000000e+00   0.0000000000000000e+00
0080   3.0664062500000000e-01   1.0000003363118091e+00   5.9999998743836247e-01  -8.1848111543564041e-10   0.0000000000000000e+00   0.0000000000000000e+00
0081   3.1054687500000000e-01   1.0000003584146671e+00   5.9999998661276865e-01  -8.1079694696229159e-10   0.0000000000000000e+00   0.0000000000000000e+00
0082   3.1445312500000000e-01   1.0000003803015425e+00   5.9999998579522840e-01  -8.0262749574665991e-10   0.0000000000000000e+00   0.0000000000000000e+00
0083   3.1835937500000000e-01   1.0000004019593276e+00   5.9999998498623164e-01  -7.9397737847257160e-10   0.0000000000000000e+00   0.0000000000000000e+00
0084   3.2226562500000000e-01   1.0000004233749935e+00   5.9999998418626399e-01  -7.8485224044291539e-10   0.0000000000000000e+00   0.0000000000000000e+00
0085   3.2617187500000000e-01   1.0000004445356399e+00   5.9999998339580518e-01  -7.7525646432620384e-10   0.0000000000000000e+00   0.0000000000000000e+00
0086   3.3007812500000000e-01   1.0000004654284773e+00   5.9999998261532939e-01  -7.6519651170228132e-10   0.0000000000000000e+00   0.0000000000000000e+00
0087   3.3398437500000000e-01   1.0000004860409428e+00   5.9999998184530512e-01  -7.5467756567007310e-10   0.0000000000000000e+00   0.0000000000000000e+00
0088   3.3789062500000000e-01   1.0000005063605626e+00   5.9999998108619446e-01  -7.4370547076980064e-10   0.0000000000000000e+00   0.0000000000000000e+00
0089   3.4179687500000000e-01   1.0000005263752092e+00   5.9999998033845303e-01  -7.3228592291476360e-10   0.0000000000000000e+00   0.0000000000000000e+00
0090   3.4570312500000000e-01   1.0000005460727390e+00   5.9999997960253049e-01  -7.2042545440656768e-10   0.0000000000000000e+00   0.0000000000000000e+00
0091   3.4960937500000000e-01   1.0000005654413120e+00   5.9999997887886902e-01  -7.0812974326738078e-10   0.0000000000000000e+00   0.0000000000000000e+00
0092   3.5351562500000000e-01   1.0000005844692683e+00   5.9999997816790462e-01  -6.9540539396901929e-10   0.0000000000000000e+00   0.0000000000000000e+00
0093   3.5742187500000000e-01   1.0000006031451369e+00   5.9999997747006584e-01  -6.8225855794392376e-10   0.0000000000000000e+00   0.0000000000000000e+00
0094   3.6132812500000000e-01   1.0000006214576358e+00   5.9999997678577421e-01  -6.6869572131876561e-10   0.0000000000000000e+00   0.0000000000000000e+00
0095   3.6523437500000000e-01   1.0000006393958019e+00   5.9999997611544342e-01  -6.5472382833653182e-10   0.0000000000000000e+00   0.0000000000000000e+00
0096   3.6914062500000000e-01   1.0000006569487894e+00   5.9999997545948003e-01  -6.4034888345288580e-10   0.0000000000000000e+00   0.0000000000000000e+00
0097   3.7304687500000000e-01   1.0000006741060519e+00   5.9999997481828249e-01  -6.2557813603080011e-10   0.0000000000000000e+00   0.0000000000000000e+00
0098   3.7695312500000000e-01   1.0000006908572296e+00   5.9999997419224094e-01  -6.1041843360362752e-10   0.0000000000000000e+00   0.0000000000000000e+00
0099   3.8085937500000000e-01   1.0000007071922801e+00   5.9999997358173796e-01  -5.9487703980734298e-10   0.0000000000000000e+00   0.0000000000000000e+00
0100   3.8476562500000000e-01   1.0000007231013279e+00   5.9999997298714758e-01  -5.7896145205449266e-10   0.0000000000000000e+00   0.0000000000000000e+00
0101   3.8867187500000000e-01   1.0000007385747889e+00   5.9999997240883507e-01  -5.6267944826376102e-10   0.0000000000000000e+00   0.0000000000000000e+00
0102   3.9257812500000000e-01   1.0000007536034130e+00   5.9999997184715670e-01  -5.4603921346692437e-10   0.0000000000000000e+00   0.0000000000000000e+00
0103   3.9648437500000000e-01   1.0000007681780634e+00   5.9999997130246041e-01  -5.2904883830759524e-10   0.0000000000000000e+00   0.0000000000000000e+00
0104   4.0039062500000000e-01   1.0000007822900616e+00   5.9999997077508394e-01  -5.1171753638205559e-10   0.0000000000000000e+00   0.0000000000000000e+00
0105   4.0429687500000000e-01   1.0000007959308850e+00   5.9999997026535568e-01  -4.9405463117176949e-10   0.0000000000000000e+00   0.0000000000000000e+00
0106   4.0820312500000000e-01   1.0000008090923247e+00   5.9999996977359449e-01  -4.7606959091830058e-10   0.0000000000000000e+00   0.0000000000000000e+00
0107   4.1210937500000000e-01   1.0000008217664682e+00   5.9999996930010824e-01  -4.5777370737667149e-10   0.0000000000000000e+00   0.0000000000000000e+00
0108   4.1601562500000000e-01   1.0000008339456750e+00   5.9999996884519513e-01  -4.3917734559977779e-10   0.0000000000000000e+00   0.0000000000000000e+00
0109   4.1992187500000000e-01   1.0000008456226941e+00   5.9999996840914116e-01  -4.2029271188299206e-10   0.0000000000000000e+00   0.0000000000000000e+00
0110   4.2382812500000000e-01   1.0000008567903880e+00   5.9999996799222155e-01  -4.0113278850756802e-10   0.0000000000000000e+00   0.0000000000000000e+00
0111   4.2773437500000000e-01   1.0000008674420946e+00   5.9999996759469976e-01  -3.8171161366625380e-10   0.0000000000000000e+00   0.0000000000000000e+00
0112   4.3164062500000000e-01   1.0000008775714153e+00   5.9999996721682691e-01  -3.6204348478156832e-10   0.0000000000000000e+00   0.0000000000000000e+00
0113   4.3554687500000000e-01   1.0000008871722750e+00   5.9999996685884127e-01  -3.4214417726993948e-10   0.0000000000000000e+00   0.0000000000000000e+00
0114   4.3945312500000000e-01   1.0000008962389157e+00   5.9999996652096910e-01  -3.2202922356393250e-10   0.0000000000000000e+00   0.0000000000000000e+00
0115   4.4335937500000000e-01   1.0000009047658294e+00   5.9999996620342200e-01  -3.0171651709444856e-10   0.0000000000000000e+00   0.0000000000000000e+00
0116   4.4726562500000000e-01   1.0000009127478906e+00   5.9999996590639637e-01  -2.8122549184800642e-10   0.0000000000000000e+00   0.0000000000000000e+00
0117   4.5117187500000000e-01   1.0000009201803546e+00   5.9999996563007230e-01  -2.6057835392989366e-10   0.0000000000000000e+00   0.0000000000000000e+00
0118   4.5507812500000000e-01   1.0000009270586852e+00   5.9999996537461253e-01  -2.3979788834168563e-10   0.0000000000000000e+00   0.0000000000000000e+00
0119   4.5898437500000000e-01   1.0000009333786830e+00   5.9999996514016696e-01  -2.1890672130947888e-10   0.0000000000000000e+00   0.0000000000000000e+00
0120   4.6289062500000000e-01   1.0000009391366820e+00   5.9999996492687069e-01  -1.9792557908714004e-10   0.0000000000000000e+00   0.0000000000000000e+00
0121   4.6679687500000000e-01   1.0000009443290891e+00   5.9999996473484585e-01  -1.7687695104317099e-10   0.0000000000000000e+00   0.0000000000000000e+00
0122   4.7070312500000000e-01   1.0000009489527877e+00   5.9999996456419002e-01  -1.5578346444858595e-10   0.0000000000000000e+00   0.0000000000000000e+00
0123   4.7460937500000000e-01   1.0000009530050002e+00   5.9999996441498504e-01  -1.3470232463928362e-10   0.0000000000000000e+00   0.0000000000000000e+00
0124   4.7851562500000000e-01   1.0000009564831598e+00   5.9999996428723912e-01  -1.1363889920699077e-10   0.0000000000000000e+00   0.0000000000000000e+00
0125   4.8242187500000000e-01   1.0000009593851740e+00   5.9999996418100243e-01  -9.2836735598026763e-11   0.0000000000000000e+00   0.0000000000000000e+00
0126   4.8632812500000000e-01   1.0000009617090448e+00   5.9999996409608691e-01  -7.1851291890853297e-11   0.0000000000000000e+00   0.0000000000000000e+00
0127   4.9023437500000000e-01   1.0000009634534968e+00   5.9999996403267242e-01  -5.2455756729871769e-11   0.0000000000000000e+00   0.0000000000000000e+00
0128   4.9414062500000000e-01   1.0000009646170882e+00   5.9999996399041711e-01  -2.9757179118481812e-11   0.0000000000000000e+00   0.0000000000000000e+00
0129   4.9804687500000000e-01   1.0000009651990001e+00   5.9999996396926658e-01  -1.8558878959955111e-11   0.0000000000000000e+00   0.0000000000000000e+00
0130   5.0195312500000000e-01   1.0000009651989932e+00   5.9999996396926614e-01   1.8559624073087541e-11   0.0000000000000000e+00   0.0000000000000000e+00
0131   5.0585937500000000e-01   1.0000009646170953e+00   5.9999996399041600e-01   2.9757737952878999e-11   0.0000000000000000e+00   0.0000000000000000e+00
0132   5.0976562500000000e-01   1.0000009634534659e+00   5.9999996403267097e-01   5.2456278308558986e-11   0.0000000000000000e+00   0.0000000000000000e+00
0133   5.1367187500000000e-01   1.0000009617090300e+00   5.9999996409608503e-01   7.1851627190744985e-11   0.0000000000000000e+00   0.0000000000000000e+00
0134   5.1757812500000000e-01   1.0000009593851646e+00   5.9999996418100021e-01   9.2836847363404026e-11   0.0000000000000000e+00   0.0000000000000000e+00
0135   5.2148437500000000e-01   1.0000009564831409e+00   5.9999996428723679e-01   1.1363867567056859e-10   0.0000000000000000e+00   0.0000000000000000e+00
0136   5.2539062500000000e-01   1.0000009530049656e+00   5.9999996441498249e-01   1.3470232463739832e-10   0.0000000000000000e+00   0.0000000000000000e+00
0137   5.2929687500000000e-01   1.0000009489527710e+00   5.9999996456418736e-01   1.5578327816797608e-10   0.0000000000000000e+00   0.0000000000000000e+00
0138   5.3320312500000000e-01   1.0000009443290727e+00   5.9999996473484318e-01   1.7687654122799393e-10   0.0000000000000000e+00   0.0000000000000000e+00
0139   5.3710937500000000e-01   1.0000009391366731e+00   5.9999996492686825e-01   1.9792505750472316e-10   0.0000000000000000e+00   0.0000000000000000e+00
0140   5.4101562500000000e-01   1.0000009333786961e+00   5.9999996514016463e-01   2.1890590168103618e-10   0.0000000000000000e+00   0.0000000000000000e+00
0141   5.4492187500000000e-01   1.0000009270586498e+00   5.9999996537461031e-01   2.3979718048051898e-10   0.0000000000000000e+00   0.0000000000000000e+00
0142   5.4882812500000000e-01   1.0000009201803253e+00   5.9999996563007019e-01   2.6057764606868147e-10   0.0000000000000000e+00   0.0000000000000000e+00
0143   5.5273437500000000e-01   1.0000009127479101e+00   5.9999996590639448e-01   2.8122530556772925e-10   0.0000000000000000e+00   0.0000000000000000e+00
0144   5.5664062500000000e-01   1.0000009047658240e+00   5.9999996620342044e-01   3.0171636806944397e-10   0.0000000000000000e+00   0.0000000000000000e+00
0145   5.6054687500000000e-01   1.0000008962389018e+00   5.9999996652096765e-01   3.2202948435265151e-10   0.0000000000000000e+00   0.0000000000000000e+00
0146   5.6445312500000000e-01   1.0000008871722965e+00   5.9999996685883994e-01   3.4214451256993058e-10   0.0000000000000000e+00   0.0000000000000000e+00
0147   5.6835937500000000e-01   1.0000008775714102e+00   5.9999996721682558e-01   3.6204396910466754e-10   0.0000000000000000e+00   0.0000000000000000e+00
0148   5.7226562500000000e-01   1.0000008674420882e+00   5.9999996759469887e-01   3.8171213524488410e-10   0.0000000000000000e+00   0.0000000000000000e+00
0149   5.7617187500000000e-01   1.0000008567903267e+00   5.9999996799222077e-01   4.0113368264405806e-10   0.0000000000000000e+00   0.0000000000000000e+00
0150   5.8007812500000000e-01   1.0000008456226721e+00   5.9999996840914027e-01   4.2029327071757772e-10   0.0000000000000000e+00   0.0000000000000000e+00
0151   5.8398437500000000e-01   1.0000008339456605e+00   5.9999996884519435e-01   4.3917790443435151e-10   0.0000000000000000e+00   0.0000000000000000e+00
0152   5.8789062500000000e-01   1.0000008217664642e+00   5.9999996930010790e-01   4.5777385639816144e-10   0.0000000000000000e+00   0.0000000000000000e+00
0153   5.9179687500000000e-01   1.0000008090923211e+00   5.9999996977359416e-01   4.7606992621863698e-10   0.0000000000000000e+00   0.0000000000000000e+00
0154   5.9570312500000000e-01   1.0000007959308570e+00   5.9999997026535556e-01   4.9405470568165993e-10   0.0000000000000000e+00   0.0000000000000000e+00
0155   5.9960937500000000e-01   1.0000007822900643e+00   5.9999997077508371e-01   5.1171775991484653e-10   0.0000000000000000e+00   0.0000000000000000e+00
0156   6.0351562500000000e-01   1.0000007681780936e+00   5.9999997130246008e-01   5.2904906184029612e-10   0.0000000000000000e+00   0.0000000000000000e+00
0157   6.0742187500000000e-01   1.0000007536033753e+00   5.9999997184715637e-01   5.4603917620971127e-10   0.0000000000000000e+00   0.0000000000000000e+00
0158   6.1132812500000000e-01   1.0000007385747893e+00   5.9999997240883440e-01   5.6267967179666280e-10   0.0000000000000000e+00   0.0000000000000000e+00
0159   6.1523437500000000e-01   1.0000007231013099e+00   5.9999997298714680e-01   5.7896107949574076e-10   0.0000000000000000e+00   0.0000000000000000e+00
0160   6.1914062500000000e-01   1.0000007071922514e+00   5.9999997358173729e-01   5.9487689078229605e-10   0.0000000000000000e+00   0.0000000000000000e+00
0161   6.2304687500000000e-01   1.0000006908572305e+00   5.9999997419224016e-01   6.1041821006766806e-10   0.0000000000000000e+00   0.0000000000000000e+00
0162   6.2695312500000000e-01   1.0000006741060485e+00   5.9999997481828171e-01   6.2557780072748906e-10   0.0000000000000000e+00   0.0000000000000000e+00
0163   6.3085937500000000e-01   1.0000006569488178e+00   5.9999997545947947e-01   6.4034884619565358e-10   0.0000000000000000e+00   0.0000000000000000e+00
0164   6.3476562500000000e-01   1.0000006393958314e+00   5.9999997611544287e-01   6.5472405186959842e-10   0.0000000000000000e+00   0.0000000000000000e+00
0165   6.3867187500000000e-01   1.0000006214576502e+00   5.9999997678577366e-01   6.6869665271167769e-10   0.0000000000000000e+00   0.0000000000000000e+00
0166   6.4257812500000000e-01   1.0000006031451136e+00   5.9999997747006506e-01   6.8225982463889340e-10   0.0000000000000000e+00   0.0000000000000000e+00
0167   6.4648437500000000e-01   1.0000005844692810e+00   5.9999997816790385e-01   6.9540688419833063e-10   0.0000000000000000e+00   0.0000000000000000e+00
0168   6.5039062500000000e-01   1.0000005654413073e+00   5.9999997887886847e-01   7.0813138251937704e-10   0.0000000000000000e+00   0.0000000000000000e+00
0169   6.5429687500000000e-01   1.0000005460727541e+00   5.9999997960252982e-01   7.2042701914744565e-10   0.0000000000000000e+00   0.0000000000000000e+00
0170   6.5820312500000000e-01   1.0000005263752145e+00   5.9999998033845248e-01   7.3228800923622721e-10   0.0000000000000000e+00   0.0000000000000000e+00
0171   6.6210937500000000e-01   1.0000005063605975e+00   5.9999998108619368e-01   7.4370759434716119e-10   0.0000000000000000e+00   0.0000000000000000e+00
0172   6.6601562500000000e-01   1.0000004860409404e+00   5.9999998184530423e-01   7.5467980101458144e-10   0.0000000000000000e+00   0.0000000000000000e+00
0173   6.6992187500000000e-01   1.0000004654284778e+00   5.9999998261532839e-01   7.6519908234946668e-10   0.0000000000000000e+00   0.0000000000000000e+00
0174   6.7382812500000000e-01   1.0000004445356308e+00   5.9999998339580407e-01   7.7525910948452651e-10   0.0000000000000000e+00   0.0000000000000000e+00
0175   6.7773437500000000e-01   1.0000004233749995e+00   5.9999998418626244e-01   7.8485477383432695e-10   0.0000000000000000e+00   0.0000000000000000e+00
0176   6.8164062500000000e-01   1.0000004019593334e+00   5.9999998498622975e-01   7.9398024716665252e-10   0.0000000000000000e+00   0.0000000000000000e+00
0177   6.8554687500000000e-01   1.0000003803015260e+00   5.9999998579522618e-01   8.0263032718462520e-10   0.0000000000000000e+00   0.0000000000000000e+00
0178   6.8945312500000000e-01   1.0000003584146340e+00   5.9999998661276654e-01   8.1079996467921841e-10   0.0000000000000000e+00   0.0000000000000000e+00
0179   6.9335937500000000e-01   1.0000003363118322e+00   5.9999998743836003e-01   8.1848390961782239e-10   0.0000000000000000e+00   0.0000000000000000e+00
0180   6.9726562500000000e-01   1.0000003140064162e+00   5.9999998827151113e-01   8.2567740766621064e-10   0.0000000000000000e+00   0.0000000000000000e+00
0181   7.0117187500000000e-01   1.0000002915118811e+00   5.9999998911172003e-01   8.3237682951608923e-10   0.0000000000000000e+00   0.0000000000000000e+00
0182   7.0507812500000000e-01   1.0000002688417269e+00   5.9999998995848247e-01   8.3857706637162600e-10   0.0000000000000000e+00   0.0000000000000000e+00
0183   7.0898437500000000e-01   1.0000002460096322e+00   5.9999999081128952e-01   8.4427496833152814e-10   0.0000000000000000e+00   0.0000000000000000e+00
0184   7.1289062500000000e-01   1.0000002230293468e+00   5.9999999166962870e-01   8.4946660584855841e-10   0.0000000000000000e+00   0.0000000000000000e+00
0185   7.1679687500000000e-01   1.0000001999147448e+00   5.9999999253298408e-01   8.5414886042768431e-10   0.0000000000000000e+00   0.0000000000000000e+00
0186   7.2070312500000000e-01   1.0000001766796933e+00   5.9999999340083632e-01   8.5831882490293710e-10   0.0000000000000000e+00   0.0000000000000000e+00
0187   7.2460937500000000e-01   1.0000001533381935e+00   5.9999999427266471e-01   8.6197388189973100e-10   0.0000000000000000e+00   0.0000000000000000e+00
0188   7.2851562500000000e-01   1.0000001299043513e+00   5.9999999514793834e-01   8.6511220011859020e-10   0.0000000000000000e+00   0.0000000000000000e+00
0189   7.3242187500000000e-01   1.0000001063922370e+00   5.9999999602614995e-01   8.6773174740619300e-10   0.0000000000000000e+00   0.0000000000000000e+00
0190   7.3632812500000000e-01   1.0000000828160653e+00   5.9999999690671446e-01   8.6982927616213619e-10   0.0000000000000000e+00   0.0000000000000000e+00
0191   7.4023437500000000e-01   1.0000000591900724e+00   5.9999999778926005e-01   8.7142546625772504e-10   0.0000000000000000e+00   0.0000000000000000e+00
0192   7.4414062500000000e-01   1.0000000355281475e+00   5.9999999867284559e-01   8.7244564182779922e-10   0.0000000000000000e+00   0.0000000000000000e+00
0193   7.4804687500000000e-01   1.0000000118455257e+00   5.9999999955791894e-01   8.7311700600888218e-10   0.0000000000000000e+00   0.0000000000000000e+00
0194   7.5195312500000000e-01   9.9999998815455793e-01   6.0000000044204160e-01   8.7310122270193105e-10   0.0000000000000000e+00   0.0000000000000000e+00
0195   7.5585937500000000e-01   9.9999996447189921e-01   6.0000000132711639e-01   8.7239858775578200e-10   0.0000000000000000e+00   0.0000000000000000e+00
0196   7.5976562500000000e-01   9.9999994080996979e-01   6.0000000221070204e-01   8.7134694859550259e-10   0.0000000000000000e+00   0.0000000000000000e+00
0197   7.6367187500000000e-01   9.9999991718399595e-01   6.0000000309324775e-01   8.6971872516305661e-10   0.0000000000000000e+00   0.0000000000000000e+00
0198   7.6757812500000000e-01   9.9999989360778929e-01   6.0000000397381237e-01   8.6758981845019546e-10   0.0000000000000000e+00   0.0000000000000000e+00
0199   7.7148437500000000e-01   9.9999987009572278e-01   6.0000000485202454e-01   8.6493872466672368e-10   0.0000000000000000e+00   0.0000000000000000e+00
0200   7.7539062500000000e-01   9.9999984666186115e-01   6.0000000572729906e-01   8.6176958131273512e-10   0.0000000000000000e+00   0.0000000000000000e+00
0201   7.7929687500000000e-01   9.9999982332038162e-01   6.0000000659912822e-01   8.5808423008172030e-10   0.0000000000000000e+00   0.0000000000000000e+00
0202   7.8320312500000000e-01   9.9999980008534561e-01   6.0000000746698123e-01   8.5388457266681710e-10   0.0000000000000000e+00   0.0000000000000000e+00
0203   7.8710937500000000e-01   9.9999977697071130e-01   6.0000000833033773e-01   8.4917370673088912e-10   0.0000000000000000e+00   0.0000000000000000e+00
0204   7.9101562500000000e-01   9.9999975399040830e-01   6.0000000918867802e-01   8.4395460999850697e-10   0.0000000000000000e+00   0.0000000000000000e+00
0205   7.9492187500000000e-01   9.9999973115830443e-01   6.0000001004148618e-01   8.3822998729746121e-10   0.0000000000000000e+00   0.0000000000000000e+00
0206   7.9882812500000000e-01   9.9999970848816666e-01   6.0000001088824961e-01   8.3200383893882991e-10   0.0000000000000000e+00   0.0000000000000000e+00
0207   8.0273437500000000e-01   9.9999968599360933e-01   6.0000001172845985e-01   8.2527994453542428e-10   0.0000000000000000e+00   0.0000000000000000e+00
0208   8.0664062500000000e-01   9.9999966368821791e-01   6.0000001256161217e-01   8.1806281328071802e-10   0.0000000000000000e+00   0.0000000000000000e+00
0209   8.1054687500000000e-01   9.9999964158540122e-01   6.0000001338720665e-01   8.1035662994101444e-10   0.0000000000000000e+00   0.0000000000000000e+00
0210   8.1445312500000000e-01   9.9999961969850926e-01   6.0000001420474802e-01   8.0216622012457376e-10   0.0000000000000000e+00   0.0000000000000000e+00
0211   8.1835937500000000e-01   9.9999959804070249e-01   6.0000001501374534e-01   7.9349683077268765e-10   0.0000000000000000e+00   0.0000000000000000e+00
0212   8.2226562500000000e-01   9.9999957662504102e-01   6.0000001581371365e-01   7.8435347090319141e-10   0.0000000000000000e+00   0.0000000000000000e+00
0213   8.2617187500000000e-01   9.9999955546441233e-01   6.0000001660417268e-01   7.7474137729587937e-10   0.0000000000000000e+00   0.0000000000000000e+00
0214   8.3007812500000000e-01   9.9999953457155888e-01   6.0000001738464837e-01   7.6466604027810251e-10   0.0000000000000000e+00   0.0000000000000000e+00
0215   8.3398437500000000e-01   9.9999951395911701e-01   6.0000001815467263e-01   7.5413282679422354e-10   0.0000000000000000e+00   0.0000000000000000e+00
0216   8.3789062500000000e-01   9.9999949363943874e-01   6.0000001891378330e-01   7.4314817523305597e-10   0.0000000000000000e+00   0.0000000000000000e+00
0217   8.4179687500000000e-01   9.9999947362481389e-01   6.0000001966152439e-01   7.3171718335228569e-10   0.0000000000000000e+00   0.0000000000000000e+00
0218   8.4570312500000000e-01   9.9999945392729350e-01   6.0000002039744693e-01   7.1984649335248830e-10   0.0000000000000000e+00   0.0000000000000000e+00
0219   8.4960937500000000e-01   9.9999943455869200e-01   6.0000002112110817e-01   7.0754174432354073e-10   0.0000000000000000e+00   0.0000000000000000e+00
0220   8.5351562500000000e-01   9.9999941553075622e-01   6.0000002183207191e-01   6.9480909219585907e-10   0.0000000000000000e+00   0.0000000000000000e+00
0221   8.5742187500000000e-01   9.9999939685487349e-01   6.0000002252990992e-01   6.8165573029262032e-10   0.0000000000000000e+00   0.0000000000000000e+00
0222   8.6132812500000000e-01   9.9999937854236354e-01   6.0000002321420121e-01   6.6808754758268766e-10   0.0000000000000000e+00   0.0000000000000000e+00
0223   8.6523437500000000e-01   9.9999936060418770e-01   6.0000002388453155e-01   6.5411137568720951e-10   0.0000000000000000e+00   0.0000000000000000e+00
0224   8.6914062500000000e-01   9.9999934305120042e-01   6.0000002454049461e-01   6.3973362822959822e-10   0.0000000000000000e+00   0.0000000000000000e+00
0225   8.7304687500000000e-01   9.9999932589395113e-01   6.0000002518169226e-01   6.2496129335152888e-10   0.0000000000000000e+00   0.0000000000000000e+00
0226   8.7695312500000000e-01   9.9999930914276824e-01   6.0000002580773348e-01   6.0980144190253392e-10   0.0000000000000000e+00   0.0000000000000000e+00
0227   8.8085937500000000e-01   9.9999929280771882e-01   6.0000002641823635e-01   5.9426137477072507e-10   0.0000000000000000e+00   0.0000000000000000e+00
0228   8.8476562500000000e-01   9.9999927689869395e-01   6.0000002701282673e-01   5.7834855232348574e-10   0.0000000000000000e+00   0.0000000000000000e+00
0229   8.8867187500000000e-01   9.9999926142519135e-01   6.0000002759113924e-01   5.6207060388108738e-10   0.0000000000000000e+00   0.0000000000000000e+00
0230   8.9257812500000000e-01   9.9999924639660809e-01   6.0000002815281750e-01   5.4543578962438245e-10   0.0000000000000000e+00   0.0000000000000000e+00
0231   8.9648437500000000e-01   9.9999923182191774e-01   6.0000002869751401e-01   5.2845261085848176e-10   0.0000000000000000e+00   0.0000000000000000e+00
0232   9.0039062500000000e-01   9.9999921770991052e-01   6.0000002922489071e-01   5.1112979791357381e-10   0.0000000000000000e+00   0.0000000000000000e+00
0233   9.0429687500000000e-01   9.9999920406910425e-01   6.0000002973461930e-01   4.9347671279321570e-10   0.0000000000000000e+00   0.0000000000000000e+00
0234   9.0820312500000000e-01   9.9999919090765022e-01   6.0000003022638115e-01   4.7550379385952040e-10   0.0000000000000000e+00   0.0000000000000000e+00
0235   9.1210937500000000e-01   9.9999917823348927e-01   6.0000003069986829e-01   4.5722069528338003e-10   0.0000000000000000e+00   0.0000000000000000e+00
0236   9.1601562500000000e-01   9.9999916605427330e-01   6.0000003115478251e-01   4.3863886440347886e-10   0.0000000000000000e+00   0.0000000000000000e+00
0237   9.1992187500000000e-01   9.9999915437732567e-01   6.0000003159083726e-01   4.1977054683336418e-10   0.0000000000000000e+00   0.0000000000000000e+00
0238   9.2382812500000000e-01   9.9999914320961902e-01   6.0000003200775776e-01   4.0062820552203881e-10   0.0000000000000000e+00   0.0000000000000000e+00
0239   9.2773437500000000e-01   9.9999913255788753e-01   6.0000003240528033e-01   3.8122591835029198e-10   0.0000000000000000e+00   0.0000000000000000e+00
0240   9.3164062500000000e-01   9.9999912242853894e-01   6.0000003278315384e-01   3.6157779907017830e-10   0.0000000000000000e+00   0.0000000000000000e+00
0241   9.3554687500000000e-01   9.9999911282765797e-01   6.0000003314113981e-01   3.4169906704117548e-10   0.0000000000000000e+00   0.0000000000000000e+00
0242   9.3945312500000000e-01   9.9999910376104761e-01   6.0000003347901221e-01   3.2160615177887429e-10   0.0000000000000000e+00   0.0000000000000000e+00
0243   9.4335937500000000e-01   9.9999909523415798e-01   6.0000003379655975e-01   3.0131601842018703e-10   0.0000000000000000e+00   0.0000000000000000e+00
0244   9.4726562500000000e-01   9.9999908725205056e-01   6.0000003409358538e-01   2.8084855127583952e-10   0.0000000000000000e+00   0.0000000000000000e+00
0245   9.5117187500000000e-01   9.9999907981961556e-01   6.0000003436990978e-01   2.6022517747698935e-10   0.0000000000000000e+00   0.0000000000000000e+00
0246   9.5507812500000000e-01   9.9999907294130841e-01   6.0000003462536933e-01   2.3946928165128659e-10   0.0000000000000000e+00   0.0000000000000000e+00
0247   9.5898437500000000e-01   9.9999906662124438e-01   6.0000003485981479e-01   2.1860345642470488e-10   0.0000000000000000e+00   0.0000000000000000e+00
0248   9.6289062500000000e-01   9.9999906086329526e-01   6.0000003507311084e-01   1.9764802200449140e-10   0.0000000000000000e+00   0.0000000000000000e+00
0249   9.6679687500000000e-01   9.9999905567087144e-01   6.0000003526513546e-01   1.7662617949550855e-10   0.0000000000000000e+00   0.0000000000000000e+00
0250   9.7070312500000000e-01   9.9999905104715270e-01   6.0000003543579106e-01   1.5555981502557907e-10   0.0000000000000000e+00   0.0000000000000000e+00
0251   9.7460937500000000e-01   9.9999904699494091e-01   6.0000003558499582e-01   1.3450591452116190e-10   0.0000000000000000e+00   0.0000000000000000e+00
0252   9.7851562500000000e-01   9.9999904351678826e-01   6.0000003571274163e-01   1.1347093009726838e-10   0.0000000000000000e+00   0.0000000000000000e+00
0253   9.8242187500000000e-01   9.9999904061475553e-01   6.0000003581897843e-01   9.2697966758057797e-11   0.0000000000000000e+00   0.0000000000000000e+00
0254   9.8632812500000000e-01   9.9999903829088876e-01   6.0000003590389372e-01   7.1742262411752986e-11   0.0000000000000000e+00   0.0000000000000000e+00
0255   9.9023437500000000e-01   9.9999903654644762e-01   6.0000003596730811e-01   5.2376976123614598e-11   0.0000000000000000e+00   0.0000000000000000e+00
0256   9.9414062500000000e-01   9.9999903538286439e-01   6.0000003600956331e-01   2.9709449813382844e-11   0.0000000000000000e+00   0.0000000000000000e+00
0257   9.9804687500000000e-01   9.9999903480090524e-01   6.0000003603071261e-01   1.8542402918767173e-11   0.0000000000000000e+00   0.0000000000000000e+00
