# Athena++ data at time=1.512519e+02  cycle=77441  variables=prim 
# i       x1v         rho          press          vel1         vel2         vel3     
0002   1.9531250000000000e-03   9.9999896277378986e-01   5.9999996400350486e-01   1.8561355319254033e-11   0.0000000000000000e+00   0.0000000000000000e+00
0003   5.8593750000000000e-03   9.9999896339796734e-01   5.9999996402460776e-01   2.9819357551492084e-11   0.0000000000000000e+00   0.0000000000000000e+00
0004   9.7656250000000000e-03   9.9999896464596694e-01   5.9999996406676526e-01   5.2551058955003617e-11   0.0000000000000000e+00   0.0000000000000000e+00
0005   1.3671875000000000e-02   9.9999896651711806e-01   5.9999996413003454e-01   7.1987069817897200e-11   0.0000000000000000e+00   0.0000000000000000e+00
0006   1.7578125000000000e-02   9.9999896901060692e-01   5.9999996421475821e-01   9.3009655712503548e-11   0.0000000000000000e+00   0.0000000000000000e+00
0007   2.1484375000000000e-02   9.9999897212487177e-01   5.9999996432075886e-01   1.1385013950355034e-10   0.0000000000000000e+00   0.0000000000000000e+00
0008   2.5390625000000000e-02   9.9999897585825270e-01   5.9999996444822579e-01   1.3495376426928701e-10   0.0000000000000000e+00   0.0000000000000000e+00
0009   2.9296875000000000e-02   9.9999898020854017e-01   5.9999996459711114e-01   1.5607886291226746e-10   0.0000000000000000e+00   0.0000000000000000e+00
0010   3.3203125000000000e-02   9.9999898517322017e-01   5.9999996476740913e-01   1.7722022718983094e-10   0.0000000000000000e+00   0.0000000000000000e+00
0011   3.7109375000000000e-02   9.9999899074928233e-01   5.9999996495904118e-01   1.9832255467737650e-10   0.0000000000000000e+00   0.0000000000000000e+00
0012   4.1015625000000000e-02   9.9999899693341998e-01   5.9999996517191267e-01   2.1936384484621719e-10   0.0000000000000000e+00   0.0000000000000000e+00
0013   4.4921875000000000e-02   9.9999900372189943e-01   5.9999996540590483e-01   2.4032229446660157e-10   0.0000000000000000e+00   0.0000000000000000e+00
0014   4.8828125000000000e-02   9.9999901111065914e-01   5.9999996566088565e-01   2.6117690773588590e-10   0.0000000000000000e+00   0.0000000000000000e+00
0015   5.2734375000000000e-02   9.9999901909523559e-01   5.9999996593670957e-01   2.8190598080065763e-10   0.0000000000000000e+00   0.0000000000000000e+00
0016   5.6640625000000000e-02   9.9999902767085291e-01   5.9999996623321616e-01   3.0248629194590411e-10   0.0000000000000000e+00   0.0000000000000000e+00
0017   6.0546875000000000e-02   9.9999903683230817e-01   5.9999996655022925e-01   3.2289549340032113e-10   0.0000000000000000e+00   0.0000000000000000e+00
0018   6.4453125000000000e-02   9.9999904657411864e-01   5.9999996688755608e-01   3.4311379270838030e-10   0.0000000000000000e+00   0.0000000000000000e+00
0019   6.8359375000000000e-02   9.9999905689040780e-01   5.9999996724498750e-01   3.6312302344843434e-10   0.0000000000000000e+00   0.0000000000000000e+00
0020   7.2265625000000000e-02   9.9999906777495717e-01   5.9999996762230068e-01   3.8290645813260365e-10   0.0000000000000000e+00   0.0000000000000000e+00
0021   7.6171875000000000e-02   9.9999907922113751e-01   5.9999996801925970e-01   4.0244791013552319e-10   0.0000000000000000e+00   0.0000000000000000e+00
0022   8.0078125000000000e-02   9.9999909122213215e-01   5.9999996843561576e-01   4.2173250884894774e-10   0.0000000000000000e+00   0.0000000000000000e+00
0023   8.3984375000000000e-02   9.9999910377064416e-01   5.9999996887110740e-01   4.4074501248586200e-10   0.0000000000000000e+00   0.0000000000000000e+00
0024   8.7890625000000000e-02   9.9999911685913145e-01   5.9999996932546151e-01   4.5947206637088551e-10   0.0000000000000000e+00   0.0000000000000000e+00
0025   9.1796875000000000e-02   9.9999913047967459e-01   5.9999996979839321e-01   4.7790002397327404e-10   0.0000000000000000e+00   0.0000000000000000e+00
0026   9.5703125000000000e-02   9.9999914462408013e-01   5.9999997028960539e-01   4.9601768174120724e-10   0.0000000000000000e+00   0.0000000000000000e+00
0027   9.9609375000000000e-02   9.9999915928382055e-01   5.9999997079879075e-01   5.1381289983097298e-10   0.0000000000000000e+00   0.0000000000000000e+00
0028   1.0351562500000000e-01   9.9999917445006214e-01   5.9999997132563132e-01   5.3127544025865111e-10   0.0000000000000000e+00   0.0000000000000000e+00
0029   1.0742187500000000e-01   9.9999919011359317e-01   5.9999997186979825e-01   5.4839439848881408e-10   0.0000000000000000e+00   0.0000000000000000e+00
0030   1.1132812500000000e-01   9.9999920626501826e-01   5.9999997243095338e-01   5.6516054816558597e-10   0.0000000000000000e+00   0.0000000000000000e+00
0031   1.1523437500000000e-01   9.9999922289462295e-01   5.9999997300874897e-01   5.8156450841314182e-10   0.0000000000000000e+00   0.0000000000000000e+00
0032   1.1914062500000000e-01   9.9999923999232987e-01   5.9999997360282753e-01   5.9759788666684283e-10   0.0000000000000000e+00   0.0000000000000000e+00
0033   1.2304687500000000e-01   9.9999925754786223e-01   5.9999997421282292e-01   6.1325221832581766e-10   0.0000000000000000e+00   0.0000000000000000e+00
0034   1.2695312500000000e-01   9.9999927555061474e-01   5.9999997483835954e-01   6.2851901885658027e-10   0.0000000000000000e+00   0.0000000000000000e+00
0035   1.3085937500000000e-01   9.9999929398977061e-01   5.9999997547905426e-01   6.4339146976830394e-10   0.0000000000000000e+00   0.0000000000000000e+00
0036   1.3476562500000000e-01   9.9999931285418220e-01   5.9999997613451472e-01   6.5786166563988615e-10   0.0000000000000000e+00   0.0000000000000000e+00
0037   1.3867187500000000e-01   9.9999933213249803e-01   5.9999997680434103e-01   6.7192295954243971e-10   0.0000000000000000e+00   0.0000000000000000e+00
0038   1.4257812500000000e-01   9.9999935181308686e-01   5.9999997748812517e-01   6.8556809276329146e-10   0.0000000000000000e+00   0.0000000000000000e+00
0039   1.4648437500000000e-01   9.9999937188410903e-01   5.9999997818545225e-01   6.9879104420268136e-10   0.0000000000000000e+00   0.0000000000000000e+00
0040   1.5039062500000000e-01   9.9999939233348789e-01   5.9999997889589929e-01   7.1158518540358512e-10   0.0000000000000000e+00   0.0000000000000000e+00
0041   1.5429687500000000e-01   9.9999941314886476e-01   5.9999997961903606e-01   7.2394433536480460e-10   0.0000000000000000e+00   0.0000000000000000e+00
0042   1.5820312500000000e-01   9.9999943431768235e-01   5.9999998035442537e-01   7.3586254238008909e-10   0.0000000000000000e+00   0.0000000000000000e+00
0043   1.6210937500000000e-01   9.9999945582724903e-01   5.9999998110162356e-01   7.4733393398371638e-10   0.0000000000000000e+00   0.0000000000000000e+00
0044   1.6601562500000000e-01   9.9999947766458053e-01   5.9999998186017978e-01   7.5835300746148438e-10   0.0000000000000000e+00   0.0000000000000000e+00
0045   1.6992187500000000e-01   9.9999949981652692e-01   5.9999998262963750e-01   7.6891357252383441e-10   0.0000000000000000e+00   0.0000000000000000e+00
0046   1.7382812500000000e-01   9.9999952226973232e-01   5.9999998340953387e-01   7.7901007164050500e-10   0.0000000000000000e+00   0.0000000000000000e+00
0047   1.7773437500000000e-01   9.9999954501067922e-01   5.9999998419939971e-01   7.8863792489570766e-10   0.0000000000000000e+00   0.0000000000000000e+00
0048   1.8164062500000000e-01   9.9999956802568057e-01   5.9999998499876084e-01   7.9779144629722581e-10   0.0000000000000000e+00   0.0000000000000000e+00
0049   1.8554687500000000e-01   9.9999959130085780e-01   5.9999998580713643e-01   8.0646600024720972e-10   0.0000000000000000e+00   0.0000000000000000e+00
0050   1.8945312500000000e-01   9.9999961482221544e-01   5.9999998662404119e-01   8.1465687239544689e-10   0.0000000000000000e+00   0.0000000000000000e+00
0051   1.9335937500000000e-01   9.9999963857555019e-01   5.9999998744898497e-01   8.2235921374091898e-10   0.0000000000000000e+00   0.0000000000000000e+00
0052   1.9726562500000000e-01   9.9999966254656558e-01   5.9999998828147227e-01   8.2956853630608443e-10   0.0000000000000000e+00   0.0000000000000000e+00
0053   2.0117187500000000e-01   9.9999968672086570e-01   5.9999998912100327e-01   8.3628049363023664e-10   0.0000000000000000e+00   0.0000000000000000e+00
0054   2.0507812500000000e-01   9.9999971108383490e-01   5.9999998996707438e-01   8.4249154798817601e-10   0.0000000000000000e+00   0.0000000000000000e+00
0055   2.0898437500000000e-01   9.9999973562085087e-01   5.9999999081917732e-01   8.4819817717535449e-10   0.0000000000000000e+00   0.0000000000000000e+00
0056   2.1289062500000000e-01   9.9999976031709514e-01   5.9999999167680040e-01   8.5339681887864229e-10   0.0000000000000000e+00   0.0000000000000000e+00
0057   2.1679687500000000e-01   9.9999978515773724e-01   5.9999999253942859e-01   8.5808399374757360e-10   0.0000000000000000e+00   0.0000000000000000e+00
0058   2.2070312500000000e-01   9.9999981012771122e-01   5.9999999340654309e-01   8.6225753847468720e-10   0.0000000000000000e+00   0.0000000000000000e+00
0059   2.2460937500000000e-01   9.9999983521211022e-01   5.9999999427762518e-01   8.6591477633863273e-10   0.0000000000000000e+00   0.0000000000000000e+00
0060   2.2851562500000000e-01   9.9999986039576827e-01   5.9999999515214442e-01   8.6905410718762761e-10   0.0000000000000000e+00   0.0000000000000000e+00
0061   2.3242187500000000e-01   9.9999988566351861e-01   5.9999999602959453e-01   8.7167387098544955e-10   0.0000000000000000e+00   0.0000000000000000e+00
0062   2.3632812500000000e-01   9.9999991100007823e-01   5.9999999690939199e-01   8.7376993443875061e-10   0.0000000000000000e+00   0.0000000000000000e+00
0063   2.4023437500000000e-01   9.9999993639036300e-01   5.9999999779116575e-01   8.7536382478307576e-10   0.0000000000000000e+00   0.0000000000000000e+00
0064   2.4414062500000000e-01   9.9999996181869766e-01   5.9999999867397891e-01   8.7637977443624339e-10   0.0000000000000000e+00   0.0000000000000000e+00
0065   2.4804687500000000e-01   9.9999998727069928e-01   5.9999999955826933e-01   8.7704598957813304e-10   0.0000000000000000e+00   0.0000000000000000e+00
0066   2.5195312500000000e-01   1.0000000127291568e+00   6.0000000044162560e-01   8.7702379251614142e-10   0.0000000000000000e+00   0.0000000000000000e+00
0067   2.5585937500000000e-01   1.0000000381811343e+00   6.0000000132591724e-01   8.7631448513388349e-10   0.0000000000000000e+00   0.0000000000000000e+00
0068   2.5976562500000000e-01   1.0000000636094597e+00   6.0000000220873118e-01   8.7525484089884786e-10   0.0000000000000000e+00   0.0000000000000000e+00
0069   2.6367187500000000e-01   1.0000000889997558e+00   6.0000000309050538e-01   8.7361750638487620e-10   0.0000000000000000e+00   0.0000000000000000e+00
0070   2.6757812500000000e-01   1.0000001143363513e+00   6.0000000397030506e-01   8.7147828230121539e-10   0.0000000000000000e+00   0.0000000000000000e+00
0071   2.7148437500000000e-01   1.0000001396040787e+00   6.0000000484775728e-01   8.6881586086600968e-10   0.0000000000000000e+00   0.0000000000000000e+00
0072   2.7539062500000000e-01   1.0000001647877617e+00   6.0000000572227929e-01   8.6563418505179264e-10   0.0000000000000000e+00   0.0000000000000000e+00
0073   2.7929687500000000e-01   1.0000001898721294e+00   6.0000000659336405e-01   8.6193550700301564e-10   0.0000000000000000e+00   0.0000000000000000e+00
0074   2.8320312500000000e-01   1.0000002148421629e+00   6.0000000746048154e-01   8.5772105039357785e-10   0.0000000000000000e+00   0.0000000000000000e+00
0075   2.8710937500000000e-01   1.0000002396827861e+00   6.0000000832311240e-01   8.5299415869805793e-10   0.0000000000000000e+00   0.0000000000000000e+00
0076   2.9101562500000000e-01   1.0000002643789860e+00   6.0000000918073826e-01   8.4775740127730891e-10   0.0000000000000000e+00   0.0000000000000000e+00
0077   2.9492187500000000e-01   1.0000002889160029e+00   6.0000001003284420e-01   8.4201399301259878e-10   0.0000000000000000e+00   0.0000000000000000e+00
0078   2.9882812500000000e-01   1.0000003132790429e+00   6.0000001087891830e-01   8.3576741813757388e-10   0.0000000000000000e+00   0.0000000000000000e+00
0079   3.0273437500000000e-01   1.0000003374532993e+00   6.0000001171845230e-01   8.2902112088010096e-10   0.0000000000000000e+00   0.0000000000000000e+00
0080   3.0664062500000000e-01   1.0000003614243385e+00   6.0000001255094271e-01   8.2177949250414086e-10   0.0000000000000000e+00   0.0000000000000000e+00
0081   3.1054687500000000e-01   1.0000003851777266e+00   6.0000001337588948e-01   8.1404657820496199e-10   0.0000000000000000e+00   0.0000000000000000e+00
0082   3.1445312500000000e-01   1.0000004086990706e+00   6.0000001419279725e-01   8.0582712366560652e-10   0.0000000000000000e+00   0.0000000000000000e+00
0083   3.1835937500000000e-01   1.0000004319742108e+00   6.0000001500117572e-01   7.9712541610362506e-10   0.0000000000000000e+00   0.0000000000000000e+00
0084   3.2226562500000000e-01   1.0000004549892423e+00   6.0000001580053952e-01   7.8794653963083306e-10   0.0000000000000000e+00   0.0000000000000000e+00
0085   3.2617187500000000e-01   1.0000004777302063e+00   6.0000001659040814e-01   7.7829546250798632e-10   0.0000000000000000e+00   0.0000000000000000e+00
0086   3.3007812500000000e-01   1.0000005001834120e+00   6.0000001737030728e-01   7.6817697410814782e-10   0.0000000000000000e+00   0.0000000000000000e+00
0087   3.3398437500000000e-01   1.0000005223353832e+00   6.0000001813976789e-01   7.5759680696070135e-10   0.0000000000000000e+00   0.0000000000000000e+00
0088   3.3789062500000000e-01   1.0000005441726729e+00   6.0000001889832710e-01   7.4656044194908211e-10   0.0000000000000000e+00   0.0000000000000000e+00
0089   3.4179687500000000e-01   1.0000005656822479e+00   6.0000001964552763e-01   7.3507291246736103e-10   0.0000000000000000e+00   0.0000000000000000e+00
0090   3.4570312500000000e-01   1.0000005868510955e+00   6.0000002038091960e-01   7.2314024103488285e-10   0.0000000000000000e+00   0.0000000000000000e+00
0091   3.4960937500000000e-01   1.0000006076664678e+00   6.0000002110405881e-01   7.1076870833809567e-10   0.0000000000000000e+00   0.0000000000000000e+00
0092   3.5351562500000000e-01   1.0000006281158347e+00   6.0000002181450818e-01   6.9796385487071265e-10   0.0000000000000000e+00   0.0000000000000000e+00
0093   3.5742187500000000e-01   1.0000006481868742e+00   6.0000002251183793e-01   6.8473189768207713e-10   0.0000000000000000e+00   0.0000000000000000e+00
0094   3.6132812500000000e-01   1.0000006678674696e+00   6.0000002319562507e-01   6.7107965050051491e-10   0.0000000000000000e+00   0.0000000000000000e+00
0095   3.6523437500000000e-01   1.0000006871458174e+00   6.0000002386545381e-01   6.5701279831429820e-10   0.0000000000000000e+00   0.0000000000000000e+00
0096   3.6914062500000000e-01   1.0000007060102134e+00   6.0000002452091705e-01   6.4253975415747444e-10   0.0000000000000000e+00   0.0000000000000000e+00
0097   3.7304687500000000e-01   1.0000007244493883e+00   6.0000002516161455e-01   6.2766604688219709e-10   0.0000000000000000e+00   0.0000000000000000e+00
0098   3.7695312500000000e-01   1.0000007424521513e+00   6.0000002578715417e-01   6.1240021505667687e-10   0.0000000000000000e+00   0.0000000000000000e+00
0099   3.8085937500000000e-01   1.0000007600077054e+00   6.0000002639715200e-01   5.9674866736130016e-10   0.0000000000000000e+00   0.0000000000000000e+00
0100   3.8476562500000000e-01   1.0000007771054358e+00   6.0000002699123345e-01   5.8071988854012286e-10   0.0000000000000000e+00   0.0000000000000000e+00
0101   3.8867187500000000e-01   1.0000007937350053e+00   6.0000002756903170e-01   5.6432189653420852e-10   0.0000000000000000e+00   0.0000000000000000e+00
0102   3.9257812500000000e-01   1.0000008098864868e+00   6.0000002813018982e-01   5.4756423945265540e-10   0.0000000000000000e+00   0.0000000000000000e+00
0103   3.9648437500000000e-01   1.0000008255499702e+00   6.0000002867435975e-01   5.3045503229122209e-10   0.0000000000000000e+00   0.0000000000000000e+00
0104   4.0039062500000000e-01   1.0000008407161887e+00   6.0000002920120288e-01   5.1300476911597154e-10   0.0000000000000000e+00   0.0000000000000000e+00
0105   4.0429687500000000e-01   1.0000008553759421e+00   6.0000002971039135e-01   4.9522305172012747e-10   0.0000000000000000e+00   0.0000000000000000e+00
0106   4.0820312500000000e-01   1.0000008695203721e+00   6.0000003020160686e-01   4.7712146070032853e-10   0.0000000000000000e+00   0.0000000000000000e+00
0107   4.1210937500000000e-01   1.0000008831409473e+00   6.0000003067454133e-01   4.5871042372681884e-10   0.0000000000000000e+00   0.0000000000000000e+00
0108   4.1601562500000000e-01   1.0000008962294267e+00   6.0000003112889855e-01   4.4000293440986436e-10   0.0000000000000000e+00   0.0000000000000000e+00
0109   4.1992187500000000e-01   1.0000009087779631e+00   6.0000003156439286e-01   4.2101096472976794e-10   0.0000000000000000e+00   0.0000000000000000e+00
0110   4.2382812500000000e-01   1.0000009207789473e+00   6.0000003198075136e-01   4.0174936173070335e-10   0.0000000000000000e+00   0.0000000000000000e+00
0111   4.2773437500000000e-01   1.0000009322251624e+00   6.0000003237771316e-01   3.8223154397286614e-10   0.0000000000000000e+00   0.0000000000000000e+00
0112   4.3164062500000000e-01   1.0000009431096566e+00   6.0000003275502878e-01   3.6247387477004646e-10   0.0000000000000000e+00   0.0000000000000000e+00
0113   4.3554687500000000e-01   1.0000009534259542e+00   6.0000003311246253e-01   3.4249224533321843e-10   0.0000000000000000e+00   0.0000000000000000e+00
0114   4.3945312500000000e-01   1.0000009631677791e+00   6.0000003344979147e-01   3.2230267807842445e-10   0.0000000000000000e+00   0.0000000000000000e+00
0115   4.4335937500000000e-01   1.0000009723292664e+00   6.0000003376680666e-01   3.0192367765984807e-10   0.0000000000000000e+00   0.0000000000000000e+00
0116   4.4726562500000000e-01   1.0000009809048584e+00   6.0000003406331526e-01   2.8137392192942832e-10   0.0000000000000000e+00   0.0000000000000000e+00
0117   4.5117187500000000e-01   1.0000009888894963e+00   6.0000003433914073e-01   2.6067736385255214e-10   0.0000000000000000e+00   0.0000000000000000e+00
0118   4.5507812500000000e-01   1.0000009962782521e+00   6.0000003459412321e-01   2.3985547744551620e-10   0.0000000000000000e+00   0.0000000000000000e+00
0119   4.5898437500000000e-01   1.0000010030667106e+00   6.0000003482811681e-01   2.1893157199956846e-10   0.0000000000000000e+00   0.0000000000000000e+00
0120   4.6289062500000000e-01   1.0000010092508766e+00   6.0000003504098987e-01   1.9792530566312310e-10   0.0000000000000000e+00   0.0000000000000000e+00
0121   4.6679687500000000e-01   1.0000010148269438e+00   6.0000003523262324e-01   1.7685937945467441e-10   0.0000000000000000e+00   0.0000000000000000e+00
0122   4.7070312500000000e-01   1.0000010197915883e+00   6.0000003540292246e-01   1.5575523880984910e-10   0.0000000000000000e+00   0.0000000000000000e+00
0123   4.7460937500000000e-01   1.0000010241418822e+00   6.0000003555180881e-01   1.3466915856028125e-10   0.0000000000000000e+00   0.0000000000000000e+00
0124   4.7851562500000000e-01   1.0000010278752818e+00   6.0000003567927684e-01   1.1360597832498157e-10   0.0000000000000000e+00   0.0000000000000000e+00
0125   4.8242187500000000e-01   1.0000010309894982e+00   6.0000003578527872e-01   9.2806847132306824e-11   0.0000000000000000e+00   0.0000000000000000e+00
0126   4.8632812500000000e-01   1.0000010334830312e+00   6.0000003587000317e-01   7.1827346512596205e-11   0.0000000000000000e+00   0.0000000000000000e+00
0127   4.9023437500000000e-01   1.0000010353541644e+00   6.0000003593327389e-01   5.2435483449527109e-11   0.0000000000000000e+00   0.0000000000000000e+00
0128   4.9414062500000000e-01   1.0000010366021737e+00   6.0000003597543217e-01   2.9748447791721534e-11   0.0000000000000000e+00   0.0000000000000000e+00
0129   4.9804687500000000e-01   1.0000010372263284e+00   6.0000003599653462e-01   1.8536496941404854e-11   0.0000000000000000e+00   0.0000000000000000e+00
0130   5.0195312500000000e-01   1.0000010372263262e+00   6.0000003599653440e-01  -1.8538471500416112e-11   0.0000000000000000e+00   0.0000000000000000e+00
0131   5.0585937500000000e-01   1.0000010366022039e+00   6.0000003597543194e-01  -2.9750385094963032e-11   0.0000000000000000e+00   0.0000000000000000e+00
0132   5.0976562500000000e-01   1.0000010353541331e+00   6.0000003593327356e-01  -5.2437420752741310e-11   0.0000000000000000e+00   0.0000000000000000e+00
0133   5.1367187500000000e-01   1.0000010334829985e+00   6.0000003587000295e-01  -7.1828985769843310e-11   0.0000000000000000e+00   0.0000000000000000e+00
0134   5.1757812500000000e-01   1.0000010309895047e+00   6.0000003578527805e-01  -9.2808635412587202e-11   0.0000000000000000e+00   0.0000000000000000e+00
0135   5.2148437500000000e-01   1.0000010278752620e+00   6.0000003567927618e-01  -1.1360761758229924e-10   0.0000000000000000e+00   0.0000000000000000e+00
0136   5.2539062500000000e-01   1.0000010241418462e+00   6.0000003555180836e-01  -1.3467117037506091e-10   0.0000000000000000e+00   0.0000000000000000e+00
0137   5.2929687500000000e-01   1.0000010197915921e+00   6.0000003540292202e-01  -1.5575743690330212e-10   0.0000000000000000e+00   0.0000000000000000e+00
0138   5.3320312500000000e-01   1.0000010148269298e+00   6.0000003523262302e-01  -1.7686146578097866e-10   0.0000000000000000e+00   0.0000000000000000e+00
0139   5.3710937500000000e-01   1.0000010092508604e+00   6.0000003504098987e-01  -1.9792720571067798e-10   0.0000000000000000e+00   0.0000000000000000e+00
0140   5.4101562500000000e-01   1.0000010030667033e+00   6.0000003482811703e-01  -2.1893343479126737e-10   0.0000000000000000e+00   0.0000000000000000e+00
0141   5.4492187500000000e-01   1.0000009962782199e+00   6.0000003459412365e-01  -2.3985726572571719e-10   0.0000000000000000e+00   0.0000000000000000e+00
0142   5.4882812500000000e-01   1.0000009888894579e+00   6.0000003433914151e-01  -2.6067911487714260e-10   0.0000000000000000e+00   0.0000000000000000e+00
0143   5.5273437500000000e-01   1.0000009809048849e+00   6.0000003406331626e-01  -2.8137574746499914e-10   0.0000000000000000e+00   0.0000000000000000e+00
0144   5.5664062500000000e-01   1.0000009723292662e+00   6.0000003376680777e-01  -3.0192498161544970e-10   0.0000000000000000e+00   0.0000000000000000e+00
0145   5.6054687500000000e-01   1.0000009631677773e+00   6.0000003344979269e-01  -3.2230420556807164e-10   0.0000000000000000e+00   0.0000000000000000e+00
0146   5.6445312500000000e-01   1.0000009534259797e+00   6.0000003311246397e-01  -3.4249388459034920e-10   0.0000000000000000e+00   0.0000000000000000e+00
0147   5.6835937500000000e-01   1.0000009431096752e+00   6.0000003275503044e-01  -3.6247607286332446e-10   0.0000000000000000e+00   0.0000000000000000e+00
0148   5.7226562500000000e-01   1.0000009322251509e+00   6.0000003237771493e-01  -3.8223333225314086e-10   0.0000000000000000e+00   0.0000000000000000e+00
0149   5.7617187500000000e-01   1.0000009207789011e+00   6.0000003198075336e-01  -4.0175115001055641e-10   0.0000000000000000e+00   0.0000000000000000e+00
0150   5.8007812500000000e-01   1.0000009087779742e+00   6.0000003156439474e-01  -4.2101305105591049e-10   0.0000000000000000e+00   0.0000000000000000e+00
0151   5.8398437500000000e-01   1.0000008962293927e+00   6.0000003112890055e-01  -4.4000498348023177e-10   0.0000000000000000e+00   0.0000000000000000e+00
0152   5.8789062500000000e-01   1.0000008831409413e+00   6.0000003067454344e-01  -4.5871265907538555e-10   0.0000000000000000e+00   0.0000000000000000e+00
0153   5.9179687500000000e-01   1.0000008695203653e+00   6.0000003020160908e-01  -4.7712373330493518e-10   0.0000000000000000e+00   0.0000000000000000e+00
0154   5.9570312500000000e-01   1.0000008553759152e+00   6.0000002971039401e-01  -4.9522539883658116e-10   0.0000000000000000e+00   0.0000000000000000e+00
0155   5.9960937500000000e-01   1.0000008407162131e+00   6.0000002920120576e-01  -5.1300681818631342e-10   0.0000000000000000e+00   0.0000000000000000e+00
0156   6.0351562500000000e-01   1.0000008255500092e+00   6.0000002867436242e-01  -5.3045693233878269e-10   0.0000000000000000e+00   0.0000000000000000e+00
0157   6.0742187500000000e-01   1.0000008098864130e+00   6.0000002813019260e-01  -5.4756580419826225e-10   0.0000000000000000e+00   0.0000000000000000e+00
0158   6.1132812500000000e-01   1.0000007937350002e+00   6.0000002756903459e-01  -5.6432357304669609e-10   0.0000000000000000e+00   0.0000000000000000e+00
0159   6.1523437500000000e-01   1.0000007771054047e+00   6.0000002699123611e-01  -5.8072100621597459e-10   0.0000000000000000e+00   0.0000000000000000e+00
0160   6.1914062500000000e-01   1.0000007600076688e+00   6.0000002639715466e-01  -5.9674959875896429e-10   0.0000000000000000e+00   0.0000000000000000e+00
0161   6.2304687500000000e-01   1.0000007424521531e+00   6.0000002578715661e-01  -6.1240073664041666e-10   0.0000000000000000e+00   0.0000000000000000e+00
0162   6.2695312500000000e-01   1.0000007244493834e+00   6.0000002516161677e-01  -6.2766679200050161e-10   0.0000000000000000e+00   0.0000000000000000e+00
0163   6.3085937500000000e-01   1.0000007060102520e+00   6.0000002452091905e-01  -6.4253986592773037e-10   0.0000000000000000e+00   0.0000000000000000e+00
0164   6.3476562500000000e-01   1.0000006871458369e+00   6.0000002386545526e-01  -6.5701317087501135e-10   0.0000000000000000e+00   0.0000000000000000e+00
0165   6.3867187500000000e-01   1.0000006678674942e+00   6.0000002319562584e-01  -6.7107920343419052e-10   0.0000000000000000e+00   0.0000000000000000e+00
0166   6.4257812500000000e-01   1.0000006481868779e+00   6.0000002251183837e-01  -6.8473115256947654e-10   0.0000000000000000e+00   0.0000000000000000e+00
0167   6.4648437500000000e-01   1.0000006281158631e+00   6.0000002181450840e-01  -6.9796269994502058e-10   0.0000000000000000e+00   0.0000000000000000e+00
0168   6.5039062500000000e-01   1.0000006076664780e+00   6.0000002110405870e-01  -7.1076762792393787e-10   0.0000000000000000e+00   0.0000000000000000e+00
0169   6.5429687500000000e-01   1.0000005868511244e+00   6.0000002038091960e-01  -7.2313904885306326e-10   0.0000000000000000e+00   0.0000000000000000e+00
0170   6.5820312500000000e-01   1.0000005656822535e+00   6.0000001964552774e-01  -7.3507190656455323e-10   0.0000000000000000e+00   0.0000000000000000e+00
0171   6.6210937500000000e-01   1.0000005441727000e+00   6.0000001889832688e-01  -7.4655921251124946e-10   0.0000000000000000e+00   0.0000000000000000e+00
0172   6.6601562500000000e-01   1.0000005223353627e+00   6.0000001813976789e-01  -7.5759609910414401e-10   0.0000000000000000e+00   0.0000000000000000e+00
0173   6.6992187500000000e-01   1.0000005001834016e+00   6.0000001737030739e-01  -7.6817648978511823e-10   0.0000000000000000e+00   0.0000000000000000e+00
0174   6.7382812500000000e-01   1.0000004777301907e+00   6.0000001659040825e-01  -7.7829482916277702e-10   0.0000000000000000e+00   0.0000000000000000e+00
0175   6.7773437500000000e-01   1.0000004549892425e+00   6.0000001580053941e-01  -7.8794642786565841e-10   0.0000000000000000e+00   0.0000000000000000e+00
0176   6.8164062500000000e-01   1.0000004319742406e+00   6.0000001500117561e-01  -7.9712541610505205e-10   0.0000000000000000e+00   0.0000000000000000e+00
0177   6.8554687500000000e-01   1.0000004086990406e+00   6.0000001419279714e-01  -8.0582745896935442e-10   0.0000000000000000e+00   0.0000000000000000e+00
0178   6.8945312500000000e-01   1.0000003851776942e+00   6.0000001337588893e-01  -8.1404698802064347e-10   0.0000000000000000e+00   0.0000000000000000e+00
0179   6.9335937500000000e-01   1.0000003614243707e+00   6.0000001255094182e-01  -8.2178005134261675e-10   0.0000000000000000e+00   0.0000000000000000e+00
0180   6.9726562500000000e-01   1.0000003374532933e+00   6.0000001171845141e-01  -8.2902190325349117e-10   0.0000000000000000e+00   0.0000000000000000e+00
0181   7.0117187500000000e-01   1.0000003132790358e+00   6.0000001087891708e-01  -8.3576846130106470e-10   0.0000000000000000e+00   0.0000000000000000e+00
0182   7.0507812500000000e-01   1.0000002889160355e+00   6.0000001003284298e-01  -8.4201499891952377e-10   0.0000000000000000e+00   0.0000000000000000e+00
0183   7.0898437500000000e-01   1.0000002643790171e+00   6.0000000918073737e-01  -8.4775851895128512e-10   0.0000000000000000e+00   0.0000000000000000e+00
0184   7.1289062500000000e-01   1.0000002396827783e+00   6.0000000832311151e-01  -8.5299538814048288e-10   0.0000000000000000e+00   0.0000000000000000e+00
0185   7.1679687500000000e-01   1.0000002148421681e+00   6.0000000746048043e-01  -8.5772201904469295e-10   0.0000000000000000e+00   0.0000000000000000e+00
0186   7.2070312500000000e-01   1.0000001898721413e+00   6.0000000659336317e-01  -8.6193602858521336e-10   0.0000000000000000e+00   0.0000000000000000e+00
0187   7.2460937500000000e-01   1.0000001647877361e+00   6.0000000572227907e-01  -8.6563463212161982e-10   0.0000000000000000e+00   0.0000000000000000e+00
0188   7.2851562500000000e-01   1.0000001396040989e+00   6.0000000484775751e-01  -8.6881630793564940e-10   0.0000000000000000e+00   0.0000000000000000e+00
0189   7.3242187500000000e-01   1.0000001143363391e+00   6.0000000397030584e-01  -8.7147854309209458e-10   0.0000000000000000e+00   0.0000000000000000e+00
0190   7.3632812500000000e-01   1.0000000889997864e+00   6.0000000309050694e-01  -8.7361765540795610e-10   0.0000000000000000e+00   0.0000000000000000e+00
0191   7.4023437500000000e-01   1.0000000636094641e+00   6.0000000220873295e-01  -8.7525484089938325e-10   0.0000000000000000e+00   0.0000000000000000e+00
0192   7.4414062500000000e-01   1.0000000381811358e+00   6.0000000132591913e-01  -8.7631463415738339e-10   0.0000000000000000e+00   0.0000000000000000e+00
0193   7.4804687500000000e-01   1.0000000127291748e+00   6.0000000044162749e-01  -8.7702397879467562e-10   0.0000000000000000e+00   0.0000000000000000e+00
0194   7.5195312500000000e-01   9.9999998727071793e-01   5.9999999955827166e-01  -8.7704595232188857e-10   0.0000000000000000e+00   0.0000000000000000e+00
0195   7.5585937500000000e-01   9.9999996181868589e-01   5.9999999867398146e-01  -8.7637988620435298e-10   0.0000000000000000e+00   0.0000000000000000e+00
0196   7.5976562500000000e-01   9.9999993639035889e-01   5.9999999779116897e-01  -8.7536311692364500e-10   0.0000000000000000e+00   0.0000000000000000e+00
0197   7.6367187500000000e-01   9.9999991100007601e-01   5.9999999690939554e-01  -8.7376937560132709e-10   0.0000000000000000e+00   0.0000000000000000e+00
0198   7.6757812500000000e-01   9.9999988566350506e-01   5.9999999602959841e-01  -8.7167327489206488e-10   0.0000000000000000e+00   0.0000000000000000e+00
0199   7.7148437500000000e-01   9.9999986039577216e-01   5.9999999515214830e-01  -8.6905332481530002e-10   0.0000000000000000e+00   0.0000000000000000e+00
0200   7.7539062500000000e-01   9.9999983521212621e-01   5.9999999427762907e-01  -8.6591362140906904e-10   0.0000000000000000e+00   0.0000000000000000e+00
0201   7.7929687500000000e-01   9.9999981012773553e-01   5.9999999340654708e-01  -8.6225627177711215e-10   0.0000000000000000e+00   0.0000000000000000e+00
0202   7.8320312500000000e-01   9.9999978515772581e-01   5.9999999253943270e-01  -8.5808227998049417e-10   0.0000000000000000e+00   0.0000000000000000e+00
0203   7.8710937500000000e-01   9.9999976031712390e-01   5.9999999167680451e-01  -8.5339476980799715e-10   0.0000000000000000e+00   0.0000000000000000e+00
0204   7.9101562500000000e-01   9.9999973562084632e-01   5.9999999081918143e-01  -8.4819590457112845e-10   0.0000000000000000e+00   0.0000000000000000e+00
0205   7.9492187500000000e-01   9.9999971108383856e-01   5.9999998996707793e-01  -8.4248975970895404e-10   0.0000000000000000e+00   0.0000000000000000e+00
0206   7.9882812500000000e-01   9.9999968672085793e-01   5.9999998912100649e-01  -8.3627851907163375e-10   0.0000000000000000e+00   0.0000000000000000e+00
0207   8.0273437500000000e-01   9.9999966254656858e-01   5.9999998828147505e-01  -8.2956633821259483e-10   0.0000000000000000e+00   0.0000000000000000e+00
0208   8.0664062500000000e-01   9.9999963857554020e-01   5.9999998744898742e-01  -8.2235723918178039e-10   0.0000000000000000e+00   0.0000000000000000e+00
0209   8.1054687500000000e-01   9.9999961482217448e-01   5.9999998662404330e-01  -8.1465497234813548e-10   0.0000000000000000e+00   0.0000000000000000e+00
0210   8.1445312500000000e-01   9.9999959130085347e-01   5.9999998580713843e-01  -8.0646413745622126e-10   0.0000000000000000e+00   0.0000000000000000e+00
0211   8.1835937500000000e-01   9.9999956802567602e-01   5.9999998499876273e-01  -7.9778973252836360e-10   0.0000000000000000e+00   0.0000000000000000e+00
0212   8.2226562500000000e-01   9.9999954501068167e-01   5.9999998419940170e-01  -7.8863609935903757e-10   0.0000000000000000e+00   0.0000000000000000e+00
0213   8.2617187500000000e-01   9.9999952226973254e-01   5.9999998340953564e-01  -7.7900809708166771e-10   0.0000000000000000e+00   0.0000000000000000e+00
0214   8.3007812500000000e-01   9.9999949981650804e-01   5.9999998262963905e-01  -7.6891170973130398e-10   0.0000000000000000e+00   0.0000000000000000e+00
0215   8.3398437500000000e-01   9.9999947766460240e-01   5.9999998186018100e-01  -7.5835077211043676e-10   0.0000000000000000e+00   0.0000000000000000e+00
0216   8.3789062500000000e-01   9.9999945582724836e-01   5.9999998110162422e-01  -7.4733184765640523e-10   0.0000000000000000e+00   0.0000000000000000e+00
0217   8.4179687500000000e-01   9.9999943431767757e-01   5.9999998035442592e-01  -7.3586008349445947e-10   0.0000000000000000e+00   0.0000000000000000e+00
0218   8.4570312500000000e-01   9.9999941314886043e-01   5.9999997961903651e-01  -7.2394195099020166e-10   0.0000000000000000e+00   0.0000000000000000e+00
0219   8.4960937500000000e-01   9.9999939233346546e-01   5.9999997889589962e-01  -7.1158239121519794e-10   0.0000000000000000e+00   0.0000000000000000e+00
0220   8.5351562500000000e-01   9.9999937188412780e-01   5.9999997818545237e-01  -6.9878851080552058e-10   0.0000000000000000e+00   0.0000000000000000e+00
0221   8.5742187500000000e-01   9.9999935181307364e-01   5.9999997748812495e-01  -6.8556559662118732e-10   0.0000000000000000e+00   0.0000000000000000e+00
0222   8.6132812500000000e-01   9.9999933213248426e-01   5.9999997680434025e-01  -6.7192046340017830e-10   0.0000000000000000e+00   0.0000000000000000e+00
0223   8.6523437500000000e-01   9.9999931285416943e-01   5.9999997613451406e-01  -6.5785954205509586e-10   0.0000000000000000e+00   0.0000000000000000e+00
0224   8.6914062500000000e-01   9.9999929398975518e-01   5.9999997547905337e-01  -6.4338956971808303e-10   0.0000000000000000e+00   0.0000000000000000e+00
0225   8.7304687500000000e-01   9.9999927555061829e-01   5.9999997483835898e-01  -6.2851741685300625e-10   0.0000000000000000e+00   0.0000000000000000e+00
0226   8.7695312500000000e-01   9.9999925754785479e-01   5.9999997421282258e-01  -6.1325106339247345e-10   0.0000000000000000e+00   0.0000000000000000e+00
0227   8.8085937500000000e-01   9.9999923999231766e-01   5.9999997360282742e-01  -5.9759736508181957e-10   0.0000000000000000e+00   0.0000000000000000e+00
0228   8.8476562500000000e-01   9.9999922289462440e-01   5.9999997300874897e-01  -5.8156469468930066e-10   0.0000000000000000e+00   0.0000000000000000e+00
0229   8.8867187500000000e-01   9.9999920626501559e-01   5.9999997243095360e-01  -5.6516084620853040e-10   0.0000000000000000e+00   0.0000000000000000e+00
0230   8.9257812500000000e-01   9.9999919011360483e-01   5.9999997186979848e-01  -5.4839451025204518e-10   0.0000000000000000e+00   0.0000000000000000e+00
0231   8.9648437500000000e-01   9.9999917445005715e-01   5.9999997132563154e-01  -5.3127581281266875e-10   0.0000000000000000e+00   0.0000000000000000e+00
0232   9.0039062500000000e-01   9.9999915928384309e-01   5.9999997079879153e-01  -5.1381342140863269e-10   0.0000000000000000e+00   0.0000000000000000e+00
0233   9.0429687500000000e-01   9.9999914462411776e-01   5.9999997028960605e-01  -4.9601816606315188e-10   0.0000000000000000e+00   0.0000000000000000e+00
0234   9.0820312500000000e-01   9.9999913047968847e-01   5.9999996979839409e-01  -4.7790062006284509e-10   0.0000000000000000e+00   0.0000000000000000e+00
0235   9.1210937500000000e-01   9.9999911685910747e-01   5.9999996932546273e-01  -4.5947228990157345e-10   0.0000000000000000e+00   0.0000000000000000e+00
0236   9.1601562500000000e-01   9.9999910377062939e-01   5.9999996887110874e-01  -4.4074534778459445e-10   0.0000000000000000e+00   0.0000000000000000e+00
0237   9.1992187500000000e-01   9.9999909122213759e-01   5.9999996843561731e-01  -4.2173235982164499e-10   0.0000000000000000e+00   0.0000000000000000e+00
0238   9.2382812500000000e-01   9.9999907922115960e-01   5.9999996801926136e-01  -4.0244798464287300e-10   0.0000000000000000e+00   0.0000000000000000e+00
0239   9.2773437500000000e-01   9.9999906777495040e-01   5.9999996762230279e-01  -3.8290649538405523e-10   0.0000000000000000e+00   0.0000000000000000e+00
0240   9.3164062500000000e-01   9.9999905689041035e-01   5.9999996724499005e-01  -3.6312309795571482e-10   0.0000000000000000e+00   0.0000000000000000e+00
0241   9.3554687500000000e-01   9.9999904657412508e-01   5.9999996688755874e-01  -3.4311397898305915e-10   0.0000000000000000e+00   0.0000000000000000e+00
0242   9.3945312500000000e-01   9.9999903683231384e-01   5.9999996655023191e-01  -3.2289579144236125e-10   0.0000000000000000e+00   0.0000000000000000e+00
0243   9.4335937500000000e-01   9.9999902767087279e-01   5.9999996623321872e-01  -3.0248673901153831e-10   0.0000000000000000e+00   0.0000000000000000e+00
0244   9.4726562500000000e-01   9.9999901909523981e-01   5.9999996593671201e-01  -2.8190653963369196e-10   0.0000000000000000e+00   0.0000000000000000e+00
0245   9.5117187500000000e-01   9.9999901111064604e-01   5.9999996566088809e-01  -2.6117746656894366e-10   0.0000000000000000e+00   0.0000000000000000e+00
0246   9.5507812500000000e-01   9.9999900372190553e-01   5.9999996540590717e-01  -2.4032259250894459e-10   0.0000000000000000e+00   0.0000000000000000e+00
0247   9.5898437500000000e-01   9.9999899693340222e-01   5.9999996517191501e-01  -2.1936429191160104e-10   0.0000000000000000e+00   0.0000000000000000e+00
0248   9.6289062500000000e-01   9.9999899074929410e-01   5.9999996495904317e-01  -1.9832300174264657e-10   0.0000000000000000e+00   0.0000000000000000e+00
0249   9.6679687500000000e-01   9.9999898517321262e-01   5.9999996476741102e-01  -1.7722052523187418e-10   0.0000000000000000e+00   0.0000000000000000e+00
0250   9.7070312500000000e-01   9.9999898020854894e-01   5.9999996459711258e-01  -1.5607856486115700e-10   0.0000000000000000e+00   0.0000000000000000e+00
0251   9.7460937500000000e-01   9.9999897585824471e-01   5.9999996444822756e-01  -1.3495335445067035e-10   0.0000000000000000e+00   0.0000000000000000e+00
0252   9.7851562500000000e-01   9.9999897212488287e-01   5.9999996432076064e-01  -1.1384909633582210e-10   0.0000000000000000e+00   0.0000000000000000e+00
0253   9.8242187500000000e-01   9.9999896901061658e-01   5.9999996421475954e-01  -9.3008351753922585e-11   0.0000000000000000e+00   0.0000000000000000e+00
0254   9.8632812500000000e-01   9.9999896651709463e-01   5.9999996413003542e-01  -7.1985505068509384e-11   0.0000000000000000e+00   0.0000000000000000e+00
0255   9.9023437500000000e-01   9.9999896464598470e-01   5.9999996406676559e-01  -5.2549605973131921e-11   0.0000000000000000e+00   0.0000000000000000e+00
0256   9.9414062500000000e-01   9.9999896339797534e-01   5.9999996402460798e-01  -2.9817643778785083e-11   0.0000000000000000e+00   0.0000000000000000e+00
0257   9.9804687500000000e-01   9.9999896277377576e-01   5.9999996400350486e-01  -1.8559939593152562e-11   0.0000000000000000e+00   0.0000000000000000e+00
