# Athena++ data at time=1.082519e+02  cycle=55425  variables=prim 
# i       x1v         rho          press          vel1         vel2         vel3     
0002   1.9531250000000000e-03   9.9999896273651057e-01   5.9999996396622968e-01   1.8560396178851768e-11   0.0000000000000000e+00   0.0000000000000000e+00
0003   5.8593750000000000e-03   9.9999896336074745e-01   5.9999996398738409e-01   2.9754449520174742e-11   0.0000000000000000e+00   0.0000000000000000e+00
0004   9.7656250000000000e-03   9.9999896460885274e-01   5.9999996402964861e-01   5.2451483177187148e-11   0.0000000000000000e+00   0.0000000000000000e+00
0005   1.3671875000000000e-02   9.9999896648015840e-01   5.9999996409307688e-01   7.1844479164917740e-11   0.0000000000000000e+00   0.0000000000000000e+00
0006   1.7578125000000000e-02   9.9999896897386575e-01   5.9999996417801105e-01   9.2827958891341886e-11   0.0000000000000000e+00   0.0000000000000000e+00
0007   2.1484375000000000e-02   9.9999897208838229e-01   5.9999996428427060e-01   1.1362750715009305e-10   0.0000000000000000e+00   0.0000000000000000e+00
0008   2.5390625000000000e-02   9.9999897582207264e-01   5.9999996441204362e-01   1.3468847785805572e-10   0.0000000000000000e+00   0.0000000000000000e+00
0009   2.9296875000000000e-02   9.9999898017271149e-01   5.9999996456127935e-01   1.5576622262070284e-10   0.0000000000000000e+00   0.0000000000000000e+00
0010   3.3203125000000000e-02   9.9999898513778085e-01   5.9999996473196926e-01   1.7685560684690032e-10   0.0000000000000000e+00   0.0000000000000000e+00
0011   3.7109375000000000e-02   9.9999899071427922e-01   5.9999996492403174e-01   1.9789953898745070e-10   0.0000000000000000e+00   0.0000000000000000e+00
0012   4.1015625000000000e-02   9.9999899689887461e-01   5.9999996513736853e-01   2.1887534706441207e-10   0.0000000000000000e+00   0.0000000000000000e+00
0013   4.4921875000000000e-02   9.9999900368784855e-01   5.9999996537185707e-01   2.3976074268468297e-10   0.0000000000000000e+00   0.0000000000000000e+00
0014   4.8828125000000000e-02   9.9999901107713318e-01   5.9999996562736202e-01   2.6053435665402083e-10   0.0000000000000000e+00   0.0000000000000000e+00
0015   5.2734375000000000e-02   9.9999901906225774e-01   5.9999996590373350e-01   2.8117399996702321e-10   0.0000000000000000e+00   0.0000000000000000e+00
0016   5.6640625000000000e-02   9.9999902763843629e-01   5.9999996620080753e-01   3.0165637557666499e-10   0.0000000000000000e+00   0.0000000000000000e+00
0017   6.0546875000000000e-02   9.9999903680048463e-01   5.9999996651840415e-01   3.2195980550264106e-10   0.0000000000000000e+00   0.0000000000000000e+00
0018   6.4453125000000000e-02   9.9999904654288951e-01   5.9999996685632639e-01   3.4206464550674172e-10   0.0000000000000000e+00   0.0000000000000000e+00
0019   6.8359375000000000e-02   9.9999905685977952e-01   5.9999996721436266e-01   3.6195380878783349e-10   0.0000000000000000e+00   0.0000000000000000e+00
0020   7.2265625000000000e-02   9.9999906774493885e-01   5.9999996759228647e-01   3.8161056706801654e-10   0.0000000000000000e+00   0.0000000000000000e+00
0021   7.6171875000000000e-02   9.9999907919173836e-01   5.9999996798985888e-01   4.0102003689431306e-10   0.0000000000000000e+00   0.0000000000000000e+00
0022   8.0078125000000000e-02   9.9999909119334129e-01   5.9999996840682834e-01   4.2016745865485488e-10   0.0000000000000000e+00   0.0000000000000000e+00
0023   8.3984375000000000e-02   9.9999910374247014e-01   5.9999996884293194e-01   4.3903945259136572e-10   0.0000000000000000e+00   0.0000000000000000e+00
0024   8.7890625000000000e-02   9.9999911683155585e-01   5.9999996929789379e-01   4.5762299857826910e-10   0.0000000000000000e+00   0.0000000000000000e+00
0025   9.1796875000000000e-02   9.9999913045270727e-01   5.9999996977142767e-01   4.7590627488026862e-10   0.0000000000000000e+00   0.0000000000000000e+00
0026   9.5703125000000000e-02   9.9999914459771433e-01   5.9999997026323582e-01   4.9387837526153047e-10   0.0000000000000000e+00   0.0000000000000000e+00
0027   9.9609375000000000e-02   9.9999915925804894e-01   5.9999997077300959e-01   5.1152853762473350e-10   0.0000000000000000e+00   0.0000000000000000e+00
0028   1.0351562500000000e-01   9.9999917442485364e-01   5.9999997130043103e-01   5.2884764095438561e-10   0.0000000000000000e+00   0.0000000000000000e+00
0029   1.0742187500000000e-01   9.9999919008896587e-01   5.9999997184517151e-01   5.4582593495126392e-10   0.0000000000000000e+00   0.0000000000000000e+00
0030   1.1132812500000000e-01   9.9999920624096506e-01   5.9999997240689285e-01   5.6245460239233328e-10   0.0000000000000000e+00   0.0000000000000000e+00
0031   1.1523437500000000e-01   9.9999922287111698e-01   5.9999997298524810e-01   5.7872526764061201e-10   0.0000000000000000e+00   0.0000000000000000e+00
0032   1.1914062500000000e-01   9.9999923996938045e-01   5.9999997357988044e-01   5.9463017082598066e-10   0.0000000000000000e+00   0.0000000000000000e+00
0033   1.2304687500000000e-01   9.9999925752546015e-01   5.9999997419042472e-01   6.1016185261401849e-10   0.0000000000000000e+00   0.0000000000000000e+00
0034   1.2695312500000000e-01   9.9999927552876244e-01   5.9999997481650746e-01   6.2531216314683802e-10   0.0000000000000000e+00   0.0000000000000000e+00
0035   1.3085937500000000e-01   9.9999929396845888e-01   5.9999997545774619e-01   6.4007428332252694e-10   0.0000000000000000e+00   0.0000000000000000e+00
0036   1.3476562500000000e-01   9.9999931283341759e-01   5.9999997611375055e-01   6.5444120126293857e-10   0.0000000000000000e+00   0.0000000000000000e+00
0037   1.3867187500000000e-01   9.9999933211227088e-01   5.9999997678412276e-01   6.6840619494626374e-10   0.0000000000000000e+00   0.0000000000000000e+00
0038   1.4257812500000000e-01   9.9999935179342692e-01   5.9999997746845624e-01   6.8196252667604139e-10   0.0000000000000000e+00   0.0000000000000000e+00
0039   1.4648437500000000e-01   9.9999937186500443e-01   5.9999997816633732e-01   6.9510339243218378e-10   0.0000000000000000e+00   0.0000000000000000e+00
0040   1.5039062500000000e-01   9.9999939231493140e-01   5.9999997887734480e-01   7.0782242401516754e-10   0.0000000000000000e+00   0.0000000000000000e+00
0041   1.5429687500000000e-01   9.9999941313087004e-01   5.9999997960104989e-01   7.2011284381633315e-10   0.0000000000000000e+00   0.0000000000000000e+00
0042   1.5820312500000000e-01   9.9999943430027394e-01   5.9999998033701751e-01   7.3196884865353686e-10   0.0000000000000000e+00   0.0000000000000000e+00
0043   1.6210937500000000e-01   9.9999945581042438e-01   5.9999998108480479e-01   7.4338445381465821e-10   0.0000000000000000e+00   0.0000000000000000e+00
0044   1.6601562500000000e-01   9.9999947764837294e-01   5.9999998184396286e-01   7.5435352277191258e-10   0.0000000000000000e+00   0.0000000000000000e+00
0045   1.6992187500000000e-01   9.9999949980092606e-01   5.9999998261403598e-01   7.6486975302440133e-10   0.0000000000000000e+00   0.0000000000000000e+00
0046   1.7382812500000000e-01   9.9999952225475519e-01   5.9999998339456173e-01   7.7492717680147991e-10   0.0000000000000000e+00   0.0000000000000000e+00
0047   1.7773437500000000e-01   9.9999954499635180e-01   5.9999998418507172e-01   7.8452020787226451e-10   0.0000000000000000e+00   0.0000000000000000e+00
0048   1.8164062500000000e-01   9.9999956801200340e-01   5.9999998498509211e-01   7.9364353241497259e-10   0.0000000000000000e+00   0.0000000000000000e+00
0049   1.8554687500000000e-01   9.9999959128786653e-01   5.9999998579414282e-01   8.0229158306523536e-10   0.0000000000000000e+00   0.0000000000000000e+00
0050   1.8945312500000000e-01   9.9999961480990907e-01   5.9999998661173881e-01   8.1045953335497248e-10   0.0000000000000000e+00   0.0000000000000000e+00
0051   1.9335937500000000e-01   9.9999963856394847e-01   5.9999998743738969e-01   8.1814227316183659e-10   0.0000000000000000e+00   0.0000000000000000e+00
0052   1.9726562500000000e-01   9.9999966253569728e-01   5.9999998827059964e-01   8.2533456908115079e-10   0.0000000000000000e+00   0.0000000000000000e+00
0053   2.0117187500000000e-01   9.9999968671072226e-01   5.9999998911086905e-01   8.3203255868521420e-10   0.0000000000000000e+00   0.0000000000000000e+00
0054   2.0507812500000000e-01   9.9999971107445507e-01   5.9999998995769277e-01   8.3823158630434041e-10   0.0000000000000000e+00   0.0000000000000000e+00
0055   2.0898437500000000e-01   9.9999973561224020e-01   5.9999999081056221e-01   8.4392835301688826e-10   0.0000000000000000e+00   0.0000000000000000e+00
0056   2.1289062500000000e-01   9.9999976030926374e-01   5.9999999166896478e-01   8.4911903548789067e-10   0.0000000000000000e+00   0.0000000000000000e+00
0057   2.1679687500000000e-01   9.9999978515068444e-01   5.9999999253238467e-01   8.5380056397060167e-10   0.0000000000000000e+00   0.0000000000000000e+00
0058   2.2070312500000000e-01   9.9999981012147399e-01   5.9999999340030219e-01   8.5797002985448840e-10   0.0000000000000000e+00   0.0000000000000000e+00
0059   2.2460937500000000e-01   9.9999983520668134e-01   5.9999999427219730e-01   8.6162442093160783e-10   0.0000000000000000e+00   0.0000000000000000e+00
0060   2.2851562500000000e-01   9.9999986039116229e-01   5.9999999514753843e-01   8.6476258401082708e-10   0.0000000000000000e+00   0.0000000000000000e+00
0061   2.3242187500000000e-01   9.9999988565974551e-01   5.9999999602581788e-01   8.6738259802876693e-10   0.0000000000000000e+00   0.0000000000000000e+00
0062   2.3632812500000000e-01   9.9999991099713770e-01   5.9999999690645034e-01   8.6947984548453129e-10   0.0000000000000000e+00   0.0000000000000000e+00
0063   2.4023437500000000e-01   9.9999993638826434e-01   5.9999999778906477e-01   8.7107659819943719e-10   0.0000000000000000e+00   0.0000000000000000e+00
0064   2.4414062500000000e-01   9.9999996181744333e-01   5.9999999867271880e-01   8.7209686544397514e-10   0.0000000000000000e+00   0.0000000000000000e+00
0065   2.4804687500000000e-01   9.9999998727028472e-01   5.9999999955786154e-01   8.7276851938572130e-10   0.0000000000000000e+00   0.0000000000000000e+00
0066   2.5195312500000000e-01   1.0000000127295898e+00   6.0000000044205271e-01   8.7275332652177155e-10   0.0000000000000000e+00   0.0000000000000000e+00
0067   2.5585937500000000e-01   1.0000000381824217e+00   6.0000000132719644e-01   8.7205106124813093e-10   0.0000000000000000e+00   0.0000000000000000e+00
0068   2.5976562500000000e-01   1.0000000636115804e+00   6.0000000221085126e-01   8.7100036270153646e-10   0.0000000000000000e+00   0.0000000000000000e+00
0069   2.6367187500000000e-01   1.0000000890027134e+00   6.0000000309346568e-01   8.6937316830608995e-10   0.0000000000000000e+00   0.0000000000000000e+00
0070   2.6757812500000000e-01   1.0000001143401407e+00   6.0000000397409881e-01   8.6724494308032214e-10   0.0000000000000000e+00   0.0000000000000000e+00
0071   2.7148437500000000e-01   1.0000001396087008e+00   6.0000000485237914e-01   8.6459527391093301e-10   0.0000000000000000e+00   0.0000000000000000e+00
0072   2.7539062500000000e-01   1.0000001647931880e+00   6.0000000572772161e-01   8.6142728402518191e-10   0.0000000000000000e+00   0.0000000000000000e+00
0073   2.7929687500000000e-01   1.0000001898783961e+00   6.0000000659961839e-01   8.5774359836263970e-10   0.0000000000000000e+00   0.0000000000000000e+00
0074   2.8320312500000000e-01   1.0000002148492033e+00   6.0000000746753768e-01   8.5354577600572570e-10   0.0000000000000000e+00   0.0000000000000000e+00
0075   2.8710937500000000e-01   1.0000002396906267e+00   6.0000000833095990e-01   8.4883660177930488e-10   0.0000000000000000e+00   0.0000000000000000e+00
0076   2.9101562500000000e-01   1.0000002643876258e+00   6.0000000918936480e-01   8.4361879425112531e-10   0.0000000000000000e+00   0.0000000000000000e+00
0077   2.9492187500000000e-01   1.0000002889254049e+00   6.0000001004223635e-01   8.3789575479312800e-10   0.0000000000000000e+00   0.0000000000000000e+00
0078   2.9882812500000000e-01   1.0000003132891790e+00   6.0000001088906241e-01   8.3167167572877031e-10   0.0000000000000000e+00   0.0000000000000000e+00
0079   3.0273437500000000e-01   1.0000003374641844e+00   6.0000001172933426e-01   8.2494970349095482e-10   0.0000000000000000e+00   0.0000000000000000e+00
0080   3.0664062500000000e-01   1.0000003614359407e+00   6.0000001256254676e-01   8.1773456491648836e-10   0.0000000000000000e+00   0.0000000000000000e+00
0081   3.1054687500000000e-01   1.0000003851900481e+00   6.0000001338820019e-01   8.1003060353824235e-10   0.0000000000000000e+00   0.0000000000000000e+00
0082   3.1445312500000000e-01   1.0000004087120653e+00   6.0000001420579896e-01   8.0184297516272246e-10   0.0000000000000000e+00   0.0000000000000000e+00
0083   3.1835937500000000e-01   1.0000004319879021e+00   6.0000001501485245e-01   7.9317615361824595e-10   0.0000000000000000e+00   0.0000000000000000e+00
0084   3.2226562500000000e-01   1.0000004550035559e+00   6.0000001581487539e-01   7.8403548415626953e-10   0.0000000000000000e+00   0.0000000000000000e+00
0085   3.2617187500000000e-01   1.0000004777451854e+00   6.0000001660538771e-01   7.7442664326662899e-10   0.0000000000000000e+00   0.0000000000000000e+00
0086   3.3007812500000000e-01   1.0000005001990300e+00   6.0000001738591568e-01   7.6435486777972454e-10   0.0000000000000000e+00   0.0000000000000000e+00
0087   3.3398437500000000e-01   1.0000005223515933e+00   6.0000001815599069e-01   7.5382551807560563e-10   0.0000000000000000e+00   0.0000000000000000e+00
0088   3.3789062500000000e-01   1.0000005441894892e+00   6.0000001891515098e-01   7.4284441076369687e-10   0.0000000000000000e+00   0.0000000000000000e+00
0089   3.4179687500000000e-01   1.0000005656996636e+00   6.0000001966294025e-01   7.3141821893731080e-10   0.0000000000000000e+00   0.0000000000000000e+00
0090   3.4570312500000000e-01   1.0000005868690929e+00   6.0000002039890987e-01   7.1955203418360182e-10   0.0000000000000000e+00   0.0000000000000000e+00
0091   3.4960937500000000e-01   1.0000006076850347e+00   6.0000002112261686e-01   7.0725284552797540e-10   0.0000000000000000e+00   0.0000000000000000e+00
0092   3.5351562500000000e-01   1.0000006281349709e+00   6.0000002183362600e-01   6.9452664103159866e-10   0.0000000000000000e+00   0.0000000000000000e+00
0093   3.5742187500000000e-01   1.0000006482065624e+00   6.0000002253150864e-01   6.8137960100178123e-10   0.0000000000000000e+00   0.0000000000000000e+00
0094   3.6132812500000000e-01   1.0000006678876923e+00   6.0000002321584389e-01   6.6781827890850599e-10   0.0000000000000000e+00   0.0000000000000000e+00
0095   3.6523437500000000e-01   1.0000006871665690e+00   6.0000002388621765e-01   6.5384940344980223e-10   0.0000000000000000e+00   0.0000000000000000e+00
0096   3.6914062500000000e-01   1.0000007060315330e+00   6.0000002454222423e-01   6.3947989799295255e-10   0.0000000000000000e+00   0.0000000000000000e+00
0097   3.7304687500000000e-01   1.0000007244712315e+00   6.0000002518346485e-01   6.2471607434256965e-10   0.0000000000000000e+00   0.0000000000000000e+00
0098   3.7695312500000000e-01   1.0000007424745390e+00   6.0000002580954970e-01   6.0956554026816087e-10   0.0000000000000000e+00   0.0000000000000000e+00
0099   3.8085937500000000e-01   1.0000007600306431e+00   6.0000002642009642e-01   5.9403552468868961e-10   0.0000000000000000e+00   0.0000000000000000e+00
0100   3.8476562500000000e-01   1.0000007771289154e+00   6.0000002701473087e-01   5.7813309725494303e-10   0.0000000000000000e+00   0.0000000000000000e+00
0101   3.8867187500000000e-01   1.0000007937590563e+00   6.0000002759308846e-01   5.6186616478094409e-10   0.0000000000000000e+00   0.0000000000000000e+00
0102   3.9257812500000000e-01   1.0000008099110835e+00   6.0000002815481213e-01   5.4524267403328135e-10   0.0000000000000000e+00   0.0000000000000000e+00
0103   3.9648437500000000e-01   1.0000008255751784e+00   6.0000002869955493e-01   5.2827129951107616e-10   0.0000000000000000e+00   0.0000000000000000e+00
0104   4.0039062500000000e-01   1.0000008407419807e+00   6.0000002922697881e-01   5.1096063591858758e-10   0.0000000000000000e+00   0.0000000000000000e+00
0105   4.0429687500000000e-01   1.0000008554023134e+00   6.0000002973675548e-01   4.9331976416328292e-10   0.0000000000000000e+00   0.0000000000000000e+00
0106   4.0820312500000000e-01   1.0000008695473224e+00   6.0000003022856652e-01   4.7535903610819490e-10   0.0000000000000000e+00   0.0000000000000000e+00
0107   4.1210937500000000e-01   1.0000008831684921e+00   6.0000003070210339e-01   4.5708839581771400e-10   0.0000000000000000e+00   0.0000000000000000e+00
0108   4.1601562500000000e-01   1.0000008962575868e+00   6.0000003115706824e-01   4.3851863954350098e-10   0.0000000000000000e+00   0.0000000000000000e+00
0109   4.1992187500000000e-01   1.0000009088067654e+00   6.0000003159317428e-01   4.1966282042415462e-10   0.0000000000000000e+00   0.0000000000000000e+00
0110   4.2382812500000000e-01   1.0000009208083529e+00   6.0000003201014640e-01   4.0053198616911879e-10   0.0000000000000000e+00   0.0000000000000000e+00
0111   4.2773437500000000e-01   1.0000009322551608e+00   6.0000003240772126e-01   3.8114104633238669e-10   0.0000000000000000e+00   0.0000000000000000e+00
0112   4.3164062500000000e-01   1.0000009431402868e+00   6.0000003278564729e-01   3.6150364532938130e-10   0.0000000000000000e+00   0.0000000000000000e+00
0113   4.3554687500000000e-01   1.0000009534571643e+00   6.0000003314368533e-01   3.4163530259598271e-10   0.0000000000000000e+00   0.0000000000000000e+00
0114   4.3945312500000000e-01   1.0000009631996127e+00   6.0000003348161002e-01   3.2155178054873860e-10   0.0000000000000000e+00   0.0000000000000000e+00
0115   4.4335937500000000e-01   1.0000009723616710e+00   6.0000003379920830e-01   3.0127039245676816e-10   0.0000000000000000e+00   0.0000000000000000e+00
0116   4.4726562500000000e-01   1.0000009809378343e+00   6.0000003409628377e-01   2.8081093465169246e-10   0.0000000000000000e+00   0.0000000000000000e+00
0117   4.5117187500000000e-01   1.0000009889229964e+00   6.0000003437265648e-01   2.6019467849912030e-10   0.0000000000000000e+00   0.0000000000000000e+00
0118   4.5507812500000000e-01   1.0000009963122947e+00   6.0000003462816232e-01   2.3944518515823995e-10   0.0000000000000000e+00   0.0000000000000000e+00
0119   4.5898437500000000e-01   1.0000010031012343e+00   6.0000003486265197e-01   2.1858457256396157e-10   0.0000000000000000e+00   0.0000000000000000e+00
0120   4.6289062500000000e-01   1.0000010092858695e+00   6.0000003507598965e-01   1.9763350560317141e-10   0.0000000000000000e+00   0.0000000000000000e+00
0121   4.6679687500000000e-01   1.0000010148623604e+00   6.0000003526805290e-01   1.7661528222486761e-10   0.0000000000000000e+00   0.0000000000000000e+00
0122   4.7070312500000000e-01   1.0000010198274099e+00   6.0000003543874392e-01   1.5555153498803937e-10   0.0000000000000000e+00   0.0000000000000000e+00
0123   4.7460937500000000e-01   1.0000010241780641e+00   6.0000003558798032e-01   1.3449980626520551e-10   0.0000000000000000e+00   0.0000000000000000e+00
0124   4.7851562500000000e-01   1.0000010279117404e+00   6.0000003571575378e-01   1.1346650127733943e-10   0.0000000000000000e+00   0.0000000000000000e+00
0125   4.8242187500000000e-01   1.0000010310262524e+00   6.0000003582201400e-01   9.2694558159887343e-11   0.0000000000000000e+00   0.0000000000000000e+00
0126   4.8632812500000000e-01   1.0000010335199780e+00   6.0000003590694850e-01   7.1739894673997949e-11   0.0000000000000000e+00   0.0000000000000000e+00
0127   4.9023437500000000e-01   1.0000010353912689e+00   6.0000003597037721e-01   5.2376032328150111e-11   0.0000000000000000e+00   0.0000000000000000e+00
0128   4.9414062500000000e-01   1.0000010366393830e+00   6.0000003601264207e-01   2.9708389485838950e-11   0.0000000000000000e+00   0.0000000000000000e+00
0129   4.9804687500000000e-01   1.0000010372635999e+00   6.0000003603379604e-01   1.8544255651596540e-11   0.0000000000000000e+00   0.0000000000000000e+00
0130   5.0195312500000000e-01   1.0000010372635932e+00   6.0000003603379604e-01  -1.8546528254080379e-11   0.0000000000000000e+00   0.0000000000000000e+00
0131   5.0585937500000000e-01   1.0000010366393879e+00   6.0000003601264151e-01  -2.9710699344054347e-11   0.0000000000000000e+00   0.0000000000000000e+00
0132   5.0976562500000000e-01   1.0000010353912439e+00   6.0000003597037621e-01  -5.2377820605838467e-11   0.0000000000000000e+00   0.0000000000000000e+00
0133   5.1367187500000000e-01   1.0000010335199641e+00   6.0000003590694739e-01  -7.1742353555217221e-11   0.0000000000000000e+00   0.0000000000000000e+00
0134   5.1757812500000000e-01   1.0000010310262422e+00   6.0000003582201289e-01  -9.2696793506630228e-11   0.0000000000000000e+00   0.0000000000000000e+00
0135   5.2148437500000000e-01   1.0000010279117291e+00   6.0000003571575256e-01  -1.1346862485688339e-10   0.0000000000000000e+00   0.0000000000000000e+00
0136   5.2539062500000000e-01   1.0000010241780286e+00   6.0000003558797899e-01  -1.3450211612349221e-10   0.0000000000000000e+00   0.0000000000000000e+00
0137   5.2929687500000000e-01   1.0000010198273934e+00   6.0000003543874258e-01  -1.5555365856753167e-10   0.0000000000000000e+00   0.0000000000000000e+00
0138   5.3320312500000000e-01   1.0000010148623435e+00   6.0000003526805190e-01  -1.7661740580443434e-10   0.0000000000000000e+00   0.0000000000000000e+00
0139   5.3710937500000000e-01   1.0000010092858640e+00   6.0000003507598898e-01  -1.9763562918274842e-10   0.0000000000000000e+00   0.0000000000000000e+00
0140   5.4101562500000000e-01   1.0000010031012421e+00   6.0000003486265130e-01  -2.1858677065502957e-10   0.0000000000000000e+00   0.0000000000000000e+00
0141   5.4492187500000000e-01   1.0000009963122611e+00   6.0000003462816187e-01  -2.3944708520332567e-10   0.0000000000000000e+00   0.0000000000000000e+00
0142   5.4882812500000000e-01   1.0000009889229700e+00   6.0000003437265625e-01  -2.6019676482296128e-10   0.0000000000000000e+00   0.0000000000000000e+00
0143   5.5273437500000000e-01   1.0000009809378527e+00   6.0000003409628389e-01  -2.8081287195215814e-10   0.0000000000000000e+00   0.0000000000000000e+00
0144   5.5664062500000000e-01   1.0000009723616639e+00   6.0000003379920852e-01  -3.0127251603649533e-10   0.0000000000000000e+00   0.0000000000000000e+00
0145   5.6054687500000000e-01   1.0000009631995996e+00   6.0000003348161057e-01  -3.2155353157054255e-10   0.0000000000000000e+00   0.0000000000000000e+00
0146   5.6445312500000000e-01   1.0000009534571928e+00   6.0000003314368644e-01  -3.4163709087380716e-10   0.0000000000000000e+00   0.0000000000000000e+00
0147   5.6835937500000000e-01   1.0000009431402779e+00   6.0000003278564862e-01  -3.6150558263014518e-10   0.0000000000000000e+00   0.0000000000000000e+00
0148   5.7226562500000000e-01   1.0000009322551551e+00   6.0000003240772271e-01  -3.8114249930860807e-10   0.0000000000000000e+00   0.0000000000000000e+00
0149   5.7617187500000000e-01   1.0000009208082941e+00   6.0000003201014829e-01  -4.0053396072566903e-10   0.0000000000000000e+00   0.0000000000000000e+00
0150   5.8007812500000000e-01   1.0000009088067472e+00   6.0000003159317639e-01  -4.1966434791171153e-10   0.0000000000000000e+00   0.0000000000000000e+00
0151   5.8398437500000000e-01   1.0000008962575708e+00   6.0000003115707046e-01  -4.3852068861168035e-10   0.0000000000000000e+00   0.0000000000000000e+00
0152   5.8789062500000000e-01   1.0000008831684923e+00   6.0000003070210550e-01  -4.5709022135119552e-10   0.0000000000000000e+00   0.0000000000000000e+00
0153   5.9179687500000000e-01   1.0000008695473244e+00   6.0000003022856896e-01  -4.7536071261855475e-10   0.0000000000000000e+00   0.0000000000000000e+00
0154   5.9570312500000000e-01   1.0000008554022872e+00   6.0000002973675814e-01  -4.9332162695270346e-10   0.0000000000000000e+00   0.0000000000000000e+00
0155   5.9960937500000000e-01   1.0000008407419874e+00   6.0000002922698126e-01  -5.1096220066198752e-10   0.0000000000000000e+00   0.0000000000000000e+00
0156   6.0351562500000000e-01   1.0000008255752093e+00   6.0000002869955738e-01  -5.2827286425461258e-10   0.0000000000000000e+00   0.0000000000000000e+00
0157   6.0742187500000000e-01   1.0000008099110507e+00   6.0000002815481424e-01  -5.4524420152073450e-10   0.0000000000000000e+00   0.0000000000000000e+00
0158   6.1132812500000000e-01   1.0000007937590576e+00   6.0000002759309035e-01  -5.6186724519954685e-10   0.0000000000000000e+00   0.0000000000000000e+00
0159   6.1523437500000000e-01   1.0000007771289059e+00   6.0000002701473298e-01  -5.7813425218452957e-10   0.0000000000000000e+00   0.0000000000000000e+00
0160   6.1914062500000000e-01   1.0000007600306136e+00   6.0000002642009809e-01  -5.9403660510766740e-10   0.0000000000000000e+00   0.0000000000000000e+00
0161   6.2304687500000000e-01   1.0000007424745383e+00   6.0000002580955136e-01  -6.0956650891924103e-10   0.0000000000000000e+00   0.0000000000000000e+00
0162   6.2695312500000000e-01   1.0000007244712292e+00   6.0000002518346651e-01  -6.2471667043619254e-10   0.0000000000000000e+00   0.0000000000000000e+00
0163   6.3085937500000000e-01   1.0000007060315537e+00   6.0000002454222545e-01  -6.3948034506352130e-10   0.0000000000000000e+00   0.0000000000000000e+00
0164   6.3476562500000000e-01   1.0000006871665934e+00   6.0000002388621876e-01  -6.5384932893958711e-10   0.0000000000000000e+00   0.0000000000000000e+00
0165   6.3867187500000000e-01   1.0000006678877058e+00   6.0000002321584445e-01  -6.6781816714233654e-10   0.0000000000000000e+00   0.0000000000000000e+00
0166   6.4257812500000000e-01   1.0000006482065440e+00   6.0000002253150886e-01  -6.8137956374707718e-10   0.0000000000000000e+00   0.0000000000000000e+00
0167   6.4648437500000000e-01   1.0000006281349829e+00   6.0000002183362555e-01  -6.9452652926546489e-10   0.0000000000000000e+00   0.0000000000000000e+00
0168   6.5039062500000000e-01   1.0000006076850319e+00   6.0000002112261608e-01  -7.0725292004109970e-10   0.0000000000000000e+00   0.0000000000000000e+00
0169   6.5429687500000000e-01   1.0000005868691044e+00   6.0000002039890854e-01  -7.1955207144060491e-10   0.0000000000000000e+00   0.0000000000000000e+00
0170   6.5820312500000000e-01   1.0000005656996678e+00   6.0000001966293881e-01  -7.3141769735792912e-10   0.0000000000000000e+00   0.0000000000000000e+00
0171   6.6210937500000000e-01   1.0000005441895190e+00   6.0000001891514920e-01  -7.4284441076497724e-10   0.0000000000000000e+00   0.0000000000000000e+00
0172   6.6601562500000000e-01   1.0000005223515940e+00   6.0000001815598891e-01  -7.5382514551939493e-10   0.0000000000000000e+00   0.0000000000000000e+00
0173   6.6992187500000000e-01   1.0000005001990198e+00   6.0000001738591369e-01  -7.6435442071135030e-10   0.0000000000000000e+00   0.0000000000000000e+00
0174   6.7382812500000000e-01   1.0000004777451736e+00   6.0000001660538549e-01  -7.7442638247765976e-10   0.0000000000000000e+00   0.0000000000000000e+00
0175   6.7773437500000000e-01   1.0000004550035664e+00   6.0000001581487317e-01  -7.8403511159937734e-10   0.0000000000000000e+00   0.0000000000000000e+00
0176   6.8164062500000000e-01   1.0000004319879083e+00   6.0000001501485023e-01  -7.9317563203772306e-10   0.0000000000000000e+00   0.0000000000000000e+00
0177   6.8554687500000000e-01   1.0000004087120473e+00   6.0000001420579674e-01  -8.0184271437308725e-10   0.0000000000000000e+00   0.0000000000000000e+00
0178   6.8945312500000000e-01   1.0000003851900170e+00   6.0000001338819808e-01  -8.1003045451588790e-10   0.0000000000000000e+00   0.0000000000000000e+00
0179   6.9335937500000000e-01   1.0000003614359592e+00   6.0000001256254476e-01  -8.1773449040568574e-10   0.0000000000000000e+00   0.0000000000000000e+00
0180   6.9726562500000000e-01   1.0000003374641773e+00   6.0000001172933248e-01  -8.2494966623623733e-10   0.0000000000000000e+00   0.0000000000000000e+00
0181   7.0117187500000000e-01   1.0000003132891639e+00   6.0000001088906119e-01  -8.3167175024101626e-10   0.0000000000000000e+00   0.0000000000000000e+00
0182   7.0507812500000000e-01   1.0000002889254191e+00   6.0000001004223547e-01  -8.3789616460695774e-10   0.0000000000000000e+00   0.0000000000000000e+00
0183   7.0898437500000000e-01   1.0000002643876420e+00   6.0000000918936391e-01  -8.4361935308751060e-10   0.0000000000000000e+00   0.0000000000000000e+00
0184   7.1289062500000000e-01   1.0000002396906111e+00   6.0000000833095946e-01  -8.4883723512862558e-10   0.0000000000000000e+00   0.0000000000000000e+00
0185   7.1679687500000000e-01   1.0000002148492346e+00   6.0000000746753768e-01  -8.5354655837788961e-10   0.0000000000000000e+00   0.0000000000000000e+00
0186   7.2070312500000000e-01   1.0000001898784059e+00   6.0000000659961839e-01  -8.5774430622297074e-10   0.0000000000000000e+00   0.0000000000000000e+00
0187   7.2460937500000000e-01   1.0000001647931831e+00   6.0000000572772172e-01  -8.6142806639694330e-10   0.0000000000000000e+00   0.0000000000000000e+00
0188   7.2851562500000000e-01   1.0000001396087219e+00   6.0000000485237981e-01  -8.6459590725873045e-10   0.0000000000000000e+00   0.0000000000000000e+00
0189   7.3242187500000000e-01   1.0000001143401174e+00   6.0000000397409969e-01  -8.6724579996346280e-10   0.0000000000000000e+00   0.0000000000000000e+00
0190   7.3632812500000000e-01   1.0000000890027472e+00   6.0000000309346679e-01  -8.6937305653832033e-10   0.0000000000000000e+00   0.0000000000000000e+00
0191   7.4023437500000000e-01   1.0000000636115924e+00   6.0000000221085237e-01  -8.7100002739972912e-10   0.0000000000000000e+00   0.0000000000000000e+00
0192   7.4414062500000000e-01   1.0000000381824272e+00   6.0000000132719822e-01  -8.7205057692338288e-10   0.0000000000000000e+00   0.0000000000000000e+00
0193   7.4804687500000000e-01   1.0000000127295887e+00   6.0000000044205426e-01  -8.7275265591765892e-10   0.0000000000000000e+00   0.0000000000000000e+00
0194   7.5195312500000000e-01   9.9999998727030714e-01   5.9999999955786343e-01  -8.7276769975803123e-10   0.0000000000000000e+00   0.0000000000000000e+00
0195   7.5585937500000000e-01   9.9999996181742912e-01   5.9999999867272058e-01  -8.7209589679397435e-10   0.0000000000000000e+00   0.0000000000000000e+00
0196   7.5976562500000000e-01   9.9999993638826157e-01   5.9999999778906676e-01  -8.7107525699074643e-10   0.0000000000000000e+00   0.0000000000000000e+00
0197   7.6367187500000000e-01   9.9999991099713026e-01   5.9999999690645234e-01  -8.6947857878723179e-10   0.0000000000000000e+00   0.0000000000000000e+00
0198   7.6757812500000000e-01   9.9999988565972953e-01   5.9999999602582010e-01  -8.6738080975041246e-10   0.0000000000000000e+00   0.0000000000000000e+00
0199   7.7148437500000000e-01   9.9999986039116684e-01   5.9999999514754099e-01  -8.6476113103461558e-10   0.0000000000000000e+00   0.0000000000000000e+00
0200   7.7539062500000000e-01   9.9999983520669400e-01   5.9999999427219985e-01  -8.6162281893276187e-10   0.0000000000000000e+00   0.0000000000000000e+00
0201   7.7929687500000000e-01   9.9999981012149142e-01   5.9999999340030508e-01  -8.5796820432010371e-10   0.0000000000000000e+00   0.0000000000000000e+00
0202   7.8320312500000000e-01   9.9999978515068511e-01   5.9999999253238767e-01  -8.5379866392481806e-10   0.0000000000000000e+00   0.0000000000000000e+00
0203   7.8710937500000000e-01   9.9999976030927595e-01   5.9999999166896745e-01  -8.4911702367429856e-10   0.0000000000000000e+00   0.0000000000000000e+00
0204   7.9101562500000000e-01   9.9999973561223254e-01   5.9999999081056477e-01  -8.4392589413384451e-10   0.0000000000000000e+00   0.0000000000000000e+00
0205   7.9492187500000000e-01   9.9999971107445262e-01   5.9999998995769521e-01  -8.3822931370043821e-10   0.0000000000000000e+00   0.0000000000000000e+00
0206   7.9882812500000000e-01   9.9999968671072970e-01   5.9999998911087149e-01  -8.3202939194189649e-10   0.0000000000000000e+00   0.0000000000000000e+00
0207   8.0273437500000000e-01   9.9999966253569472e-01   5.9999998827060208e-01  -8.2533136508165582e-10   0.0000000000000000e+00   0.0000000000000000e+00
0208   8.0664062500000000e-01   9.9999963856394525e-01   5.9999998743739191e-01  -8.1813880837165754e-10   0.0000000000000000e+00   0.0000000000000000e+00
0209   8.1054687500000000e-01   9.9999961480988153e-01   5.9999998661174103e-01  -8.1045659014634688e-10   0.0000000000000000e+00   0.0000000000000000e+00
0210   8.1445312500000000e-01   9.9999959128785720e-01   5.9999998579414482e-01  -8.0228863985649075e-10   0.0000000000000000e+00   0.0000000000000000e+00
0211   8.1835937500000000e-01   9.9999956801200562e-01   5.9999998498509399e-01  -7.9364036567083234e-10   0.0000000000000000e+00   0.0000000000000000e+00
0212   8.2226562500000000e-01   9.9999954499635468e-01   5.9999998418507350e-01  -7.8451741368621432e-10   0.0000000000000000e+00   0.0000000000000000e+00
0213   8.2617187500000000e-01   9.9999952225476219e-01   5.9999998339456329e-01  -7.7492445712700307e-10   0.0000000000000000e+00   0.0000000000000000e+00
0214   8.3007812500000000e-01   9.9999949980090563e-01   5.9999998261403731e-01  -7.6486721962811913e-10   0.0000000000000000e+00   0.0000000000000000e+00
0215   8.3398437500000000e-01   9.9999947764837516e-01   5.9999998184396430e-01  -7.5435136193375951e-10   0.0000000000000000e+00   0.0000000000000000e+00
0216   8.3789062500000000e-01   9.9999945581043170e-01   5.9999998108480612e-01  -7.4338296358160005e-10   0.0000000000000000e+00   0.0000000000000000e+00
0217   8.4179687500000000e-01   9.9999943430027904e-01   5.9999998033701862e-01  -7.3196739567635951e-10   0.0000000000000000e+00   0.0000000000000000e+00
0218   8.4570312500000000e-01   9.9999941313087126e-01   5.9999997960105067e-01  -7.2011139083845063e-10   0.0000000000000000e+00   0.0000000000000000e+00
0219   8.4960937500000000e-01   9.9999939231490576e-01   5.9999997887734524e-01  -7.0782078475850144e-10   0.0000000000000000e+00   0.0000000000000000e+00
0220   8.5351562500000000e-01   9.9999937186500409e-01   5.9999997816633777e-01  -6.9510212573383893e-10   0.0000000000000000e+00   0.0000000000000000e+00
0221   8.5742187500000000e-01   9.9999935179340471e-01   5.9999997746845668e-01  -6.8196152076797137e-10   0.0000000000000000e+00   0.0000000000000000e+00
0222   8.6132812500000000e-01   9.9999933211227499e-01   5.9999997678412320e-01  -6.6840548708461810e-10   0.0000000000000000e+00   0.0000000000000000e+00
0223   8.6523437500000000e-01   9.9999931283340060e-01   5.9999997611375111e-01  -6.5444082870323107e-10   0.0000000000000000e+00   0.0000000000000000e+00
0224   8.6914062500000000e-01   9.9999929396844867e-01   5.9999997545774664e-01  -6.4007413429749697e-10   0.0000000000000000e+00   0.0000000000000000e+00
0225   8.7304687500000000e-01   9.9999927552876799e-01   5.9999997481650791e-01  -6.2531212588939580e-10   0.0000000000000000e+00   0.0000000000000000e+00
0226   8.7695312500000000e-01   9.9999925752546237e-01   5.9999997419042539e-01  -6.1016196438011670e-10   0.0000000000000000e+00   0.0000000000000000e+00
0227   8.8085937500000000e-01   9.9999923996936879e-01   5.9999997357988100e-01  -5.9463054338232485e-10   0.0000000000000000e+00   0.0000000000000000e+00
0228   8.8476562500000000e-01   9.9999922287112575e-01   5.9999997298524876e-01  -5.7872556568617891e-10   0.0000000000000000e+00   0.0000000000000000e+00
0229   8.8867187500000000e-01   9.9999920624095973e-01   5.9999997240689351e-01  -5.6245452787912811e-10   0.0000000000000000e+00   0.0000000000000000e+00
0230   8.9257812500000000e-01   9.9999919008898042e-01   5.9999997184517206e-01  -5.4582574867017570e-10   0.0000000000000000e+00   0.0000000000000000e+00
0231   8.9648437500000000e-01   9.9999917442485264e-01   5.9999997130043159e-01  -5.2884749192932203e-10   0.0000000000000000e+00   0.0000000000000000e+00
0232   9.0039062500000000e-01   9.9999915925805039e-01   5.9999997077301026e-01  -5.1152835134402920e-10   0.0000000000000000e+00   0.0000000000000000e+00
0233   9.0429687500000000e-01   9.9999914459774597e-01   5.9999997026323637e-01  -4.9387785367845315e-10   0.0000000000000000e+00   0.0000000000000000e+00
0234   9.0820312500000000e-01   9.9999913045272493e-01   5.9999996977142833e-01  -4.7590579055333185e-10   0.0000000000000000e+00   0.0000000000000000e+00
0235   9.1210937500000000e-01   9.9999911683154952e-01   5.9999996929789445e-01  -4.5762247699526162e-10   0.0000000000000000e+00   0.0000000000000000e+00
0236   9.1601562500000000e-01   9.9999910374246048e-01   5.9999996884293261e-01  -4.3903870747344776e-10   0.0000000000000000e+00   0.0000000000000000e+00
0237   9.1992187500000000e-01   9.9999909119335795e-01   5.9999996840682956e-01  -4.2016667628097658e-10   0.0000000000000000e+00   0.0000000000000000e+00
0238   9.2382812500000000e-01   9.9999907919176290e-01   5.9999996798986033e-01  -4.0101932903210758e-10   0.0000000000000000e+00   0.0000000000000000e+00
0239   9.2773437500000000e-01   9.9999906774493863e-01   5.9999996759228813e-01  -3.8161011999620743e-10   0.0000000000000000e+00   0.0000000000000000e+00
0240   9.3164062500000000e-01   9.9999905685979928e-01   5.9999996721436466e-01  -3.6195358525108646e-10   0.0000000000000000e+00   0.0000000000000000e+00
0241   9.3554687500000000e-01   9.9999904654289462e-01   5.9999996685632861e-01  -3.4206472001641684e-10   0.0000000000000000e+00   0.0000000000000000e+00
0242   9.3945312500000000e-01   9.9999903680049507e-01   5.9999996651840626e-01  -3.2196014080312201e-10   0.0000000000000000e+00   0.0000000000000000e+00
0243   9.4335937500000000e-01   9.9999902763846216e-01   5.9999996620080964e-01  -3.0165674813316629e-10   0.0000000000000000e+00   0.0000000000000000e+00
0244   9.4726562500000000e-01   9.9999901906225730e-01   5.9999996590373561e-01  -2.8117429801191348e-10   0.0000000000000000e+00   0.0000000000000000e+00
0245   9.5117187500000000e-01   9.9999901107712919e-01   5.9999996562736435e-01  -2.6053454293139682e-10   0.0000000000000000e+00   0.0000000000000000e+00
0246   9.5507812500000000e-01   9.9999900368786065e-01   5.9999996537185951e-01  -2.3976104072948917e-10   0.0000000000000000e+00   0.0000000000000000e+00
0247   9.5898437500000000e-01   9.9999899689886385e-01   5.9999996513737075e-01  -2.1887598041157426e-10   0.0000000000000000e+00   0.0000000000000000e+00
0248   9.6289062500000000e-01   9.9999899071428133e-01   5.9999996492403385e-01  -1.9789983703206650e-10   0.0000000000000000e+00   0.0000000000000000e+00
0249   9.6679687500000000e-01   9.9999898513776853e-01   5.9999996473197126e-01  -1.7685579312412855e-10   0.0000000000000000e+00   0.0000000000000000e+00
0250   9.7070312500000000e-01   9.9999898017270916e-01   5.9999996456128091e-01  -1.5576607359559297e-10   0.0000000000000000e+00   0.0000000000000000e+00
0251   9.7460937500000000e-01   9.9999897582205688e-01   5.9999996441204528e-01  -1.3468814255381611e-10   0.0000000000000000e+00   0.0000000000000000e+00
0252   9.7851562500000000e-01   9.9999897208838961e-01   5.9999996428427227e-01  -1.1362735812496150e-10   0.0000000000000000e+00   0.0000000000000000e+00
0253   9.8242187500000000e-01   9.9999896897385698e-01   5.9999996417801238e-01  -9.2827958889400674e-11   0.0000000000000000e+00   0.0000000000000000e+00
0254   9.8632812500000000e-01   9.9999896648014142e-01   5.9999996409307788e-01  -7.1844628186281258e-11   0.0000000000000000e+00   0.0000000000000000e+00
0255   9.9023437500000000e-01   9.9999896460885884e-01   5.9999996402964950e-01  -5.2451483175255183e-11   0.0000000000000000e+00   0.0000000000000000e+00
0256   9.9414062500000000e-01   9.9999896336075711e-01   5.9999996398738487e-01  -2.9754561285706998e-11   0.0000000000000000e+00   0.0000000000000000e+00
0257   9.9804687500000000e-01   9.9999896273649402e-01   5.9999996396622990e-01  -1.8560172641955332e-11   0.0000000000000000e+00   0.0000000000000000e+00
