# Athena++ data at time=8.500191e+01  cycle=43521  variables=prim 
# i       x1v         rho          press          vel1         vel2         vel3     
0002   1.9531250000000000e-03   9.9999899964065520e-01   6.0000000087041738e-01   4.4230570354577925e-10   0.0000000000000000e+00   0.0000000000000000e+00
0003   5.8593750000000000e-03   9.9999900024306143e-01   6.0000000086973049e-01   1.3279114683678930e-09   0.0000000000000000e+00   0.0000000000000000e+00
0004   9.7656250000000000e-03   9.9999900144786835e-01   6.0000000086869776e-01   2.2120061539409243e-09   0.0000000000000000e+00   0.0000000000000000e+00
0005   1.3671875000000000e-02   9.9999900325413338e-01   6.0000000086708993e-01   3.0950660866413211e-09   0.0000000000000000e+00   0.0000000000000000e+00
0006   1.7578125000000000e-02   9.9999900566080058e-01   6.0000000086498206e-01   3.9761403092539478e-09   0.0000000000000000e+00   0.0000000000000000e+00
0007   2.1484375000000000e-02   9.9999900866643110e-01   6.0000000086235328e-01   4.8548598434893882e-09   0.0000000000000000e+00   0.0000000000000000e+00
0008   2.5390625000000000e-02   9.9999901226920163e-01   6.0000000085920702e-01   5.7306382411781906e-09   0.0000000000000000e+00   0.0000000000000000e+00
0009   2.9296875000000000e-02   9.9999901646694078e-01   6.0000000085554595e-01   6.6029672670492718e-09   0.0000000000000000e+00   0.0000000000000000e+00
0010   3.3203125000000000e-02   9.9999902125714479e-01   6.0000000085137073e-01   7.4713155460763945e-09   0.0000000000000000e+00   0.0000000000000000e+00
0011   3.7109375000000000e-02   9.9999902663690099e-01   6.0000000084668470e-01   8.3351612556859642e-09   0.0000000000000000e+00   0.0000000000000000e+00
0012   4.1015625000000000e-02   9.9999903260296696e-01   6.0000000084149074e-01   9.1939840587643047e-09   0.0000000000000000e+00   0.0000000000000000e+00
0013   4.4921875000000000e-02   9.9999903915174670e-01   6.0000000083579164e-01   1.0047268062713955e-08   0.0000000000000000e+00   0.0000000000000000e+00
0014   4.8828125000000000e-02   9.9999904627932867e-01   6.0000000082959126e-01   1.0894499449115995e-08   0.0000000000000000e+00   0.0000000000000000e+00
0015   5.2734375000000000e-02   9.9999905398139022e-01   6.0000000082289329e-01   1.1735169093657497e-08   0.0000000000000000e+00   0.0000000000000000e+00
0016   5.6640625000000000e-02   9.9999906225330681e-01   6.0000000081570193e-01   1.2568771942600888e-08   0.0000000000000000e+00   0.0000000000000000e+00
0017   6.0546875000000000e-02   9.9999907109008468e-01   6.0000000080802252e-01   1.3394807206501165e-08   0.0000000000000000e+00   0.0000000000000000e+00
0018   6.4453125000000000e-02   9.9999908048640251e-01   6.0000000079985927e-01   1.4212779259210685e-08   0.0000000000000000e+00   0.0000000000000000e+00
0019   6.8359375000000000e-02   9.9999909043661417e-01   6.0000000079121707e-01   1.5022196447809650e-08   0.0000000000000000e+00   0.0000000000000000e+00
0020   7.2265625000000000e-02   9.9999910093473421e-01   6.0000000078210136e-01   1.5822574034999271e-08   0.0000000000000000e+00   0.0000000000000000e+00
0021   7.6171875000000000e-02   9.9999911197437619e-01   6.0000000077251803e-01   1.6613430804896108e-08   0.0000000000000000e+00   0.0000000000000000e+00
0022   8.0078125000000000e-02   9.9999912354896725e-01   6.0000000076247251e-01   1.7394293824560426e-08   0.0000000000000000e+00   0.0000000000000000e+00
0023   8.3984375000000000e-02   9.9999913565149601e-01   6.0000000075197102e-01   1.8164694521456990e-08   0.0000000000000000e+00   0.0000000000000000e+00
0024   8.7890625000000000e-02   9.9999914827466385e-01   6.0000000074101945e-01   1.8924170457420426e-08   0.0000000000000000e+00   0.0000000000000000e+00
0025   9.1796875000000000e-02   9.9999916141089251e-01   6.0000000072962412e-01   1.9672266875277292e-08   0.0000000000000000e+00   0.0000000000000000e+00
0026   9.5703125000000000e-02   9.9999917505225300e-01   6.0000000071779158e-01   2.0408534813956381e-08   0.0000000000000000e+00   0.0000000000000000e+00
0027   9.9609375000000000e-02   9.9999918919056130e-01   6.0000000070552817e-01   2.1132532721503814e-08   0.0000000000000000e+00   0.0000000000000000e+00
0028   1.0351562500000000e-01   9.9999920381725416e-01   6.0000000069284076e-01   2.1843825604912114e-08   0.0000000000000000e+00   0.0000000000000000e+00
0029   1.0742187500000000e-01   9.9999921892352650e-01   6.0000000067973580e-01   2.2541985963754438e-08   0.0000000000000000e+00   0.0000000000000000e+00
0030   1.1132812500000000e-01   9.9999923450028894e-01   6.0000000066622050e-01   2.3226594234873504e-08   0.0000000000000000e+00   0.0000000000000000e+00
0031   1.1523437500000000e-01   9.9999925053816763e-01   6.0000000065230119e-01   2.3897237667542561e-08   0.0000000000000000e+00   0.0000000000000000e+00
0032   1.1914062500000000e-01   9.9999926702748254e-01   6.0000000063798498e-01   2.4553510646672242e-08   0.0000000000000000e+00   0.0000000000000000e+00
0033   1.2304687500000000e-01   9.9999928395830728e-01   6.0000000062327852e-01   2.5195017879625353e-08   0.0000000000000000e+00   0.0000000000000000e+00
0034   1.2695312500000000e-01   9.9999930132044235e-01   6.0000000060818914e-01   2.5821369046228443e-08   0.0000000000000000e+00   0.0000000000000000e+00
0035   1.3085937500000000e-01   9.9999931910344608e-01   6.0000000059272363e-01   2.6432184322097977e-08   0.0000000000000000e+00   0.0000000000000000e+00
0036   1.3476562500000000e-01   9.9999933729655865e-01   6.0000000057688985e-01   2.7027091215854035e-08   0.0000000000000000e+00   0.0000000000000000e+00
0037   1.3867187500000000e-01   9.9999935588885580e-01   6.0000000056069469e-01   2.7605725722354460e-08   0.0000000000000000e+00   0.0000000000000000e+00
0038   1.4257812500000000e-01   9.9999937486912294e-01   6.0000000054414648e-01   2.8167732501492515e-08   0.0000000000000000e+00   0.0000000000000000e+00
0039   1.4648437500000000e-01   9.9999939422592499e-01   6.0000000052725277e-01   2.8712765125591119e-08   0.0000000000000000e+00   0.0000000000000000e+00
0040   1.5039062500000000e-01   9.9999941394762004e-01   6.0000000051002189e-01   2.9240486656058955e-08   0.0000000000000000e+00   0.0000000000000000e+00
0041   1.5429687500000000e-01   9.9999943402228664e-01   6.0000000049246283e-01   2.9750569319742521e-08   0.0000000000000000e+00   0.0000000000000000e+00
0042   1.5820312500000000e-01   9.9999945443785843e-01   6.0000000047458446e-01   3.0242694924106536e-08   0.0000000000000000e+00   0.0000000000000000e+00
0043   1.6210937500000000e-01   9.9999947518203636e-01   6.0000000045639645e-01   3.0716555005230683e-08   0.0000000000000000e+00   0.0000000000000000e+00
0044   1.6601562500000000e-01   9.9999949624233153e-01   6.0000000043790880e-01   3.1171851975196508e-08   0.0000000000000000e+00   0.0000000000000000e+00
0045   1.6992187500000000e-01   9.9999951760604355e-01   6.0000000041913271e-01   3.1608298102022528e-08   0.0000000000000000e+00   0.0000000000000000e+00
0046   1.7382812500000000e-01   9.9999953926029228e-01   6.0000000040008006e-01   3.2025617165292748e-08   0.0000000000000000e+00   0.0000000000000000e+00
0047   1.7773437500000000e-01   9.9999956119206823e-01   6.0000000038076362e-01   3.2423544875522139e-08   0.0000000000000000e+00   0.0000000000000000e+00
0048   1.8164062500000000e-01   9.9999958338813333e-01   6.0000000036119749e-01   3.2801827908141702e-08   0.0000000000000000e+00   0.0000000000000000e+00
0049   1.8554687500000000e-01   9.9999960583514769e-01   6.0000000034139567e-01   3.3160225463867035e-08   0.0000000000000000e+00   0.0000000000000000e+00
0050   1.8945312500000000e-01   9.9999962851957114e-01   6.0000000032137335e-01   3.3498509592531013e-08   0.0000000000000000e+00   0.0000000000000000e+00
0051   1.9335937500000000e-01   9.9999965142772673e-01   6.0000000030114709e-01   3.3816465025412367e-08   0.0000000000000000e+00   0.0000000000000000e+00
0052   1.9726562500000000e-01   9.9999967454586358e-01   6.0000000028073630e-01   3.4113893247461337e-08   0.0000000000000000e+00   0.0000000000000000e+00
0053   2.0117187500000000e-01   9.9999969786004417e-01   6.0000000026016254e-01   3.4390610228722409e-08   0.0000000000000000e+00   0.0000000000000000e+00
0054   2.0507812500000000e-01   9.9999972135624393e-01   6.0000000023944822e-01   3.4646449736711908e-08   0.0000000000000000e+00   0.0000000000000000e+00
0055   2.0898437500000000e-01   9.9999974502032807e-01   6.0000000021861599e-01   3.4881259339196468e-08   0.0000000000000000e+00   0.0000000000000000e+00
0056   2.1289062500000000e-01   9.9999976883801578e-01   6.0000000019768596e-01   3.5094900199540507e-08   0.0000000000000000e+00   0.0000000000000000e+00
0057   2.1679687500000000e-01   9.9999979279501128e-01   6.0000000017668176e-01   3.5287247311534734e-08   0.0000000000000000e+00   0.0000000000000000e+00
0058   2.2070312500000000e-01   9.9999981687682971e-01   6.0000000015562605e-01   3.5458199226808470e-08   0.0000000000000000e+00   0.0000000000000000e+00
0059   2.2460937500000000e-01   9.9999984106908901e-01   6.0000000013457644e-01   3.5607671531088627e-08   0.0000000000000000e+00   0.0000000000000000e+00
0060   2.2851562500000000e-01   9.9999986535719765e-01   6.0000000011353916e-01   3.5735652976785641e-08   0.0000000000000000e+00   0.0000000000000000e+00
0061   2.3242187500000000e-01   9.9999988972671561e-01   6.0000000009275944e-01   3.5842091088594773e-08   0.0000000000000000e+00   0.0000000000000000e+00
0062   2.3632812500000000e-01   9.9999991416252165e-01   6.0000000007179310e-01   3.5927172224301547e-08   0.0000000000000000e+00   0.0000000000000000e+00
0063   2.4023437500000000e-01   9.9999993865165537e-01   6.0000000005241527e-01   3.5990714309396707e-08   0.0000000000000000e+00   0.0000000000000000e+00
0064   2.4414062500000000e-01   9.9999996317449047e-01   6.0000000002973197e-01   3.6033059328283737e-08   0.0000000000000000e+00   0.0000000000000000e+00
0065   2.4804687500000000e-01   9.9999998773101406e-01   6.0000000001855514e-01   3.6054259084475423e-08   0.0000000000000000e+00   0.0000000000000000e+00
0066   2.5195312500000000e-01   1.0000000122690114e+00   5.9999999998143816e-01   3.6054269219952165e-08   0.0000000000000000e+00   0.0000000000000000e+00
0067   2.5585937500000000e-01   1.0000000368255269e+00   5.9999999997026066e-01   3.6033090552431941e-08   0.0000000000000000e+00   0.0000000000000000e+00
0068   2.5976562500000000e-01   1.0000000613483442e+00   5.9999999994757836e-01   3.5990766138589466e-08   0.0000000000000000e+00   0.0000000000000000e+00
0069   2.6367187500000000e-01   1.0000000858374827e+00   5.9999999992820097e-01   3.5927245067914450e-08   0.0000000000000000e+00   0.0000000000000000e+00
0070   2.6757812500000000e-01   1.0000001102733123e+00   5.9999999990723496e-01   3.5842185505382268e-08   0.0000000000000000e+00   0.0000000000000000e+00
0071   2.7148437500000000e-01   1.0000001346428196e+00   5.9999999988645547e-01   3.5735768705696125e-08   0.0000000000000000e+00   0.0000000000000000e+00
0072   2.7539062500000000e-01   1.0000001589309231e+00   5.9999999986541819e-01   3.5607808869977649e-08   0.0000000000000000e+00   0.0000000000000000e+00
0073   2.7929687500000000e-01   1.0000001831231680e+00   5.9999999984436847e-01   3.5458358399016536e-08   0.0000000000000000e+00   0.0000000000000000e+00
0074   2.8320312500000000e-01   1.0000002072050143e+00   5.9999999982331198e-01   3.5287428503179579e-08   0.0000000000000000e+00   0.0000000000000000e+00
0075   2.8710937500000000e-01   1.0000002311620002e+00   5.9999999980230789e-01   3.5095103037920574e-08   0.0000000000000000e+00   0.0000000000000000e+00
0076   2.9101562500000000e-01   1.0000002549796834e+00   5.9999999978137786e-01   3.4881483004569496e-08   0.0000000000000000e+00   0.0000000000000000e+00
0077   2.9492187500000000e-01   1.0000002786437541e+00   5.9999999976054530e-01   3.4646694378000828e-08   0.0000000000000000e+00   0.0000000000000000e+00
0078   2.9882812500000000e-01   1.0000003021399750e+00   5.9999999973983043e-01   3.4390875212503867e-08   0.0000000000000000e+00   0.0000000000000000e+00
0079   3.0273437500000000e-01   1.0000003254541447e+00   5.9999999971925611e-01   3.4114178275634560e-08   0.0000000000000000e+00   0.0000000000000000e+00
0080   3.0664062500000000e-01   1.0000003485722591e+00   5.9999999969884488e-01   3.3816770097943270e-08   0.0000000000000000e+00   0.0000000000000000e+00
0081   3.1054687500000000e-01   1.0000003714804830e+00   5.9999999967861817e-01   3.3498833219168740e-08   0.0000000000000000e+00   0.0000000000000000e+00
0082   3.1445312500000000e-01   1.0000003941648852e+00   5.9999999965859496e-01   3.3160567458330162e-08   0.0000000000000000e+00   0.0000000000000000e+00
0083   3.1835937500000000e-01   1.0000004166118610e+00   5.9999999963879203e-01   3.2802186556669349e-08   0.0000000000000000e+00   0.0000000000000000e+00
0084   3.2226562500000000e-01   1.0000004388079251e+00   5.9999999961922457e-01   3.2423919507520308e-08   0.0000000000000000e+00   0.0000000000000000e+00
0085   3.2617187500000000e-01   1.0000004607397202e+00   5.9999999959990724e-01   3.2026006812124682e-08   0.0000000000000000e+00   0.0000000000000000e+00
0086   3.3007812500000000e-01   1.0000004823939814e+00   5.9999999958085348e-01   3.1608701385240976e-08   0.0000000000000000e+00   0.0000000000000000e+00
0087   3.3398437500000000e-01   1.0000005037576982e+00   5.9999999956207617e-01   3.1172267926161460e-08   0.0000000000000000e+00   0.0000000000000000e+00
0088   3.3789062500000000e-01   1.0000005248179389e+00   5.9999999954358751e-01   3.0716982170977449e-08   0.0000000000000000e+00   0.0000000000000000e+00
0089   3.4179687500000000e-01   1.0000005455621468e+00   5.9999999952539818e-01   3.0243131926169562e-08   0.0000000000000000e+00   0.0000000000000000e+00
0090   3.4570312500000000e-01   1.0000005659777320e+00   5.9999999950751859e-01   2.9751015263976449e-08   0.0000000000000000e+00   0.0000000000000000e+00
0091   3.4960937500000000e-01   1.0000005860523877e+00   5.9999999948995841e-01   2.9240939865937708e-08   0.0000000000000000e+00   0.0000000000000000e+00
0092   3.5351562500000000e-01   1.0000006057740667e+00   5.9999999947272664e-01   2.8713224446157402e-08   0.0000000000000000e+00   0.0000000000000000e+00
0093   3.5742187500000000e-01   1.0000006251308846e+00   5.9999999945583182e-01   2.8168196777778525e-08   0.0000000000000000e+00   0.0000000000000000e+00
0094   3.6132812500000000e-01   1.0000006441111391e+00   5.9999999943928239e-01   2.7606193985661458e-08   0.0000000000000000e+00   0.0000000000000000e+00
0095   3.6523437500000000e-01   1.0000006627034577e+00   5.9999999942308679e-01   2.7027562273935321e-08   0.0000000000000000e+00   0.0000000000000000e+00
0096   3.6914062500000000e-01   1.0000006808965614e+00   5.9999999940725213e-01   2.6432657206233669e-08   0.0000000000000000e+00   0.0000000000000000e+00
0097   3.7304687500000000e-01   1.0000006986795547e+00   5.9999999939178605e-01   2.5821842191594697e-08   0.0000000000000000e+00   0.0000000000000000e+00
0098   3.7695312500000000e-01   1.0000007160416886e+00   5.9999999937669579e-01   2.5195490466506022e-08   0.0000000000000000e+00   0.0000000000000000e+00
0099   3.8085937500000000e-01   1.0000007329725176e+00   5.9999999936198856e-01   2.4553982004366617e-08   0.0000000000000000e+00   0.0000000000000000e+00
0100   3.8476562500000000e-01   1.0000007494618417e+00   5.9999999934767145e-01   2.3897706268460726e-08   0.0000000000000000e+00   0.0000000000000000e+00
0101   3.8867187500000000e-01   1.0000007654997063e+00   5.9999999933375137e-01   2.3227059818117230e-08   0.0000000000000000e+00   0.0000000000000000e+00
0102   3.9257812500000000e-01   1.0000007810764877e+00   5.9999999932023518e-01   2.2542447597817700e-08   0.0000000000000000e+00   0.0000000000000000e+00
0103   3.9648437500000000e-01   1.0000007961827464e+00   5.9999999930712999e-01   2.1844281836705876e-08   0.0000000000000000e+00   0.0000000000000000e+00
0104   4.0039062500000000e-01   1.0000008108094316e+00   5.9999999929444203e-01   2.1132982954820172e-08   0.0000000000000000e+00   0.0000000000000000e+00
0105   4.0429687500000000e-01   1.0000008249477390e+00   5.9999999928217818e-01   2.0408978005518096e-08   0.0000000000000000e+00   0.0000000000000000e+00
0106   4.0820312500000000e-01   1.0000008385890842e+00   5.9999999927034497e-01   1.9672702689669877e-08   0.0000000000000000e+00   0.0000000000000000e+00
0107   4.1210937500000000e-01   1.0000008517253376e+00   5.9999999925894898e-01   1.8924597516068058e-08   0.0000000000000000e+00   0.0000000000000000e+00
0108   4.1601562500000000e-01   1.0000008643485023e+00   5.9999999924799663e-01   1.8165112116391628e-08   0.0000000000000000e+00   0.0000000000000000e+00
0109   4.1992187500000000e-01   1.0000008764510515e+00   5.9999999923749425e-01   1.7394701061540119e-08   0.0000000000000000e+00   0.0000000000000000e+00
0110   4.2382812500000000e-01   1.0000008880256377e+00   5.9999999922744751e-01   1.6613826417125246e-08   0.0000000000000000e+00   0.0000000000000000e+00
0111   4.2773437500000000e-01   1.0000008990652729e+00   5.9999999921786307e-01   1.5822956941965999e-08   0.0000000000000000e+00   0.0000000000000000e+00
0112   4.3164062500000000e-01   1.0000009095633637e+00   5.9999999920874592e-01   1.5022565904310326e-08   0.0000000000000000e+00   0.0000000000000000e+00
0113   4.3554687500000000e-01   1.0000009195135551e+00   5.9999999920010239e-01   1.4213133998465935e-08   0.0000000000000000e+00   0.0000000000000000e+00
0114   4.3945312500000000e-01   1.0000009289099239e+00   5.9999999919193769e-01   1.3395146483318987e-08   0.0000000000000000e+00   0.0000000000000000e+00
0115   4.4335937500000000e-01   1.0000009377466812e+00   5.9999999918425673e-01   1.2569094117657299e-08   0.0000000000000000e+00   0.0000000000000000e+00
0116   4.4726562500000000e-01   1.0000009460185904e+00   5.9999999917706448e-01   1.1735473272749219e-08   0.0000000000000000e+00   0.0000000000000000e+00
0117   4.5117187500000000e-01   1.0000009537206689e+00   5.9999999917036539e-01   1.0894784924324202e-08   0.0000000000000000e+00   0.0000000000000000e+00
0118   4.5507812500000000e-01   1.0000009608482530e+00   5.9999999916416391e-01   1.0047533679057131e-08   0.0000000000000000e+00   0.0000000000000000e+00
0119   4.5898437500000000e-01   1.0000009673970180e+00   5.9999999915846380e-01   9.1942292946154742e-09   0.0000000000000000e+00   0.0000000000000000e+00
0120   4.6289062500000000e-01   1.0000009733631046e+00   5.9999999915326863e-01   8.3353852541193341e-09   0.0000000000000000e+00   0.0000000000000000e+00
0121   4.6679687500000000e-01   1.0000009787428661e+00   5.9999999914858193e-01   7.4715177482194606e-09   0.0000000000000000e+00   0.0000000000000000e+00
0122   4.7070312500000000e-01   1.0000009835330386e+00   5.9999999914440638e-01   6.6031474493354889e-09   0.0000000000000000e+00   0.0000000000000000e+00
0123   4.7460937500000000e-01   1.0000009877307878e+00   5.9999999914074442e-01   5.7307953604207935e-09   0.0000000000000000e+00   0.0000000000000000e+00
0124   4.7851562500000000e-01   1.0000009913335512e+00   5.9999999913759783e-01   4.8549937506323754e-09   0.0000000000000000e+00   0.0000000000000000e+00
0125   4.8242187500000000e-01   1.0000009943391641e+00   5.9999999913496849e-01   3.9762504827261402e-09   0.0000000000000000e+00   0.0000000000000000e+00
0126   4.8632812500000000e-01   1.0000009967458574e+00   5.9999999913286051e-01   3.0951523773196654e-09   0.0000000000000000e+00   0.0000000000000000e+00
0127   4.9023437500000000e-01   1.0000009985521232e+00   5.9999999913125202e-01   2.2120680404719021e-09   0.0000000000000000e+00   0.0000000000000000e+00
0128   4.9414062500000000e-01   1.0000009997569279e+00   5.9999999913021929e-01   1.3279490991685448e-09   0.0000000000000000e+00   0.0000000000000000e+00
0129   4.9804687500000000e-01   1.0000010003593069e+00   5.9999999912953206e-01   4.4231941533388634e-10   0.0000000000000000e+00   0.0000000000000000e+00
0130   5.0195312500000000e-01   1.0000010003592972e+00   5.9999999912953217e-01  -4.4231684468813273e-10   0.0000000000000000e+00   0.0000000000000000e+00
0131   5.0585937500000000e-01   1.0000009997569221e+00   5.9999999913021951e-01  -1.3279467520572786e-09   0.0000000000000000e+00   0.0000000000000000e+00
0132   5.0976562500000000e-01   1.0000009985520790e+00   5.9999999913125268e-01  -2.2120656188491917e-09   0.0000000000000000e+00   0.0000000000000000e+00
0133   5.1367187500000000e-01   1.0000009967458474e+00   5.9999999913286117e-01  -3.0951498439296548e-09   0.0000000000000000e+00   0.0000000000000000e+00
0134   5.1757812500000000e-01   1.0000009943391563e+00   5.9999999913496960e-01  -3.9762481356148866e-09   0.0000000000000000e+00   0.0000000000000000e+00
0135   5.2148437500000000e-01   1.0000009913335552e+00   5.9999999913759916e-01  -4.8549915152883781e-09   0.0000000000000000e+00   0.0000000000000000e+00
0136   5.2539062500000000e-01   1.0000009877307576e+00   5.9999999914074598e-01  -5.7307937584247102e-09   0.0000000000000000e+00   0.0000000000000000e+00
0137   5.2929687500000000e-01   1.0000009835330170e+00   5.9999999914440794e-01  -6.6031455492933641e-09   0.0000000000000000e+00   0.0000000000000000e+00
0138   5.3320312500000000e-01   1.0000009787428337e+00   5.9999999914858382e-01  -7.4715157736660023e-09   0.0000000000000000e+00   0.0000000000000000e+00
0139   5.3710937500000000e-01   1.0000009733631239e+00   5.9999999915327085e-01  -8.3353835030998838e-09   0.0000000000000000e+00   0.0000000000000000e+00
0140   5.4101562500000000e-01   1.0000009673970192e+00   5.9999999915846602e-01  -9.1942279161537663e-09   0.0000000000000000e+00   0.0000000000000000e+00
0141   5.4492187500000000e-01   1.0000009608482312e+00   5.9999999916416624e-01  -1.0047532449618553e-08   0.0000000000000000e+00   0.0000000000000000e+00
0142   5.4882812500000000e-01   1.0000009537206589e+00   5.9999999917036806e-01  -1.0894783657629805e-08   0.0000000000000000e+00   0.0000000000000000e+00
0143   5.5273437500000000e-01   1.0000009460185968e+00   5.9999999917706726e-01  -1.1735471894287001e-08   0.0000000000000000e+00   0.0000000000000000e+00
0144   5.5664062500000000e-01   1.0000009377466852e+00   5.9999999918425961e-01  -1.2569092850962731e-08   0.0000000000000000e+00   0.0000000000000000e+00
0145   5.6054687500000000e-01   1.0000009289099057e+00   5.9999999919194036e-01  -1.3395144806811083e-08   0.0000000000000000e+00   0.0000000000000000e+00
0146   5.6445312500000000e-01   1.0000009195135748e+00   5.9999999920010494e-01  -1.4213132545492264e-08   0.0000000000000000e+00   0.0000000000000000e+00
0147   5.6835937500000000e-01   1.0000009095633555e+00   5.9999999920874847e-01  -1.5022564414081230e-08   0.0000000000000000e+00   0.0000000000000000e+00
0148   5.7226562500000000e-01   1.0000008990652682e+00   5.9999999921786529e-01  -1.5822955600759892e-08   0.0000000000000000e+00   0.0000000000000000e+00
0149   5.7617187500000000e-01   1.0000008880255753e+00   5.9999999922744984e-01  -1.6613825262198787e-08   0.0000000000000000e+00   0.0000000000000000e+00
0150   5.8007812500000000e-01   1.0000008764510433e+00   5.9999999923749603e-01  -1.7394699720333929e-08   0.0000000000000000e+00   0.0000000000000000e+00
0151   5.8398437500000000e-01   1.0000008643484823e+00   5.9999999924799818e-01  -1.8165110551651382e-08   0.0000000000000000e+00   0.0000000000000000e+00
0152   5.8789062500000000e-01   1.0000008517253114e+00   5.9999999925895020e-01  -1.8924596323885076e-08   0.0000000000000000e+00   0.0000000000000000e+00
0153   5.9179687500000000e-01   1.0000008385890828e+00   5.9999999927034586e-01  -1.9672701162184582e-08   0.0000000000000000e+00   0.0000000000000000e+00
0154   5.9570312500000000e-01   1.0000008249477053e+00   5.9999999928217884e-01  -2.0408976664312330e-08   0.0000000000000000e+00   0.0000000000000000e+00
0155   5.9960937500000000e-01   1.0000008108094294e+00   5.9999999929444237e-01  -2.1132981315567927e-08   0.0000000000000000e+00   0.0000000000000000e+00
0156   6.0351562500000000e-01   1.0000007961827635e+00   5.9999999930713011e-01  -2.1844280532755057e-08   0.0000000000000000e+00   0.0000000000000000e+00
0157   6.0742187500000000e-01   1.0000007810764684e+00   5.9999999932023529e-01  -2.2542446033077074e-08   0.0000000000000000e+00   0.0000000000000000e+00
0158   6.1132812500000000e-01   1.0000007654997078e+00   5.9999999933375114e-01  -2.3227058737701030e-08   0.0000000000000000e+00   0.0000000000000000e+00
0159   6.1523437500000000e-01   1.0000007494618315e+00   5.9999999934767090e-01  -2.3897705299811631e-08   0.0000000000000000e+00   0.0000000000000000e+00
0160   6.1914062500000000e-01   1.0000007329724943e+00   5.9999999936198778e-01  -2.4553981594554965e-08   0.0000000000000000e+00   0.0000000000000000e+00
0161   6.2304687500000000e-01   1.0000007160416808e+00   5.9999999937669479e-01  -2.5195489795903390e-08   0.0000000000000000e+00   0.0000000000000000e+00
0162   6.2695312500000000e-01   1.0000006986795493e+00   5.9999999939178494e-01  -2.5821841968061012e-08   0.0000000000000000e+00   0.0000000000000000e+00
0163   6.3085937500000000e-01   1.0000006808965882e+00   5.9999999940725102e-01  -2.6432656833676143e-08   0.0000000000000000e+00   0.0000000000000000e+00
0164   6.3476562500000000e-01   1.0000006627034550e+00   5.9999999942308568e-01  -2.7027561864122788e-08   0.0000000000000000e+00   0.0000000000000000e+00
0165   6.3867187500000000e-01   1.0000006441111484e+00   5.9999999943928151e-01  -2.7606193613104170e-08   0.0000000000000000e+00   0.0000000000000000e+00
0166   6.4257812500000000e-01   1.0000006251308868e+00   5.9999999945583105e-01  -2.8168196218942503e-08   0.0000000000000000e+00   0.0000000000000000e+00
0167   6.4648437500000000e-01   1.0000006057740811e+00   5.9999999947272575e-01  -2.8713223701042546e-08   0.0000000000000000e+00   0.0000000000000000e+00
0168   6.5039062500000000e-01   1.0000005860523891e+00   5.9999999948995786e-01  -2.9240939158079136e-08   0.0000000000000000e+00   0.0000000000000000e+00
0169   6.5429687500000000e-01   1.0000005659777225e+00   5.9999999950751848e-01  -2.9751014742396907e-08   0.0000000000000000e+00   0.0000000000000000e+00
0170   6.5820312500000000e-01   1.0000005455621457e+00   5.9999999952539806e-01  -3.0243131777147177e-08   0.0000000000000000e+00   0.0000000000000000e+00
0171   6.6210937500000000e-01   1.0000005248179606e+00   5.9999999954358763e-01  -3.0716982133721525e-08   0.0000000000000000e+00   0.0000000000000000e+00
0172   6.6601562500000000e-01   1.0000005037576991e+00   5.9999999956207672e-01  -3.1172267888906575e-08   0.0000000000000000e+00   0.0000000000000000e+00
0173   6.6992187500000000e-01   1.0000004823939832e+00   5.9999999958085459e-01  -3.1608701683287439e-08   0.0000000000000000e+00   0.0000000000000000e+00
0174   6.7382812500000000e-01   1.0000004607397233e+00   5.9999999959990846e-01  -3.2026007147427577e-08   0.0000000000000000e+00   0.0000000000000000e+00
0175   6.7773437500000000e-01   1.0000004388079422e+00   5.9999999961922612e-01  -3.2423919470264226e-08   0.0000000000000000e+00   0.0000000000000000e+00
0176   6.8164062500000000e-01   1.0000004166118772e+00   5.9999999963879358e-01  -3.2802186631180416e-08   0.0000000000000000e+00   0.0000000000000000e+00
0177   6.8554687500000000e-01   1.0000003941648652e+00   5.9999999965859641e-01  -3.3160567495586847e-08   0.0000000000000000e+00   0.0000000000000000e+00
0178   6.8945312500000000e-01   1.0000003714804688e+00   5.9999999967861972e-01  -3.3498833517215613e-08   0.0000000000000000e+00   0.0000000000000000e+00
0179   6.9335937500000000e-01   1.0000003485722837e+00   5.9999999969884665e-01  -3.3816770321477661e-08   0.0000000000000000e+00   0.0000000000000000e+00
0180   6.9726562500000000e-01   1.0000003254541365e+00   5.9999999971925799e-01  -3.4114178759960429e-08   0.0000000000000000e+00   0.0000000000000000e+00
0181   7.0117187500000000e-01   1.0000003021399715e+00   5.9999999973983231e-01  -3.4390875957620010e-08   0.0000000000000000e+00   0.0000000000000000e+00
0182   7.0507812500000000e-01   1.0000002786437678e+00   5.9999999976054708e-01  -3.4646695085860379e-08   0.0000000000000000e+00   0.0000000000000000e+00
0183   7.0898437500000000e-01   1.0000002549797045e+00   5.9999999978137986e-01  -3.4881483861451372e-08   0.0000000000000000e+00   0.0000000000000000e+00
0184   7.1289062500000000e-01   1.0000002311619920e+00   5.9999999980231000e-01  -3.5095103932060312e-08   0.0000000000000000e+00   0.0000000000000000e+00
0185   7.1679687500000000e-01   1.0000002072050407e+00   5.9999999982331442e-01  -3.5287429434573514e-08   0.0000000000000000e+00   0.0000000000000000e+00
0186   7.2070312500000000e-01   1.0000001831231784e+00   5.9999999984437036e-01  -3.5458359851991727e-08   0.0000000000000000e+00   0.0000000000000000e+00
0187   7.2460937500000000e-01   1.0000001589309135e+00   5.9999999986541985e-01  -3.5607810471976998e-08   0.0000000000000000e+00   0.0000000000000000e+00
0188   7.2851562500000000e-01   1.0000001346428400e+00   5.9999999988645702e-01  -3.5735770307693595e-08   0.0000000000000000e+00   0.0000000000000000e+00
0189   7.3242187500000000e-01   1.0000001102732894e+00   5.9999999990723663e-01  -3.5842186921102998e-08   0.0000000000000000e+00   0.0000000000000000e+00
0190   7.3632812500000000e-01   1.0000000858375118e+00   5.9999999992820252e-01  -3.5927246669911681e-08   0.0000000000000000e+00   0.0000000000000000e+00
0191   7.4023437500000000e-01   1.0000000613483586e+00   5.9999999994757969e-01  -3.5990767852355474e-08   0.0000000000000000e+00   0.0000000000000000e+00
0192   7.4414062500000000e-01   1.0000000368255320e+00   5.9999999997026177e-01  -3.6033092415221578e-08   0.0000000000000000e+00   0.0000000000000000e+00
0193   7.4804687500000000e-01   1.0000000122690060e+00   5.9999999998143927e-01  -3.6054271418043837e-08   0.0000000000000000e+00   0.0000000000000000e+00
0194   7.5195312500000000e-01   9.9999998773103460e-01   6.0000000001855580e-01  -3.6054260611961707e-08   0.0000000000000000e+00   0.0000000000000000e+00
0195   7.5585937500000000e-01   9.9999996317448170e-01   6.0000000002973253e-01  -3.6033060893027553e-08   0.0000000000000000e+00   0.0000000000000000e+00
0196   7.5976562500000000e-01   9.9999993865164960e-01   6.0000000005241538e-01  -3.5990715985906758e-08   0.0000000000000000e+00   0.0000000000000000e+00
0197   7.6367187500000000e-01   9.9999991416250378e-01   6.0000000007179322e-01  -3.5927173826300850e-08   0.0000000000000000e+00   0.0000000000000000e+00
0198   7.6757812500000000e-01   9.9999988972670273e-01   6.0000000009275933e-01  -3.5842092727849807e-08   0.0000000000000000e+00   0.0000000000000000e+00
0199   7.7148437500000000e-01   9.9999986535719798e-01   6.0000000011353916e-01  -3.5735654988598409e-08   0.0000000000000000e+00   0.0000000000000000e+00
0200   7.7539062500000000e-01   9.9999984106910844e-01   6.0000000013457622e-01  -3.5607673580156756e-08   0.0000000000000000e+00   0.0000000000000000e+00
0201   7.7929687500000000e-01   9.9999981687685568e-01   6.0000000015562616e-01  -3.5458201462155066e-08   0.0000000000000000e+00   0.0000000000000000e+00
0202   7.8320312500000000e-01   9.9999979279501006e-01   6.0000000017668198e-01  -3.5287249286091989e-08   0.0000000000000000e+00   0.0000000000000000e+00
0203   7.8710937500000000e-01   9.9999976883801744e-01   6.0000000019768629e-01  -3.5094902621166794e-08   0.0000000000000000e+00   0.0000000000000000e+00
0204   7.9101562500000000e-01   9.9999974502032185e-01   6.0000000021861599e-01  -3.4881261425521361e-08   0.0000000000000000e+00   0.0000000000000000e+00
0205   7.9492187500000000e-01   9.9999972135624859e-01   6.0000000023944822e-01  -3.4646451636757818e-08   0.0000000000000000e+00   0.0000000000000000e+00
0206   7.9882812500000000e-01   9.9999969786005849e-01   6.0000000026016276e-01  -3.4390611793465451e-08   0.0000000000000000e+00   0.0000000000000000e+00
0207   8.0273437500000000e-01   9.9999967454585470e-01   6.0000000028073686e-01  -3.4113894253367615e-08   0.0000000000000000e+00   0.0000000000000000e+00
0208   8.0664062500000000e-01   9.9999965142773539e-01   6.0000000030114753e-01  -3.3816466180341281e-08   0.0000000000000000e+00   0.0000000000000000e+00
0209   8.1054687500000000e-01   9.9999962851955027e-01   6.0000000032137379e-01  -3.3498510672949840e-08   0.0000000000000000e+00   0.0000000000000000e+00
0210   8.1445312500000000e-01   9.9999960583513081e-01   6.0000000034139622e-01  -3.3160226916843748e-08   0.0000000000000000e+00   0.0000000000000000e+00
0211   8.1835937500000000e-01   9.9999958338813155e-01   6.0000000036119827e-01  -3.2801829323861691e-08   0.0000000000000000e+00   0.0000000000000000e+00
0212   8.2226562500000000e-01   9.9999956119206679e-01   6.0000000038076473e-01  -3.2423545993195798e-08   0.0000000000000000e+00   0.0000000000000000e+00
0213   8.2617187500000000e-01   9.9999953926029561e-01   6.0000000040008128e-01  -3.2025618730035968e-08   0.0000000000000000e+00   0.0000000000000000e+00
0214   8.3007812500000000e-01   9.9999951760602335e-01   6.0000000041913404e-01  -3.1608299517742629e-08   0.0000000000000000e+00   0.0000000000000000e+00
0215   8.3398437500000000e-01   9.9999949624233930e-01   6.0000000043791035e-01  -3.1171853539939556e-08   0.0000000000000000e+00   0.0000000000000000e+00
0216   8.3789062500000000e-01   9.9999947518204135e-01   6.0000000045639779e-01  -3.0716556830764707e-08   0.0000000000000000e+00   0.0000000000000000e+00
0217   8.4179687500000000e-01   9.9999945443786209e-01   6.0000000047458635e-01  -3.0242696861408179e-08   0.0000000000000000e+00   0.0000000000000000e+00
0218   8.4570312500000000e-01   9.9999943402230029e-01   6.0000000049246471e-01  -2.9750571406066624e-08   0.0000000000000000e+00   0.0000000000000000e+00
0219   8.4960937500000000e-01   9.9999941394759961e-01   6.0000000051002411e-01  -2.9240488630616885e-08   0.0000000000000000e+00   0.0000000000000000e+00
0220   8.5351562500000000e-01   9.9999939422593354e-01   6.0000000052725511e-01  -2.8712766988381013e-08   0.0000000000000000e+00   0.0000000000000000e+00
0221   8.5742187500000000e-01   9.9999937486910984e-01   6.0000000054414870e-01  -2.8167734401538542e-08   0.0000000000000000e+00   0.0000000000000000e+00
0222   8.6132812500000000e-01   9.9999935588885247e-01   6.0000000056069702e-01  -2.7605727547888619e-08   0.0000000000000000e+00   0.0000000000000000e+00
0223   8.6523437500000000e-01   9.9999933729654400e-01   6.0000000057689185e-01  -2.7027092966876496e-08   0.0000000000000000e+00   0.0000000000000000e+00
0224   8.6914062500000000e-01   9.9999931910343076e-01   6.0000000059272529e-01  -2.6432185775073651e-08   0.0000000000000000e+00   0.0000000000000000e+00
0225   8.7304687500000000e-01   9.9999930132045545e-01   6.0000000060819036e-01  -2.5821370089390000e-08   0.0000000000000000e+00   0.0000000000000000e+00
0226   8.7695312500000000e-01   9.9999928395831461e-01   6.0000000062327952e-01  -2.5195018326694130e-08   0.0000000000000000e+00   0.0000000000000000e+00
0227   8.8085937500000000e-01   9.9999926702747377e-01   6.0000000063798564e-01  -2.4553511056485172e-08   0.0000000000000000e+00   0.0000000000000000e+00
0228   8.8476562500000000e-01   9.9999925053817873e-01   6.0000000065230141e-01  -2.3897237593030357e-08   0.0000000000000000e+00   0.0000000000000000e+00
0229   8.8867187500000000e-01   9.9999923450028261e-01   6.0000000066622028e-01  -2.3226593862314612e-08   0.0000000000000000e+00   0.0000000000000000e+00
0230   8.9257812500000000e-01   9.9999921892353649e-01   6.0000000067973558e-01  -2.2541985479427381e-08   0.0000000000000000e+00   0.0000000000000000e+00
0231   8.9648437500000000e-01   9.9999920381725105e-01   6.0000000069283999e-01  -2.1843824710771383e-08   0.0000000000000000e+00   0.0000000000000000e+00
0232   9.0039062500000000e-01   9.9999918919055997e-01   6.0000000070552695e-01  -2.1132531603828375e-08   0.0000000000000000e+00   0.0000000000000000e+00
0233   9.0429687500000000e-01   9.9999917505228186e-01   6.0000000071779025e-01  -2.0408533770792019e-08   0.0000000000000000e+00   0.0000000000000000e+00
0234   9.0820312500000000e-01   9.9999916141090195e-01   6.0000000072962267e-01  -1.9672265385043649e-08   0.0000000000000000e+00   0.0000000000000000e+00
0235   9.1210937500000000e-01   9.9999914827466019e-01   6.0000000074101789e-01  -1.8924168892675389e-08   0.0000000000000000e+00   0.0000000000000000e+00
0236   9.1601562500000000e-01   9.9999913565148157e-01   6.0000000075196946e-01  -1.8164692844944470e-08   0.0000000000000000e+00   0.0000000000000000e+00
0237   9.1992187500000000e-01   9.9999912354898057e-01   6.0000000076247118e-01  -1.7394292408838227e-08   0.0000000000000000e+00   0.0000000000000000e+00
0238   9.2382812500000000e-01   9.9999911197439950e-01   6.0000000077251658e-01  -1.6613429389173737e-08   0.0000000000000000e+00   0.0000000000000000e+00
0239   9.2773437500000000e-01   9.9999910093472610e-01   6.0000000078209992e-01  -1.5822572283974590e-08   0.0000000000000000e+00   0.0000000000000000e+00
0240   9.3164062500000000e-01   9.9999909043662416e-01   6.0000000079121574e-01  -1.5022194994831378e-08   0.0000000000000000e+00   0.0000000000000000e+00
0241   9.3554687500000000e-01   9.9999908048640507e-01   6.0000000079985805e-01  -1.4212777619953348e-08   0.0000000000000000e+00   0.0000000000000000e+00
0242   9.3945312500000000e-01   9.9999907109008146e-01   6.0000000080802174e-01  -1.3394805865290465e-08   0.0000000000000000e+00   0.0000000000000000e+00
0243   9.4335937500000000e-01   9.9999906225331814e-01   6.0000000081570171e-01  -1.2568770638645984e-08   0.0000000000000000e+00   0.0000000000000000e+00
0244   9.4726562500000000e-01   9.9999905398139710e-01   6.0000000082289318e-01  -1.1735167566167710e-08   0.0000000000000000e+00   0.0000000000000000e+00
0245   9.5117187500000000e-01   9.9999904627932745e-01   6.0000000082959104e-01  -1.0894498033393839e-08   0.0000000000000000e+00   0.0000000000000000e+00
0246   9.5507812500000000e-01   9.9999903915176236e-01   6.0000000083579141e-01  -1.0047266870526512e-08   0.0000000000000000e+00   0.0000000000000000e+00
0247   9.5898437500000000e-01   9.9999903260295675e-01   6.0000000084149085e-01  -9.1939830156003557e-09   0.0000000000000000e+00   0.0000000000000000e+00
0248   9.6289062500000000e-01   9.9999902663689777e-01   6.0000000084668537e-01  -8.3351609576382709e-09   0.0000000000000000e+00   0.0000000000000000e+00
0249   9.6679687500000000e-01   9.9999902125713713e-01   6.0000000085137128e-01  -7.4713151735171798e-09   0.0000000000000000e+00   0.0000000000000000e+00
0250   9.7070312500000000e-01   9.9999901646694300e-01   6.0000000085554639e-01  -6.6029677141182179e-09   0.0000000000000000e+00   0.0000000000000000e+00
0251   9.7460937500000000e-01   9.9999901226918397e-01   6.0000000085920746e-01  -5.7306385764797164e-09   0.0000000000000000e+00   0.0000000000000000e+00
0252   9.7851562500000000e-01   9.9999900866643032e-01   6.0000000086235328e-01  -4.8548604768374437e-09   0.0000000000000000e+00   0.0000000000000000e+00
0253   9.8242187500000000e-01   9.9999900566079503e-01   6.0000000086498206e-01  -3.9761409798577556e-09   0.0000000000000000e+00   0.0000000000000000e+00
0254   9.8632812500000000e-01   9.9999900325412083e-01   6.0000000086708971e-01  -3.0950667945009446e-09   0.0000000000000000e+00   0.0000000000000000e+00
0255   9.9023437500000000e-01   9.9999900144787857e-01   6.0000000086869765e-01  -2.2120067872888705e-09   0.0000000000000000e+00   0.0000000000000000e+00
0256   9.9414062500000000e-01   9.9999900024306754e-01   6.0000000086973027e-01  -1.3279122507391354e-09   0.0000000000000000e+00   0.0000000000000000e+00
0257   9.9804687500000000e-01   9.9999899964064531e-01   6.0000000087041727e-01  -4.4230659768450634e-10   0.0000000000000000e+00   0.0000000000000000e+00
