# Athena++ data at time=1.960019e+02  cycle=100353  variables=prim 
# i       x1v         rho          press          vel1         vel2         vel3     
0002   1.9531250000000000e-03   9.9999899965170547e-01   6.0000000088145178e-01   4.4121389618452610e-10   0.0000000000000000e+00   0.0000000000000000e+00
0003   5.8593750000000000e-03   9.9999900025408828e-01   6.0000000088076189e-01   1.3246388023354230e-09   0.0000000000000000e+00   0.0000000000000000e+00
0004   9.7656250000000000e-03   9.9999900145888931e-01   6.0000000087972194e-01   2.2065584834025001e-09   0.0000000000000000e+00   0.0000000000000000e+00
0005   1.3671875000000000e-02   9.9999900326515401e-01   6.0000000087810379e-01   3.0874510537559509e-09   0.0000000000000000e+00   0.0000000000000000e+00
0006   1.7578125000000000e-02   9.9999900567179545e-01   6.0000000087598238e-01   3.9663692852026851e-09   0.0000000000000000e+00   0.0000000000000000e+00
0007   2.1484375000000000e-02   9.9999900867741454e-01   6.0000000087333671e-01   4.8429475914756355e-09   0.0000000000000000e+00   0.0000000000000000e+00
0008   2.5390625000000000e-02   9.9999901228016863e-01   6.0000000087017025e-01   5.7166028053184545e-09   0.0000000000000000e+00   0.0000000000000000e+00
0009   2.9296875000000000e-02   9.9999901647788980e-01   6.0000000086648519e-01   6.5868300466322798e-09   0.0000000000000000e+00   0.0000000000000000e+00
0010   3.3203125000000000e-02   9.9999902126806794e-01   6.0000000086228222e-01   7.4531005877773622e-09   0.0000000000000000e+00   0.0000000000000000e+00
0011   3.7109375000000000e-02   9.9999902664777673e-01   6.0000000085756433e-01   8.3148956633417509e-09   0.0000000000000000e+00   0.0000000000000000e+00
0012   4.1015625000000000e-02   9.9999903261381384e-01   6.0000000085233329e-01   9.1716982914178199e-09   0.0000000000000000e+00   0.0000000000000000e+00
0013   4.4921875000000000e-02   9.9999903916255639e-01   6.0000000084659255e-01   1.0022993773759769e-08   0.0000000000000000e+00   0.0000000000000000e+00
0014   4.8828125000000000e-02   9.9999904629008229e-01   6.0000000084034510e-01   1.0868270641218744e-08   0.0000000000000000e+00   0.0000000000000000e+00
0015   5.2734375000000000e-02   9.9999905399208966e-01   6.0000000083359428e-01   1.1707022155990137e-08   0.0000000000000000e+00   0.0000000000000000e+00
0016   5.6640625000000000e-02   9.9999906226395729e-01   6.0000000082634375e-01   1.2538744272363330e-08   0.0000000000000000e+00   0.0000000000000000e+00
0017   6.0546875000000000e-02   9.9999907110064523e-01   6.0000000081859739e-01   1.3362937395183074e-08   0.0000000000000000e+00   0.0000000000000000e+00
0018   6.4453125000000000e-02   9.9999908049690400e-01   6.0000000081035954e-01   1.4179105900383515e-08   0.0000000000000000e+00   0.0000000000000000e+00
0019   6.8359375000000000e-02   9.9999909044702862e-01   6.0000000080163407e-01   1.4986759739108555e-08   0.0000000000000000e+00   0.0000000000000000e+00
0020   7.2265625000000000e-02   9.9999910094505395e-01   6.0000000079242599e-01   1.5785412760378818e-08   0.0000000000000000e+00   0.0000000000000000e+00
0021   7.6171875000000000e-02   9.9999911198458757e-01   6.0000000078273974e-01   1.6574584085631865e-08   0.0000000000000000e+00   0.0000000000000000e+00
0022   8.0078125000000000e-02   9.9999912355907283e-01   6.0000000077257987e-01   1.7353798921129434e-08   0.0000000000000000e+00   0.0000000000000000e+00
0023   8.3984375000000000e-02   9.9999913566147436e-01   6.0000000076195170e-01   1.8122587206071817e-08   0.0000000000000000e+00   0.0000000000000000e+00
0024   8.7890625000000000e-02   9.9999914828451697e-01   6.0000000075086091e-01   1.8880485274794330e-08   0.0000000000000000e+00   0.0000000000000000e+00
0025   9.1796875000000000e-02   9.9999916142057776e-01   6.0000000073931270e-01   1.9627034869989411e-08   0.0000000000000000e+00   0.0000000000000000e+00
0026   9.5703125000000000e-02   9.9999917506177360e-01   6.0000000072731252e-01   2.0361784834377849e-08   0.0000000000000000e+00   0.0000000000000000e+00
0027   9.9609375000000000e-02   9.9999918919988773e-01   6.0000000071486637e-01   2.1084290302093972e-08   0.0000000000000000e+00   0.0000000000000000e+00
0028   1.0351562500000000e-01   9.9999920382639196e-01   6.0000000070198034e-01   2.1794112779906846e-08   0.0000000000000000e+00   0.0000000000000000e+00
0029   1.0742187500000000e-01   9.9999921893245280e-01   6.0000000068866088e-01   2.2490820969088772e-08   0.0000000000000000e+00   0.0000000000000000e+00
0030   1.1132812500000000e-01   9.9999923450897465e-01   6.0000000067491444e-01   2.3173991061078027e-08   0.0000000000000000e+00   0.0000000000000000e+00
0031   1.1523437500000000e-01   9.9999925054661221e-01   6.0000000066074766e-01   2.3843206618546634e-08   0.0000000000000000e+00   0.0000000000000000e+00
0032   1.1914062500000000e-01   9.9999926703567077e-01   6.0000000064616799e-01   2.4498058339769050e-08   0.0000000000000000e+00   0.0000000000000000e+00
0033   1.2304687500000000e-01   9.9999928396622517e-01   6.0000000063118242e-01   2.5138145382645271e-08   0.0000000000000000e+00   0.0000000000000000e+00
0034   1.2695312500000000e-01   9.9999930132805326e-01   6.0000000061579895e-01   2.5763075156015278e-08   0.0000000000000000e+00   0.0000000000000000e+00
0035   1.3085937500000000e-01   9.9999931911074325e-01   6.0000000060002556e-01   2.6372463105584319e-08   0.0000000000000000e+00   0.0000000000000000e+00
0036   1.3476562500000000e-01   9.9999933730354518e-01   6.0000000058387071e-01   2.6965933910071233e-08   0.0000000000000000e+00   0.0000000000000000e+00
0037   1.3867187500000000e-01   9.9999935589551170e-01   6.0000000056734315e-01   2.7543120436346752e-08   0.0000000000000000e+00   0.0000000000000000e+00
0038   1.4257812500000000e-01   9.9999937487541390e-01   6.0000000055045255e-01   2.8103665855530290e-08   0.0000000000000000e+00   0.0000000000000000e+00
0039   1.4648437500000000e-01   9.9999939423186934e-01   6.0000000053320901e-01   2.8647221729546251e-08   0.0000000000000000e+00   0.0000000000000000e+00
0040   1.5039062500000000e-01   9.9999941395323078e-01   6.0000000051562263e-01   2.9173450562340985e-08   0.0000000000000000e+00   0.0000000000000000e+00
0041   1.5429687500000000e-01   9.9999943402753388e-01   6.0000000049770452e-01   2.9682023948743755e-08   0.0000000000000000e+00   0.0000000000000000e+00
0042   1.5820312500000000e-01   9.9999945444273897e-01   6.0000000047946611e-01   3.0172625411272054e-08   0.0000000000000000e+00   0.0000000000000000e+00
0043   1.6210937500000000e-01   9.9999947518656718e-01   6.0000000046091984e-01   3.0644947381384248e-08   0.0000000000000000e+00   0.0000000000000000e+00
0044   1.6601562500000000e-01   9.9999949624650109e-01   6.0000000044207824e-01   3.1098695699893363e-08   0.0000000000000000e+00   0.0000000000000000e+00
0045   1.6992187500000000e-01   9.9999951760985961e-01   6.0000000042295509e-01   3.1533585728195852e-08   0.0000000000000000e+00   0.0000000000000000e+00
0046   1.7382812500000000e-01   9.9999953926378649e-01   6.0000000040356471e-01   3.1949346798090267e-08   0.0000000000000000e+00   0.0000000000000000e+00
0047   1.7773437500000000e-01   9.9999956119522504e-01   6.0000000038392243e-01   3.2345718495749213e-08   0.0000000000000000e+00   0.0000000000000000e+00
0048   1.8164062500000000e-01   9.9999958339098993e-01   6.0000000036404366e-01   3.2722455768391751e-08   0.0000000000000000e+00   0.0000000000000000e+00
0049   1.8554687500000000e-01   9.9999960583769232e-01   6.0000000034394518e-01   3.3079324374711294e-08   0.0000000000000000e+00   0.0000000000000000e+00
0050   1.8945312500000000e-01   9.9999962852184665e-01   6.0000000032364409e-01   3.3416103667577777e-08   0.0000000000000000e+00   0.0000000000000000e+00
0051   1.9335937500000000e-01   9.9999965142975233e-01   6.0000000030315814e-01   3.3732588102886732e-08   0.0000000000000000e+00   0.0000000000000000e+00
0052   1.9726562500000000e-01   9.9999967454763294e-01   6.0000000028250755e-01   3.4028587362665081e-08   0.0000000000000000e+00   0.0000000000000000e+00
0053   2.0117187500000000e-01   9.9999969786159359e-01   6.0000000026171407e-01   3.4303927215979730e-08   0.0000000000000000e+00   0.0000000000000000e+00
0054   2.0507812500000000e-01   9.9999972135759352e-01   6.0000000024080069e-01   3.4558451229317586e-08   0.0000000000000000e+00   0.0000000000000000e+00
0055   2.0898437500000000e-01   9.9999974502148870e-01   6.0000000021978994e-01   3.4792015539922074e-08   0.0000000000000000e+00   0.0000000000000000e+00
0056   2.1289062500000000e-01   9.9999976883903441e-01   6.0000000019870092e-01   3.5004492227693949e-08   0.0000000000000000e+00   0.0000000000000000e+00
0057   2.1679687500000000e-01   9.9999979279590090e-01   6.0000000017755573e-01   3.5195764296960491e-08   0.0000000000000000e+00   0.0000000000000000e+00
0058   2.2070312500000000e-01   9.9999981687757966e-01   6.0000000015637478e-01   3.5365739539258689e-08   0.0000000000000000e+00   0.0000000000000000e+00
0059   2.2460937500000000e-01   9.9999984106973749e-01   6.0000000013521249e-01   3.5514341476267220e-08   0.0000000000000000e+00   0.0000000000000000e+00
0060   2.2851562500000000e-01   9.9999986535773355e-01   6.0000000011407295e-01   3.5641566162805334e-08   0.0000000000000000e+00   0.0000000000000000e+00
0061   2.3242187500000000e-01   9.9999988972715570e-01   6.0000000009319610e-01   3.5747367569419795e-08   0.0000000000000000e+00   0.0000000000000000e+00
0062   2.3632812500000000e-01   9.9999991416285328e-01   6.0000000007213872e-01   3.5831936412510583e-08   0.0000000000000000e+00   0.0000000000000000e+00
0063   2.4023437500000000e-01   9.9999993865188819e-01   6.0000000005265874e-01   3.5895097213199496e-08   0.0000000000000000e+00   0.0000000000000000e+00
0064   2.4414062500000000e-01   9.9999996317465933e-01   6.0000000002990228e-01   3.5937193333339511e-08   0.0000000000000000e+00   0.0000000000000000e+00
0065   2.4804687500000000e-01   9.9999998773101484e-01   6.0000000001855069e-01   3.5958285738037904e-08   0.0000000000000000e+00   0.0000000000000000e+00
0066   2.5195312500000000e-01   1.0000000122690536e+00   5.9999999998147713e-01   3.5958318527381830e-08   0.0000000000000000e+00   0.0000000000000000e+00
0067   2.5585937500000000e-01   1.0000000368253725e+00   5.9999999997012265e-01   3.5937289687660690e-08   0.0000000000000000e+00   0.0000000000000000e+00
0068   2.5976562500000000e-01   1.0000000613481299e+00   5.9999999994736719e-01   3.5895256239011271e-08   0.0000000000000000e+00   0.0000000000000000e+00
0069   2.6367187500000000e-01   1.0000000858371794e+00   5.9999999992788666e-01   3.5832156470065748e-08   0.0000000000000000e+00   0.0000000000000000e+00
0070   2.6757812500000000e-01   1.0000001102729106e+00   5.9999999990682851e-01   3.5747647168327880e-08   0.0000000000000000e+00   0.0000000000000000e+00
0071   2.7148437500000000e-01   1.0000001346423029e+00   5.9999999988595076e-01   3.5641902843826773e-08   0.0000000000000000e+00   0.0000000000000000e+00
0072   2.7539062500000000e-01   1.0000001589303154e+00   5.9999999986481023e-01   3.5514733301792792e-08   0.0000000000000000e+00   0.0000000000000000e+00
0073   2.7929687500000000e-01   1.0000001831224550e+00   5.9999999984364727e-01   3.5366184981471832e-08   0.0000000000000000e+00   0.0000000000000000e+00
0074   2.8320312500000000e-01   1.0000002072041749e+00   5.9999999982246532e-01   3.5196261120207846e-08   0.0000000000000000e+00   0.0000000000000000e+00
0075   2.8710937500000000e-01   1.0000002311610419e+00   5.9999999980131913e-01   3.5005038643388512e-08   0.0000000000000000e+00   0.0000000000000000e+00
0076   2.9101562500000000e-01   1.0000002549785072e+00   5.9999999978022933e-01   3.4792609796756887e-08   0.0000000000000000e+00   0.0000000000000000e+00
0077   2.9492187500000000e-01   1.0000002786424040e+00   5.9999999975921714e-01   3.4559091166173072e-08   0.0000000000000000e+00   0.0000000000000000e+00
0078   2.9882812500000000e-01   1.0000003021384447e+00   5.9999999973830254e-01   3.4304611640406208e-08   0.0000000000000000e+00   0.0000000000000000e+00
0079   3.0273437500000000e-01   1.0000003254523868e+00   5.9999999971750773e-01   3.4029314299858730e-08   0.0000000000000000e+00   0.0000000000000000e+00
0080   3.0664062500000000e-01   1.0000003485702800e+00   5.9999999969685569e-01   3.3733356062384165e-08   0.0000000000000000e+00   0.0000000000000000e+00
0081   3.1054687500000000e-01   1.0000003714782426e+00   5.9999999967636819e-01   3.3416910302047587e-08   0.0000000000000000e+00   0.0000000000000000e+00
0082   3.1445312500000000e-01   1.0000003941623632e+00   5.9999999965606532e-01   3.3080167970188692e-08   0.0000000000000000e+00   0.0000000000000000e+00
0083   3.1835937500000000e-01   1.0000004166090390e+00   5.9999999963596529e-01   3.2723334536410648e-08   0.0000000000000000e+00   0.0000000000000000e+00
0084   3.2226562500000000e-01   1.0000004388048012e+00   5.9999999961608463e-01   3.2346630424314927e-08   0.0000000000000000e+00   0.0000000000000000e+00
0085   3.2617187500000000e-01   1.0000004607362782e+00   5.9999999959643990e-01   3.1950288906569018e-08   0.0000000000000000e+00   0.0000000000000000e+00
0086   3.3007812500000000e-01   1.0000004823901762e+00   5.9999999957704708e-01   3.1534556973262431e-08   0.0000000000000000e+00   0.0000000000000000e+00
0087   3.3398437500000000e-01   1.0000005037535700e+00   5.9999999955792149e-01   3.1099693920546525e-08   0.0000000000000000e+00   0.0000000000000000e+00
0088   3.3789062500000000e-01   1.0000005248134238e+00   5.9999999953907746e-01   3.0645970304866228e-08   0.0000000000000000e+00   0.0000000000000000e+00
0089   3.4179687500000000e-01   1.0000005455572545e+00   5.9999999952052863e-01   3.0173670578533929e-08   0.0000000000000000e+00   0.0000000000000000e+00
0090   3.4570312500000000e-01   1.0000005659724884e+00   5.9999999950228811e-01   2.9683089385065939e-08   0.0000000000000000e+00   0.0000000000000000e+00
0091   3.4960937500000000e-01   1.0000005860467920e+00   5.9999999948436800e-01   2.9174533622393518e-08   0.0000000000000000e+00   0.0000000000000000e+00
0092   3.5351562500000000e-01   1.0000006057681161e+00   5.9999999946677940e-01   2.8648320140550280e-08   0.0000000000000000e+00   0.0000000000000000e+00
0093   3.5742187500000000e-01   1.0000006251246030e+00   5.9999999944953386e-01   2.8104777195675828e-08   0.0000000000000000e+00   0.0000000000000000e+00
0094   3.6132812500000000e-01   1.0000006441044933e+00   5.9999999943264115e-01   2.7544242507354950e-08   0.0000000000000000e+00   0.0000000000000000e+00
0095   3.6523437500000000e-01   1.0000006626964866e+00   5.9999999941611171e-01   2.6967063544996674e-08   0.0000000000000000e+00   0.0000000000000000e+00
0096   3.6914062500000000e-01   1.0000006808892494e+00   5.9999999939995463e-01   2.6373598888498114e-08   0.0000000000000000e+00   0.0000000000000000e+00
0097   3.7304687500000000e-01   1.0000006986719718e+00   5.9999999938417925e-01   2.5764213547395856e-08   0.0000000000000000e+00   0.0000000000000000e+00
0098   3.7695312500000000e-01   1.0000007160337998e+00   5.9999999936879367e-01   2.5139284892032763e-08   0.0000000000000000e+00   0.0000000000000000e+00
0099   3.8085937500000000e-01   1.0000007329643392e+00   5.9999999935380599e-01   2.4499195613900654e-08   0.0000000000000000e+00   0.0000000000000000e+00
0100   3.8476562500000000e-01   1.0000007494534309e+00   5.9999999933922432e-01   2.3844339831639729e-08   0.0000000000000000e+00   0.0000000000000000e+00
0101   3.8867187500000000e-01   1.0000007654910286e+00   5.9999999932505588e-01   2.3175117418691805e-08   0.0000000000000000e+00   0.0000000000000000e+00
0102   3.9257812500000000e-01   1.0000007810675959e+00   5.9999999931130721e-01   2.2491938459143249e-08   0.0000000000000000e+00   0.0000000000000000e+00
0103   3.9648437500000000e-01   1.0000007961735686e+00   5.9999999929798564e-01   2.1795218309903065e-08   0.0000000000000000e+00   0.0000000000000000e+00
0104   4.0039062500000000e-01   1.0000008108000547e+00   5.9999999928509773e-01   2.1085381748172250e-08   0.0000000000000000e+00   0.0000000000000000e+00
0105   4.0429687500000000e-01   1.0000008249381818e+00   5.9999999927264958e-01   2.0362859737373296e-08   0.0000000000000000e+00   0.0000000000000000e+00
0106   4.0820312500000000e-01   1.0000008385794026e+00   5.9999999926064718e-01   1.9628090621712831e-08   0.0000000000000000e+00   0.0000000000000000e+00
0107   4.1210937500000000e-01   1.0000008517154895e+00   5.9999999924909664e-01   1.8881519565101054e-08   0.0000000000000000e+00   0.0000000000000000e+00
0108   4.1601562500000000e-01   1.0000008643385181e+00   5.9999999923800340e-01   1.8123597240492967e-08   0.0000000000000000e+00   0.0000000000000000e+00
0109   4.1992187500000000e-01   1.0000008764409363e+00   5.9999999922737290e-01   1.7354782575800053e-08   0.0000000000000000e+00   0.0000000000000000e+00
0110   4.2382812500000000e-01   1.0000008880153799e+00   5.9999999921721048e-01   1.6575538528833447e-08   0.0000000000000000e+00   0.0000000000000000e+00
0111   4.2773437500000000e-01   1.0000008990549374e+00   5.9999999920752101e-01   1.5786335681975515e-08   0.0000000000000000e+00   0.0000000000000000e+00
0112   4.3164062500000000e-01   1.0000009095529225e+00   5.9999999919830982e-01   1.4987648307391468e-08   0.0000000000000000e+00   0.0000000000000000e+00
0113   4.3554687500000000e-01   1.0000009195030528e+00   5.9999999918958136e-01   1.4179958028765658e-08   0.0000000000000000e+00   0.0000000000000000e+00
0114   4.3945312500000000e-01   1.0000009288993055e+00   5.9999999918134017e-01   1.3363750400994218e-08   0.0000000000000000e+00   0.0000000000000000e+00
0115   4.4335937500000000e-01   1.0000009377360342e+00   5.9999999917359081e-01   1.2539515920013506e-08   0.0000000000000000e+00   0.0000000000000000e+00
0116   4.4726562500000000e-01   1.0000009460078390e+00   5.9999999916633706e-01   1.1707750284411323e-08   0.0000000000000000e+00   0.0000000000000000e+00
0117   4.5117187500000000e-01   1.0000009537098926e+00   5.9999999915958313e-01   1.0868953275632973e-08   0.0000000000000000e+00   0.0000000000000000e+00
0118   4.5507812500000000e-01   1.0000009608374214e+00   5.9999999915333257e-01   1.0023628306055235e-08   0.0000000000000000e+00   0.0000000000000000e+00
0119   4.5898437500000000e-01   1.0000009673861434e+00   5.9999999914758895e-01   9.1722836409837988e-09   0.0000000000000000e+00   0.0000000000000000e+00
0120   4.6289062500000000e-01   1.0000009733522062e+00   5.9999999914235536e-01   8.3154300417221217e-09   0.0000000000000000e+00   0.0000000000000000e+00
0121   4.6679687500000000e-01   1.0000009787319193e+00   5.9999999913763447e-01   7.4535822437868215e-09   0.0000000000000000e+00   0.0000000000000000e+00
0122   4.7070312500000000e-01   1.0000009835220647e+00   5.9999999913342883e-01   6.5872579742173172e-09   0.0000000000000000e+00   0.0000000000000000e+00
0123   4.7460937500000000e-01   1.0000009877197806e+00   5.9999999912974111e-01   5.7169757749100318e-09   0.0000000000000000e+00   0.0000000000000000e+00
0124   4.7851562500000000e-01   1.0000009913225312e+00   5.9999999912657231e-01   4.8432649696012093e-09   0.0000000000000000e+00   0.0000000000000000e+00
0125   4.8242187500000000e-01   1.0000009943281087e+00   5.9999999912392499e-01   3.9666300286328366e-09   0.0000000000000000e+00   0.0000000000000000e+00
0126   4.8632812500000000e-01   1.0000009967347983e+00   5.9999999912180224e-01   3.0876546780017702e-09   0.0000000000000000e+00   0.0000000000000000e+00
0127   4.9023437500000000e-01   1.0000009985410578e+00   5.9999999912018309e-01   2.2067047651065114e-09   0.0000000000000000e+00   0.0000000000000000e+00
0128   4.9414062500000000e-01   1.0000009997458650e+00   5.9999999911914303e-01   1.3247281879260508e-09   0.0000000000000000e+00   0.0000000000000000e+00
0129   4.9804687500000000e-01   1.0000010003481987e+00   5.9999999911845292e-01   4.4124571645043964e-10   0.0000000000000000e+00   0.0000000000000000e+00
0130   5.0195312500000000e-01   1.0000010003481790e+00   5.9999999911845336e-01  -4.4124117125561391e-10   0.0000000000000000e+00   0.0000000000000000e+00
0131   5.0585937500000000e-01   1.0000009997458774e+00   5.9999999911914392e-01  -1.3247235682196763e-09   0.0000000000000000e+00   0.0000000000000000e+00
0132   5.0976562500000000e-01   1.0000009985410137e+00   5.9999999912018498e-01  -2.2067007042364697e-09   0.0000000000000000e+00   0.0000000000000000e+00
0133   5.1367187500000000e-01   1.0000009967347685e+00   5.9999999912180457e-01  -3.0876508034104839e-09   0.0000000000000000e+00   0.0000000000000000e+00
0134   5.1757812500000000e-01   1.0000009943281205e+00   5.9999999912392787e-01  -3.9666266756219304e-09   0.0000000000000000e+00   0.0000000000000000e+00
0135   5.2148437500000000e-01   1.0000009913225150e+00   5.9999999912657564e-01  -4.8432621009151942e-09   0.0000000000000000e+00   0.0000000000000000e+00
0136   5.2539062500000000e-01   1.0000009877197591e+00   5.9999999912974433e-01  -5.7169734650602564e-09   0.0000000000000000e+00   0.0000000000000000e+00
0137   5.2929687500000000e-01   1.0000009835220693e+00   5.9999999913343194e-01  -6.5872557388787363e-09   0.0000000000000000e+00   0.0000000000000000e+00
0138   5.3320312500000000e-01   1.0000009787319124e+00   5.9999999913763757e-01  -7.4535804182616684e-09   0.0000000000000000e+00   0.0000000000000000e+00
0139   5.3710937500000000e-01   1.0000009733521973e+00   5.9999999914235835e-01  -8.3154285514987243e-09   0.0000000000000000e+00   0.0000000000000000e+00
0140   5.4101562500000000e-01   1.0000009673861450e+00   5.9999999914759206e-01  -9.1722822252717408e-09   0.0000000000000000e+00   0.0000000000000000e+00
0141   5.4492187500000000e-01   1.0000009608374039e+00   5.9999999915333579e-01  -1.0023627188389314e-08   0.0000000000000000e+00   0.0000000000000000e+00
0142   5.4882812500000000e-01   1.0000009537098613e+00   5.9999999915958613e-01  -1.0868951897176843e-08   0.0000000000000000e+00   0.0000000000000000e+00
0143   5.5273437500000000e-01   1.0000009460078971e+00   5.9999999916633984e-01  -1.1707749054976878e-08   0.0000000000000000e+00   0.0000000000000000e+00
0144   5.5664062500000000e-01   1.0000009377360357e+00   5.9999999917359326e-01  -1.2539514690580189e-08   0.0000000000000000e+00   0.0000000000000000e+00
0145   5.6054687500000000e-01   1.0000009288992993e+00   5.9999999918134228e-01  -1.3363749097049065e-08   0.0000000000000000e+00   0.0000000000000000e+00
0146   5.6445312500000000e-01   1.0000009195030788e+00   5.9999999918958313e-01  -1.4179956762075856e-08   0.0000000000000000e+00   0.0000000000000000e+00
0147   5.6835937500000000e-01   1.0000009095529543e+00   5.9999999919831160e-01  -1.4987647226980105e-08   0.0000000000000000e+00   0.0000000000000000e+00
0148   5.7226562500000000e-01   1.0000008990549256e+00   5.9999999920752245e-01  -1.5786334117240474e-08   0.0000000000000000e+00   0.0000000000000000e+00
0149   5.7617187500000000e-01   1.0000008880153264e+00   5.9999999921721148e-01  -1.6575537075865433e-08   0.0000000000000000e+00   0.0000000000000000e+00
0150   5.8007812500000000e-01   1.0000008764409205e+00   5.9999999922737357e-01  -1.7354781458133779e-08   0.0000000000000000e+00   0.0000000000000000e+00
0151   5.8398437500000000e-01   1.0000008643384743e+00   5.9999999923800373e-01  -1.8123596197338706e-08   0.0000000000000000e+00   0.0000000000000000e+00
0152   5.8789062500000000e-01   1.0000008517154837e+00   5.9999999924909664e-01  -1.8881518074876206e-08   0.0000000000000000e+00   0.0000000000000000e+00
0153   5.9179687500000000e-01   1.0000008385793950e+00   5.9999999926064718e-01  -1.9628089429534438e-08   0.0000000000000000e+00   0.0000000000000000e+00
0154   5.9570312500000000e-01   1.0000008249381629e+00   5.9999999927264958e-01  -2.0362858358916589e-08   0.0000000000000000e+00   0.0000000000000000e+00
0155   5.9960937500000000e-01   1.0000008108000893e+00   5.9999999928509773e-01  -2.1085380630504249e-08   0.0000000000000000e+00   0.0000000000000000e+00
0156   6.0351562500000000e-01   1.0000007961736310e+00   5.9999999929798575e-01  -2.1795217192234813e-08   0.0000000000000000e+00   0.0000000000000000e+00
0157   6.0742187500000000e-01   1.0000007810675238e+00   5.9999999931130732e-01  -2.2491936931664611e-08   0.0000000000000000e+00   0.0000000000000000e+00
0158   6.1132812500000000e-01   1.0000007654910104e+00   5.9999999932505588e-01  -2.3175116636326373e-08   0.0000000000000000e+00   0.0000000000000000e+00
0159   6.1523437500000000e-01   1.0000007494533982e+00   5.9999999933922477e-01  -2.3844338639461045e-08   0.0000000000000000e+00   0.0000000000000000e+00
0160   6.1914062500000000e-01   1.0000007329643481e+00   5.9999999935380666e-01  -2.4499194570744510e-08   0.0000000000000000e+00   0.0000000000000000e+00
0161   6.2304687500000000e-01   1.0000007160338062e+00   5.9999999936879445e-01  -2.5139283811620484e-08   0.0000000000000000e+00   0.0000000000000000e+00
0162   6.2695312500000000e-01   1.0000006986719383e+00   5.9999999938417992e-01  -2.5764212951309168e-08   0.0000000000000000e+00   0.0000000000000000e+00
0163   6.3085937500000000e-01   1.0000006808892983e+00   5.9999999939995541e-01  -2.6373597845340283e-08   0.0000000000000000e+00   0.0000000000000000e+00
0164   6.3476562500000000e-01   1.0000006626964826e+00   5.9999999941611226e-01  -2.6967063023420894e-08   0.0000000000000000e+00   0.0000000000000000e+00
0165   6.3867187500000000e-01   1.0000006441045062e+00   5.9999999943264182e-01  -2.7544241762243810e-08   0.0000000000000000e+00   0.0000000000000000e+00
0166   6.4257812500000000e-01   1.0000006251245708e+00   5.9999999944953453e-01  -2.8104776525077531e-08   0.0000000000000000e+00   0.0000000000000000e+00
0167   6.4648437500000000e-01   1.0000006057681496e+00   5.9999999946678040e-01  -2.8648319395438276e-08   0.0000000000000000e+00   0.0000000000000000e+00
0168   6.5039062500000000e-01   1.0000005860467853e+00   5.9999999948436911e-01  -2.9174532728259964e-08   0.0000000000000000e+00   0.0000000000000000e+00
0169   6.5429687500000000e-01   1.0000005659724980e+00   5.9999999950228966e-01  -2.9683088714465981e-08   0.0000000000000000e+00   0.0000000000000000e+00
0170   6.5820312500000000e-01   1.0000005455572929e+00   5.9999999952053018e-01  -3.0173669796166223e-08   0.0000000000000000e+00   0.0000000000000000e+00
0171   6.6210937500000000e-01   1.0000005248134689e+00   5.9999999953907890e-01  -3.0645969522497616e-08   0.0000000000000000e+00   0.0000000000000000e+00
0172   6.6601562500000000e-01   1.0000005037535420e+00   5.9999999955792294e-01  -3.1099693212692169e-08   0.0000000000000000e+00   0.0000000000000000e+00
0173   6.6992187500000000e-01   1.0000004823901751e+00   5.9999999957704830e-01  -3.1534556488940996e-08   0.0000000000000000e+00   0.0000000000000000e+00
0174   6.7382812500000000e-01   1.0000004607362469e+00   5.9999999959644101e-01  -3.1950288235969917e-08   0.0000000000000000e+00   0.0000000000000000e+00
0175   6.7773437500000000e-01   1.0000004388047878e+00   5.9999999961608574e-01  -3.2346629381156974e-08   0.0000000000000000e+00   0.0000000000000000e+00
0176   6.8164062500000000e-01   1.0000004166090681e+00   5.9999999963596617e-01  -3.2723333605017924e-08   0.0000000000000000e+00   0.0000000000000000e+00
0177   6.8554687500000000e-01   1.0000003941623394e+00   5.9999999965606643e-01  -3.3080167150565678e-08   0.0000000000000000e+00   0.0000000000000000e+00
0178   6.8945312500000000e-01   1.0000003714782049e+00   5.9999999967636930e-01  -3.3416909817726932e-08   0.0000000000000000e+00   0.0000000000000000e+00
0179   6.9335937500000000e-01   1.0000003485703159e+00   5.9999999969685669e-01  -3.3733355540804629e-08   0.0000000000000000e+00   0.0000000000000000e+00
0180   6.9726562500000000e-01   1.0000003254523828e+00   5.9999999971750861e-01  -3.4029313852792021e-08   0.0000000000000000e+00   0.0000000000000000e+00
0181   7.0117187500000000e-01   1.0000003021384480e+00   5.9999999973830320e-01  -3.4304611230595270e-08   0.0000000000000000e+00   0.0000000000000000e+00
0182   7.0507812500000000e-01   1.0000002786424376e+00   5.9999999975921758e-01  -3.4559090793615788e-08   0.0000000000000000e+00   0.0000000000000000e+00
0183   7.0898437500000000e-01   1.0000002549785387e+00   5.9999999978022933e-01  -3.4792609163409295e-08   0.0000000000000000e+00   0.0000000000000000e+00
0184   7.1289062500000000e-01   1.0000002311610177e+00   5.9999999980131935e-01  -3.5005037525717970e-08   0.0000000000000000e+00   0.0000000000000000e+00
0185   7.1679687500000000e-01   1.0000002072041869e+00   5.9999999982246555e-01  -3.5196260226070231e-08   0.0000000000000000e+00   0.0000000000000000e+00
0186   7.2070312500000000e-01   1.0000001831224667e+00   5.9999999984364794e-01  -3.5366184087334602e-08   0.0000000000000000e+00   0.0000000000000000e+00
0187   7.2460937500000000e-01   1.0000001589303174e+00   5.9999999986481123e-01  -3.5514732817468445e-08   0.0000000000000000e+00   0.0000000000000000e+00
0188   7.2851562500000000e-01   1.0000001346423293e+00   5.9999999988595187e-01  -3.5641902396757073e-08   0.0000000000000000e+00   0.0000000000000000e+00
0189   7.3242187500000000e-01   1.0000001102728950e+00   5.9999999990682973e-01  -3.5747647093817508e-08   0.0000000000000000e+00   0.0000000000000000e+00
0190   7.3632812500000000e-01   1.0000000858372047e+00   5.9999999992788788e-01  -3.5832156246530530e-08   0.0000000000000000e+00   0.0000000000000000e+00
0191   7.4023437500000000e-01   1.0000000613481488e+00   5.9999999994736852e-01  -3.5895256015475934e-08   0.0000000000000000e+00   0.0000000000000000e+00
0192   7.4414062500000000e-01   1.0000000368253747e+00   5.9999999997012365e-01  -3.5937289240591810e-08   0.0000000000000000e+00   0.0000000000000000e+00
0193   7.4804687500000000e-01   1.0000000122690449e+00   5.9999999998147779e-01  -3.5958318378358731e-08   0.0000000000000000e+00   0.0000000000000000e+00
0194   7.5195312500000000e-01   9.9999998773103893e-01   6.0000000001855147e-01  -3.5958285663525150e-08   0.0000000000000000e+00   0.0000000000000000e+00
0195   7.5585937500000000e-01   9.9999996317464057e-01   6.0000000002990272e-01  -3.5937193184317775e-08   0.0000000000000000e+00   0.0000000000000000e+00
0196   7.5976562500000000e-01   9.9999993865189174e-01   6.0000000005265908e-01  -3.5895097473990121e-08   0.0000000000000000e+00   0.0000000000000000e+00
0197   7.6367187500000000e-01   9.9999991416284351e-01   6.0000000007213894e-01  -3.5831936337998650e-08   0.0000000000000000e+00   0.0000000000000000e+00
0198   7.6757812500000000e-01   9.9999988972714371e-01   6.0000000009319632e-01  -3.5747367718441974e-08   0.0000000000000000e+00   0.0000000000000000e+00
0199   7.7148437500000000e-01   9.9999986535772911e-01   6.0000000011407295e-01  -3.5641566311827956e-08   0.0000000000000000e+00   0.0000000000000000e+00
0200   7.7539062500000000e-01   9.9999984106973838e-01   6.0000000013521237e-01  -3.5514341476266816e-08   0.0000000000000000e+00   0.0000000000000000e+00
0201   7.7929687500000000e-01   9.9999981687759754e-01   6.0000000015637456e-01  -3.5365740060837920e-08   0.0000000000000000e+00   0.0000000000000000e+00
0202   7.8320312500000000e-01   9.9999979279588813e-01   6.0000000017755584e-01  -3.5195765377377842e-08   0.0000000000000000e+00   0.0000000000000000e+00
0203   7.8710937500000000e-01   9.9999976883904318e-01   6.0000000019870103e-01  -3.5004493717923171e-08   0.0000000000000000e+00   0.0000000000000000e+00
0204   7.9101562500000000e-01   9.9999974502147904e-01   6.0000000021979005e-01  -3.4792017849781331e-08   0.0000000000000000e+00   0.0000000000000000e+00
0205   7.9492187500000000e-01   9.9999972135758242e-01   6.0000000024080091e-01  -3.4558453725454860e-08   0.0000000000000000e+00   0.0000000000000000e+00
0206   7.9882812500000000e-01   9.9999969786159815e-01   6.0000000026171429e-01  -3.4303930382720837e-08   0.0000000000000000e+00   0.0000000000000000e+00
0207   8.0273437500000000e-01   9.9999967454762517e-01   6.0000000028250755e-01  -3.4028590305871725e-08   0.0000000000000000e+00   0.0000000000000000e+00
0208   8.0664062500000000e-01   9.9999965142973313e-01   6.0000000030315837e-01  -3.3732591269628316e-08   0.0000000000000000e+00   0.0000000000000000e+00
0209   8.1054687500000000e-01   9.9999962852178870e-01   6.0000000032364442e-01  -3.3416106983344047e-08   0.0000000000000000e+00   0.0000000000000000e+00
0210   8.1445312500000000e-01   9.9999960583768688e-01   6.0000000034394574e-01  -3.3079327653220377e-08   0.0000000000000000e+00   0.0000000000000000e+00
0211   8.1835937500000000e-01   9.9999958339098494e-01   6.0000000036404433e-01  -3.2722459046899775e-08   0.0000000000000000e+00   0.0000000000000000e+00
0212   8.2226562500000000e-01   9.9999956119523481e-01   6.0000000038392320e-01  -3.2345721997791317e-08   0.0000000000000000e+00   0.0000000000000000e+00
0213   8.2617187500000000e-01   9.9999953926377316e-01   6.0000000040356583e-01  -3.1949349778552999e-08   0.0000000000000000e+00   0.0000000000000000e+00
0214   8.3007812500000000e-01   9.9999951760985017e-01   6.0000000042295654e-01  -3.1533589230238730e-08   0.0000000000000000e+00   0.0000000000000000e+00
0215   8.3398437500000000e-01   9.9999949624652407e-01   6.0000000044208013e-01  -3.1098699239190192e-08   0.0000000000000000e+00   0.0000000000000000e+00
0216   8.3789062500000000e-01   9.9999947518657240e-01   6.0000000046092195e-01  -3.0644951330496356e-08   0.0000000000000000e+00   0.0000000000000000e+00
0217   8.4179687500000000e-01   9.9999945444273375e-01   6.0000000047946844e-01  -3.0172629248617086e-08   0.0000000000000000e+00   0.0000000000000000e+00
0218   8.4570312500000000e-01   9.9999943402754232e-01   6.0000000049770696e-01  -2.9682028046878449e-08   0.0000000000000000e+00   0.0000000000000000e+00
0219   8.4960937500000000e-01   9.9999941395319947e-01   6.0000000051562519e-01  -2.9173454362430246e-08   0.0000000000000000e+00   0.0000000000000000e+00
0220   8.5351562500000000e-01   9.9999939423190176e-01   6.0000000053321179e-01  -2.8647225678657555e-08   0.0000000000000000e+00   0.0000000000000000e+00
0221   8.5742187500000000e-01   9.9999937487540969e-01   6.0000000055045544e-01  -2.8103669283060797e-08   0.0000000000000000e+00   0.0000000000000000e+00
0222   8.6132812500000000e-01   9.9999935589549738e-01   6.0000000056734593e-01  -2.7543123640342558e-08   0.0000000000000000e+00   0.0000000000000000e+00
0223   8.6523437500000000e-01   9.9999933730353241e-01   6.0000000058387315e-01  -2.6965936704252690e-08   0.0000000000000000e+00   0.0000000000000000e+00
0224   8.6914062500000000e-01   9.9999931911073203e-01   6.0000000060002778e-01  -2.6372465564463092e-08   0.0000000000000000e+00   0.0000000000000000e+00
0225   8.7304687500000000e-01   9.9999930132805814e-01   6.0000000061580117e-01  -2.5763077018800596e-08   0.0000000000000000e+00   0.0000000000000000e+00
0226   8.7695312500000000e-01   9.9999928396621585e-01   6.0000000063118442e-01  -2.5138147133664225e-08   0.0000000000000000e+00   0.0000000000000000e+00
0227   8.8085937500000000e-01   9.9999926703566788e-01   6.0000000064616965e-01  -2.4498059680973102e-08   0.0000000000000000e+00   0.0000000000000000e+00
0228   8.8476562500000000e-01   9.9999925054661487e-01   6.0000000066074932e-01  -2.3843207959751334e-08   0.0000000000000000e+00   0.0000000000000000e+00
0229   8.8867187500000000e-01   9.9999923450898476e-01   6.0000000067491588e-01  -2.3173992253258451e-08   0.0000000000000000e+00   0.0000000000000000e+00
0230   8.9257812500000000e-01   9.9999921893246035e-01   6.0000000068866222e-01  -2.2490821937733657e-08   0.0000000000000000e+00   0.0000000000000000e+00
0231   8.9648437500000000e-01   9.9999920382639640e-01   6.0000000070198156e-01  -2.1794113599528652e-08   0.0000000000000000e+00   0.0000000000000000e+00
0232   9.0039062500000000e-01   9.9999918919990705e-01   6.0000000071486737e-01  -2.1084290786413690e-08   0.0000000000000000e+00   0.0000000000000000e+00
0233   9.0429687500000000e-01   9.9999917506180303e-01   6.0000000072731330e-01  -2.0361785095162168e-08   0.0000000000000000e+00   0.0000000000000000e+00
0234   9.0820312500000000e-01   9.9999916142059597e-01   6.0000000073931314e-01  -1.9627034869983529e-08   0.0000000000000000e+00   0.0000000000000000e+00
0235   9.1210937500000000e-01   9.9999914828448866e-01   6.0000000075086135e-01  -1.8880484678695677e-08   0.0000000000000000e+00   0.0000000000000000e+00
0236   9.1601562500000000e-01   9.9999913566146026e-01   6.0000000076195192e-01  -1.8122586460950042e-08   0.0000000000000000e+00   0.0000000000000000e+00
0237   9.1992187500000000e-01   9.9999912355908127e-01   6.0000000077257998e-01  -1.7353797952471879e-08   0.0000000000000000e+00   0.0000000000000000e+00
0238   9.2382812500000000e-01   9.9999911198461489e-01   6.0000000078273985e-01  -1.6574582967950431e-08   0.0000000000000000e+00   0.0000000000000000e+00
0239   9.2773437500000000e-01   9.9999910094505118e-01   6.0000000079242621e-01  -1.5785411232883726e-08   0.0000000000000000e+00   0.0000000000000000e+00
0240   9.3164062500000000e-01   9.9999909044702739e-01   6.0000000080163474e-01  -1.4986758435148197e-08   0.0000000000000000e+00   0.0000000000000000e+00
0241   9.3554687500000000e-01   9.9999908049689967e-01   6.0000000081036009e-01  -1.4179104819958099e-08   0.0000000000000000e+00   0.0000000000000000e+00
0242   9.3945312500000000e-01   9.9999907110065789e-01   6.0000000081859806e-01  -1.3362936277501478e-08   0.0000000000000000e+00   0.0000000000000000e+00
0243   9.4335937500000000e-01   9.9999906226397994e-01   6.0000000082634408e-01  -1.2538743340961019e-08   0.0000000000000000e+00   0.0000000000000000e+00
0244   9.4726562500000000e-01   9.9999905399209421e-01   6.0000000083359450e-01  -1.1707021634401878e-08   0.0000000000000000e+00   0.0000000000000000e+00
0245   9.5117187500000000e-01   9.9999904629006775e-01   6.0000000084034544e-01  -1.0868270305909929e-08   0.0000000000000000e+00   0.0000000000000000e+00
0246   9.5507812500000000e-01   9.9999903916256128e-01   6.0000000084659288e-01  -1.0022993252171667e-08   0.0000000000000000e+00   0.0000000000000000e+00
0247   9.5898437500000000e-01   9.9999903261379153e-01   6.0000000085233374e-01  -9.1716981051320393e-09   0.0000000000000000e+00   0.0000000000000000e+00
0248   9.6289062500000000e-01   9.9999902664778639e-01   6.0000000085756455e-01  -8.3148956260788956e-09   0.0000000000000000e+00   0.0000000000000000e+00
0249   9.6679687500000000e-01   9.9999902126805329e-01   6.0000000086228289e-01  -7.4531004014914476e-09   0.0000000000000000e+00   0.0000000000000000e+00
0250   9.7070312500000000e-01   9.9999901647789435e-01   6.0000000086648586e-01  -6.5868302329044450e-09   0.0000000000000000e+00   0.0000000000000000e+00
0251   9.7460937500000000e-01   9.9999901228015431e-01   6.0000000087017091e-01  -5.7166033641490403e-09   0.0000000000000000e+00   0.0000000000000000e+00
0252   9.7851562500000000e-01   9.9999900867742242e-01   6.0000000087333738e-01  -4.8429482248176559e-09   0.0000000000000000e+00   0.0000000000000000e+00
0253   9.8242187500000000e-01   9.9999900567180955e-01   6.0000000087598293e-01  -3.9663701420795664e-09   0.0000000000000000e+00   0.0000000000000000e+00
0254   9.8632812500000000e-01   9.9999900326514146e-01   6.0000000087810457e-01  -3.0874518361212641e-09   0.0000000000000000e+00   0.0000000000000000e+00
0255   9.9023437500000000e-01   9.9999900145891008e-01   6.0000000087972261e-01  -2.2065594893027007e-09   0.0000000000000000e+00   0.0000000000000000e+00
0256   9.9414062500000000e-01   9.9999900025409760e-01   6.0000000088076222e-01  -1.3246402925613085e-09   0.0000000000000000e+00   0.0000000000000000e+00
0257   9.9804687500000000e-01   9.9999899965168526e-01   6.0000000088145200e-01  -4.4121542366624984e-10   0.0000000000000000e+00   0.0000000000000000e+00
