# Athena++ data at time=1.700019e+02  cycle=87041  variables=prim 
# i       x1v         rho          press          vel1         vel2         vel3     
0002   1.9531250000000000e-03   9.9999899964911276e-01   6.0000000087886018e-01   4.4146468807547445e-10   0.0000000000000000e+00   0.0000000000000000e+00
0003   5.8593750000000000e-03   9.9999900025149380e-01   6.0000000087817063e-01   1.3253910664465747e-09   0.0000000000000000e+00   0.0000000000000000e+00
0004   9.7656250000000000e-03   9.9999900145629916e-01   6.0000000087713257e-01   2.2078105793083419e-09   0.0000000000000000e+00   0.0000000000000000e+00
0005   1.3671875000000000e-02   9.9999900326256530e-01   6.0000000087551675e-01   3.0892011920745985e-09   0.0000000000000000e+00   0.0000000000000000e+00
0006   1.7578125000000000e-02   9.9999900566920674e-01   6.0000000087339822e-01   3.9686150423990832e-09   0.0000000000000000e+00   0.0000000000000000e+00
0007   2.1484375000000000e-02   9.9999900867483782e-01   6.0000000087075611e-01   4.8456853886767484e-09   0.0000000000000000e+00   0.0000000000000000e+00
0008   2.5390625000000000e-02   9.9999901227758248e-01   6.0000000086759409e-01   5.7198285787644713e-09   0.0000000000000000e+00   0.0000000000000000e+00
0009   2.9296875000000000e-02   9.9999901647531098e-01   6.0000000086391414e-01   6.5905388751770430e-09   0.0000000000000000e+00   0.0000000000000000e+00
0010   3.3203125000000000e-02   9.9999902126549411e-01   6.0000000085971728e-01   7.4572864693362217e-09   0.0000000000000000e+00   0.0000000000000000e+00
0011   3.7109375000000000e-02   9.9999902664521734e-01   6.0000000085500638e-01   8.3195535639707035e-09   0.0000000000000000e+00   0.0000000000000000e+00
0012   4.1015625000000000e-02   9.9999903261126122e-01   6.0000000084978400e-01   9.1768207550344330e-09   0.0000000000000000e+00   0.0000000000000000e+00
0013   4.4921875000000000e-02   9.9999903916001576e-01   6.0000000084405325e-01   1.0028574275170743e-08   0.0000000000000000e+00   0.0000000000000000e+00
0014   4.8828125000000000e-02   9.9999904628755432e-01   6.0000000083781768e-01   1.0874302431192556e-08   0.0000000000000000e+00   0.0000000000000000e+00
0015   5.2734375000000000e-02   9.9999905398957400e-01   6.0000000083108052e-01   1.1713497031818763e-08   0.0000000000000000e+00   0.0000000000000000e+00
0016   5.6640625000000000e-02   9.9999906226145496e-01   6.0000000082384575e-01   1.2545655148517895e-08   0.0000000000000000e+00   0.0000000000000000e+00
0017   6.0546875000000000e-02   9.9999907109816955e-01   6.0000000081611760e-01   1.3370276328758938e-08   0.0000000000000000e+00   0.0000000000000000e+00
0018   6.4453125000000000e-02   9.9999908049443964e-01   6.0000000080789995e-01   1.4186865767617408e-08   0.0000000000000000e+00   0.0000000000000000e+00
0019   6.8359375000000000e-02   9.9999909044459756e-01   6.0000000079919757e-01   1.4994933154963736e-08   0.0000000000000000e+00   0.0000000000000000e+00
0020   7.2265625000000000e-02   9.9999910094264688e-01   6.0000000079001481e-01   1.5793992339341946e-08   0.0000000000000000e+00   0.0000000000000000e+00
0021   7.6171875000000000e-02   9.9999911198221281e-01   6.0000000078035698e-01   1.6583563373112737e-08   0.0000000000000000e+00   0.0000000000000000e+00
0022   8.0078125000000000e-02   9.9999912355672282e-01   6.0000000077022886e-01   1.7363171201281197e-08   0.0000000000000000e+00   0.0000000000000000e+00
0023   8.3984375000000000e-02   9.9999913565915288e-01   6.0000000075963589e-01   1.8132346321424642e-08   0.0000000000000000e+00   0.0000000000000000e+00
0024   8.7890625000000000e-02   9.9999914828223524e-01   6.0000000074858284e-01   1.8890625477238208e-08   0.0000000000000000e+00   0.0000000000000000e+00
0025   9.1796875000000000e-02   9.9999916141834100e-01   6.0000000073707560e-01   1.9637551528641434e-08   0.0000000000000000e+00   0.0000000000000000e+00
0026   9.5703125000000000e-02   9.9999917505958125e-01   6.0000000072512016e-01   2.0372673578704938e-08   0.0000000000000000e+00   0.0000000000000000e+00
0027   9.9609375000000000e-02   9.9999918919774178e-01   6.0000000071272164e-01   2.1095546723873460e-08   0.0000000000000000e+00   0.0000000000000000e+00
0028   1.0351562500000000e-01   9.9999920382430119e-01   6.0000000069988657e-01   2.1805733811698579e-08   0.0000000000000000e+00   0.0000000000000000e+00
0029   1.0742187500000000e-01   9.9999921893040766e-01   6.0000000068662118e-01   2.2502803878336641e-08   0.0000000000000000e+00   0.0000000000000000e+00
0030   1.1132812500000000e-01   9.9999923450699069e-01   6.0000000067293202e-01   2.3186333710906782e-08   0.0000000000000000e+00   0.0000000000000000e+00
0031   1.1523437500000000e-01   9.9999925054469962e-01   6.0000000065882575e-01   2.3855907430515291e-08   0.0000000000000000e+00   0.0000000000000000e+00
0032   1.1914062500000000e-01   9.9999926703380648e-01   6.0000000064430903e-01   2.4511116740949122e-08   0.0000000000000000e+00   0.0000000000000000e+00
0033   1.2304687500000000e-01   9.9999928396442861e-01   6.0000000062938896e-01   2.5151561060511559e-08   0.0000000000000000e+00   0.0000000000000000e+00
0034   1.2695312500000000e-01   9.9999930132633108e-01   6.0000000061407321e-01   2.5776848244734259e-08   0.0000000000000000e+00   0.0000000000000000e+00
0035   1.3085937500000000e-01   9.9999931910909490e-01   6.0000000059836955e-01   2.6386594223279512e-08   0.0000000000000000e+00   0.0000000000000000e+00
0036   1.3476562500000000e-01   9.9999933730195478e-01   6.0000000058228631e-01   2.6980422892134086e-08   0.0000000000000000e+00   0.0000000000000000e+00
0037   1.3867187500000000e-01   9.9999935589399380e-01   6.0000000056583169e-01   2.7557968384515047e-08   0.0000000000000000e+00   0.0000000000000000e+00
0038   1.4257812500000000e-01   9.9999937487397894e-01   6.0000000054901481e-01   2.8118873386875160e-08   0.0000000000000000e+00   0.0000000000000000e+00
0039   1.4648437500000000e-01   9.9999939423050810e-01   6.0000000053184532e-01   2.8662789498064395e-08   0.0000000000000000e+00   0.0000000000000000e+00
0040   1.5039062500000000e-01   9.9999941395193626e-01   6.0000000051433322e-01   2.9189378625614960e-08   0.0000000000000000e+00   0.0000000000000000e+00
0041   1.5429687500000000e-01   9.9999943402632863e-01   6.0000000049648905e-01   2.9698312997392951e-08   0.0000000000000000e+00   0.0000000000000000e+00
0042   1.5820312500000000e-01   9.9999945444158966e-01   6.0000000047832402e-01   3.0189274272826521e-08   0.0000000000000000e+00   0.0000000000000000e+00
0043   1.6210937500000000e-01   9.9999947518549770e-01   6.0000000045985025e-01   3.0661955218384942e-08   0.0000000000000000e+00   0.0000000000000000e+00
0044   1.6601562500000000e-01   9.9999949624549755e-01   6.0000000044107948e-01   3.1116059811812915e-08   0.0000000000000000e+00   0.0000000000000000e+00
0045   1.6992187500000000e-01   9.9999951760892625e-01   6.0000000042202495e-01   3.1551303675028954e-08   0.0000000000000000e+00   0.0000000000000000e+00
0046   1.7382812500000000e-01   9.9999953926292506e-01   6.0000000040270141e-01   3.1967414537575062e-08   0.0000000000000000e+00   0.0000000000000000e+00
0047   1.7773437500000000e-01   9.9999956119442734e-01   6.0000000038312329e-01   3.2364131724588237e-08   0.0000000000000000e+00   0.0000000000000000e+00
0048   1.8164062500000000e-01   9.9999958339025663e-01   6.0000000036330625e-01   3.2741207463379166e-08   0.0000000000000000e+00   0.0000000000000000e+00
0049   1.8554687500000000e-01   9.9999960583701064e-01   6.0000000034326673e-01   3.3098406841814364e-08   0.0000000000000000e+00   0.0000000000000000e+00
0050   1.8945312500000000e-01   9.9999962852122681e-01   6.0000000032302137e-01   3.3435507796832409e-08   0.0000000000000000e+00   0.0000000000000000e+00
0051   1.9335937500000000e-01   9.9999965142918223e-01   6.0000000030258815e-01   3.3752303033107372e-08   0.0000000000000000e+00   0.0000000000000000e+00
0052   1.9726562500000000e-01   9.9999967454711125e-01   6.0000000028198697e-01   3.4048600779503557e-08   0.0000000000000000e+00   0.0000000000000000e+00
0053   2.0117187500000000e-01   9.9999969786112430e-01   6.0000000026124023e-01   3.4324225612726957e-08   0.0000000000000000e+00   0.0000000000000000e+00
0054   2.0507812500000000e-01   9.9999972135716808e-01   6.0000000024037037e-01   3.4579018677475117e-08   0.0000000000000000e+00   0.0000000000000000e+00
0055   2.0898437500000000e-01   9.9999974502110967e-01   6.0000000021940048e-01   3.4812835850050773e-08   0.0000000000000000e+00   0.0000000000000000e+00
0056   2.1289062500000000e-01   9.9999976883867825e-01   6.0000000019835009e-01   3.5025546453289053e-08   0.0000000000000000e+00   0.0000000000000000e+00
0057   2.1679687500000000e-01   9.9999979279558282e-01   6.0000000017724153e-01   3.5217032895296475e-08   0.0000000000000000e+00   0.0000000000000000e+00
0058   2.2070312500000000e-01   9.9999981687730133e-01   6.0000000015609545e-01   3.5387201551780832e-08   0.0000000000000000e+00   0.0000000000000000e+00
0059   2.2460937500000000e-01   9.9999984106949413e-01   6.0000000013496768e-01   3.5535974714869986e-08   0.0000000000000000e+00   0.0000000000000000e+00
0060   2.2851562500000000e-01   9.9999986535752394e-01   6.0000000011386201e-01   3.5663347656947552e-08   0.0000000000000000e+00   0.0000000000000000e+00
0061   2.3242187500000000e-01   9.9999988972697840e-01   6.0000000009301990e-01   3.5769273491536242e-08   0.0000000000000000e+00   0.0000000000000000e+00
0062   2.3632812500000000e-01   9.9999991416271550e-01   6.0000000007199772e-01   3.5853941705667915e-08   0.0000000000000000e+00   0.0000000000000000e+00
0063   2.4023437500000000e-01   9.9999993865178438e-01   6.0000000005255683e-01   3.5917176894658810e-08   0.0000000000000000e+00   0.0000000000000000e+00
0064   2.4414062500000000e-01   9.9999996317459383e-01   6.0000000002983456e-01   3.5959320185251572e-08   0.0000000000000000e+00   0.0000000000000000e+00
0065   2.4804687500000000e-01   9.9999998773100085e-01   6.0000000001853993e-01   3.5980433139423712e-08   0.0000000000000000e+00   0.0000000000000000e+00
0066   2.5195312500000000e-01   1.0000000122690527e+00   5.9999999998147813e-01   3.5980460600647034e-08   0.0000000000000000e+00   0.0000000000000000e+00
0067   2.5585937500000000e-01   1.0000000368254340e+00   5.9999999997018094e-01   3.5959401710138966e-08   0.0000000000000000e+00   0.0000000000000000e+00
0068   2.5976562500000000e-01   1.0000000613482241e+00   5.9999999994745956e-01   3.5917310993639484e-08   0.0000000000000000e+00   0.0000000000000000e+00
0069   2.6367187500000000e-01   1.0000000858373195e+00   5.9999999992801900e-01   3.5854127893935321e-08   0.0000000000000000e+00   0.0000000000000000e+00
0070   2.6757812500000000e-01   1.0000001102730753e+00   5.9999999990699637e-01   3.5769509608111642e-08   0.0000000000000000e+00   0.0000000000000000e+00
0071   2.7148437500000000e-01   1.0000001346425154e+00   5.9999999988615371e-01   3.5663632062237985e-08   0.0000000000000000e+00   0.0000000000000000e+00
0072   2.7539062500000000e-01   1.0000001589305580e+00   5.9999999986504782e-01   3.5536305955615619e-08   0.0000000000000000e+00   0.0000000000000000e+00
0073   2.7929687500000000e-01   1.0000001831227292e+00   5.9999999984391950e-01   3.5387577951169361e-08   0.0000000000000000e+00   0.0000000000000000e+00
0074   2.8320312500000000e-01   1.0000002072044789e+00   5.9999999982277308e-01   3.5217452627518286e-08   0.0000000000000000e+00   0.0000000000000000e+00
0075   2.8710937500000000e-01   1.0000002311613794e+00   5.9999999980166374e-01   3.5026008698441611e-08   0.0000000000000000e+00   0.0000000000000000e+00
0076   2.9101562500000000e-01   1.0000002549788853e+00   5.9999999978061258e-01   3.4813338596073851e-08   0.0000000000000000e+00   0.0000000000000000e+00
0077   2.9492187500000000e-01   1.0000002786428381e+00   5.9999999975964158e-01   3.4579560620169686e-08   0.0000000000000000e+00   0.0000000000000000e+00
0078   2.9882812500000000e-01   1.0000003021389263e+00   5.9999999973877116e-01   3.4324805336149980e-08   0.0000000000000000e+00   0.0000000000000000e+00
0079   3.0273437500000000e-01   1.0000003254528975e+00   5.9999999971802354e-01   3.4049217426568203e-08   0.0000000000000000e+00   0.0000000000000000e+00
0080   3.0664062500000000e-01   1.0000003485708489e+00   5.9999999969742135e-01   3.3752955225161104e-08   0.0000000000000000e+00   0.0000000000000000e+00
0081   3.1054687500000000e-01   1.0000003714788559e+00   5.9999999967698681e-01   3.3436194043471350e-08   0.0000000000000000e+00   0.0000000000000000e+00
0082   3.1445312500000000e-01   1.0000003941630375e+00   5.9999999965673989e-01   3.3099125391863654e-08   0.0000000000000000e+00   0.0000000000000000e+00
0083   3.1835937500000000e-01   1.0000004166097585e+00   5.9999999963669859e-01   3.2741956863720795e-08   0.0000000000000000e+00   0.0000000000000000e+00
0084   3.2226562500000000e-01   1.0000004388056078e+00   5.9999999961687978e-01   3.2364909963271914e-08   0.0000000000000000e+00   0.0000000000000000e+00
0085   3.2617187500000000e-01   1.0000004607371309e+00   5.9999999959729966e-01   3.1968220273268720e-08   0.0000000000000000e+00   0.0000000000000000e+00
0086   3.3007812500000000e-01   1.0000004823911008e+00   5.9999999957797356e-01   3.1552134895800366e-08   0.0000000000000000e+00   0.0000000000000000e+00
0087   3.3398437500000000e-01   1.0000005037545541e+00   5.9999999955891703e-01   3.1116914319450058e-08   0.0000000000000000e+00   0.0000000000000000e+00
0088   3.3789062500000000e-01   1.0000005248144965e+00   5.9999999954014405e-01   3.0662831224497570e-08   0.0000000000000000e+00   0.0000000000000000e+00
0089   3.4179687500000000e-01   1.0000005455584060e+00   5.9999999952166794e-01   3.0190169989013197e-08   0.0000000000000000e+00   0.0000000000000000e+00
0090   3.4570312500000000e-01   1.0000005659736952e+00   5.9999999950350102e-01   2.9699226374465480e-08   0.0000000000000000e+00   0.0000000000000000e+00
0091   3.4960937500000000e-01   1.0000005860480798e+00   5.9999999948565474e-01   2.9190307763398638e-08   0.0000000000000000e+00   0.0000000000000000e+00
0092   3.5351562500000000e-01   1.0000006057694770e+00   5.9999999946814075e-01   2.8663732235588276e-08   0.0000000000000000e+00   0.0000000000000000e+00
0093   3.5742187500000000e-01   1.0000006251260323e+00   5.9999999945096938e-01   2.8119827227856863e-08   0.0000000000000000e+00   0.0000000000000000e+00
0094   3.6132812500000000e-01   1.0000006441060001e+00   5.9999999943415050e-01   2.7558931801317213e-08   0.0000000000000000e+00   0.0000000000000000e+00
0095   3.6523437500000000e-01   1.0000006626980622e+00   5.9999999941769400e-01   2.6981393276686133e-08   0.0000000000000000e+00   0.0000000000000000e+00
0096   3.6914062500000000e-01   1.0000006808909110e+00   5.9999999940160897e-01   2.6387569377318260e-08   0.0000000000000000e+00   0.0000000000000000e+00
0097   3.7304687500000000e-01   1.0000006986736882e+00   5.9999999938590354e-01   2.5777826379796602e-08   0.0000000000000000e+00   0.0000000000000000e+00
0098   3.7695312500000000e-01   1.0000007160355946e+00   5.9999999937058579e-01   2.5152539829290680e-08   0.0000000000000000e+00   0.0000000000000000e+00
0099   3.8085937500000000e-01   1.0000007329662080e+00   5.9999999935566384e-01   2.4512093721612482e-08   0.0000000000000000e+00   0.0000000000000000e+00
0100   3.8476562500000000e-01   1.0000007494553538e+00   5.9999999934114523e-01   2.3856880462015254e-08   0.0000000000000000e+00   0.0000000000000000e+00
0101   3.8867187500000000e-01   1.0000007654930128e+00   5.9999999932703718e-01   2.3187301041998697e-08   0.0000000000000000e+00   0.0000000000000000e+00
0102   3.9257812500000000e-01   1.0000007810696350e+00   5.9999999931334647e-01   2.2503762751862298e-08   0.0000000000000000e+00   0.0000000000000000e+00
0103   3.9648437500000000e-01   1.0000007961756749e+00   5.9999999930007952e-01   2.1806682364635815e-08   0.0000000000000000e+00   0.0000000000000000e+00
0104   4.0039062500000000e-01   1.0000008108022120e+00   5.9999999928724290e-01   2.1096483167701334e-08   0.0000000000000000e+00   0.0000000000000000e+00
0105   4.0429687500000000e-01   1.0000008249403793e+00   5.9999999927484282e-01   2.0373595789598079e-08   0.0000000000000000e+00   0.0000000000000000e+00
0106   4.0820312500000000e-01   1.0000008385816372e+00   5.9999999926288539e-01   1.9638457829843129e-08   0.0000000000000000e+00   0.0000000000000000e+00
0107   4.1210937500000000e-01   1.0000008517177748e+00   5.9999999925137670e-01   1.8891513707664517e-08   0.0000000000000000e+00   0.0000000000000000e+00
0108   4.1601562500000000e-01   1.0000008643408289e+00   5.9999999924032177e-01   1.8133214319993033e-08   0.0000000000000000e+00   0.0000000000000000e+00
0109   4.1992187500000000e-01   1.0000008764432833e+00   5.9999999922972658e-01   1.7364016248073329e-08   0.0000000000000000e+00   0.0000000000000000e+00
0110   4.2382812500000000e-01   1.0000008880177649e+00   5.9999999921959624e-01   1.6584383903144729e-08   0.0000000000000000e+00   0.0000000000000000e+00
0111   4.2773437500000000e-01   1.0000008990573570e+00   5.9999999920993607e-01   1.5794785968006028e-08   0.0000000000000000e+00   0.0000000000000000e+00
0112   4.3164062500000000e-01   1.0000009095553528e+00   5.9999999920075109e-01   1.4995697497658571e-08   0.0000000000000000e+00   0.0000000000000000e+00
0113   4.3554687500000000e-01   1.0000009195055166e+00   5.9999999919204605e-01   1.4187599147607669e-08   0.0000000000000000e+00   0.0000000000000000e+00
0114   4.3945312500000000e-01   1.0000009289017902e+00   5.9999999918382607e-01   1.3370976324203460e-08   0.0000000000000000e+00   0.0000000000000000e+00
0115   4.4335937500000000e-01   1.0000009377385284e+00   5.9999999917609526e-01   1.2546319635630723e-08   0.0000000000000000e+00   0.0000000000000000e+00
0116   4.4726562500000000e-01   1.0000009460103692e+00   5.9999999916885793e-01   1.1714124110359434e-08   0.0000000000000000e+00   0.0000000000000000e+00
0117   4.5117187500000000e-01   1.0000009537124397e+00   5.9999999916211821e-01   1.0874890573486790e-08   0.0000000000000000e+00   0.0000000000000000e+00
0118   4.5507812500000000e-01   1.0000009608399751e+00   5.9999999915588043e-01   1.0029121618257769e-08   0.0000000000000000e+00   0.0000000000000000e+00
0119   4.5898437500000000e-01   1.0000009673887076e+00   5.9999999915014757e-01   9.1773259948006832e-09   0.0000000000000000e+00   0.0000000000000000e+00
0120   4.6289062500000000e-01   1.0000009733547646e+00   5.9999999914492297e-01   8.3200147257114212e-09   0.0000000000000000e+00   0.0000000000000000e+00
0121   4.6679687500000000e-01   1.0000009787345003e+00   5.9999999914020985e-01   7.4577032176148635e-09   0.0000000000000000e+00   0.0000000000000000e+00
0122   4.7070312500000000e-01   1.0000009835246513e+00   5.9999999913601065e-01   6.5909085647116528e-09   0.0000000000000000e+00   0.0000000000000000e+00
0123   4.7460937500000000e-01   1.0000009877223597e+00   5.9999999913232827e-01   5.7201513957292247e-09   0.0000000000000000e+00   0.0000000000000000e+00
0124   4.7851562500000000e-01   1.0000009913251349e+00   5.9999999912916391e-01   4.8459593956688843e-09   0.0000000000000000e+00   0.0000000000000000e+00
0125   4.8242187500000000e-01   1.0000009943307027e+00   5.9999999912651958e-01   3.9688403511352072e-09   0.0000000000000000e+00   0.0000000000000000e+00
0126   4.8632812500000000e-01   1.0000009967373902e+00   5.9999999912439927e-01   3.0893773180808669e-09   0.0000000000000000e+00   0.0000000000000000e+00
0127   4.9023437500000000e-01   1.0000009985436407e+00   5.9999999912278190e-01   2.2079370757038923e-09   0.0000000000000000e+00   0.0000000000000000e+00
0128   4.9414062500000000e-01   1.0000009997484531e+00   5.9999999912174296e-01   1.3254681933890408e-09   0.0000000000000000e+00   0.0000000000000000e+00
0129   4.9804687500000000e-01   1.0000010003508120e+00   5.9999999912105328e-01   4.4149181361540932e-10   0.0000000000000000e+00   0.0000000000000000e+00
0130   5.0195312500000000e-01   1.0000010003507980e+00   5.9999999912105373e-01  -4.4148864688196132e-10   0.0000000000000000e+00   0.0000000000000000e+00
0131   5.0585937500000000e-01   1.0000009997484858e+00   5.9999999912174384e-01  -1.3254650639112678e-09   0.0000000000000000e+00   0.0000000000000000e+00
0132   5.0976562500000000e-01   1.0000009985436165e+00   5.9999999912278323e-01  -2.2079338717146796e-09   0.0000000000000000e+00   0.0000000000000000e+00
0133   5.1367187500000000e-01   1.0000009967373631e+00   5.9999999912440072e-01  -3.0893745984164668e-09   0.0000000000000000e+00   0.0000000000000000e+00
0134   5.1757812500000000e-01   1.0000009943307133e+00   5.9999999912652147e-01  -3.9688377059821704e-09   0.0000000000000000e+00   0.0000000000000000e+00
0135   5.2148437500000000e-01   1.0000009913251138e+00   5.9999999912916568e-01  -4.8459573093522782e-09   0.0000000000000000e+00   0.0000000000000000e+00
0136   5.2539062500000000e-01   1.0000009877223419e+00   5.9999999913233037e-01  -5.7201484152745992e-09   0.0000000000000000e+00   0.0000000000000000e+00
0137   5.2929687500000000e-01   1.0000009835246484e+00   5.9999999913601310e-01  -6.5909061430929939e-09   0.0000000000000000e+00   0.0000000000000000e+00
0138   5.3320312500000000e-01   1.0000009787344755e+00   5.9999999914021263e-01  -7.4577005352062281e-09   0.0000000000000000e+00   0.0000000000000000e+00
0139   5.3710937500000000e-01   1.0000009733547628e+00   5.9999999914492586e-01  -8.3200125276273710e-09   0.0000000000000000e+00   0.0000000000000000e+00
0140   5.4101562500000000e-01   1.0000009673887000e+00   5.9999999915015056e-01  -9.1773236476935655e-09   0.0000000000000000e+00   0.0000000000000000e+00
0141   5.4492187500000000e-01   1.0000009608399516e+00   5.9999999915588353e-01  -1.0029119531940976e-08   0.0000000000000000e+00   0.0000000000000000e+00
0142   5.4882812500000000e-01   1.0000009537124117e+00   5.9999999916212154e-01  -1.0874888859727583e-08   0.0000000000000000e+00   0.0000000000000000e+00
0143   5.5273437500000000e-01   1.0000009460104062e+00   5.9999999916886104e-01  -1.1714122769156635e-08   0.0000000000000000e+00   0.0000000000000000e+00
0144   5.5664062500000000e-01   1.0000009377385319e+00   5.9999999917609792e-01  -1.2546318219917299e-08   0.0000000000000000e+00   0.0000000000000000e+00
0145   5.6054687500000000e-01   1.0000009289017930e+00   5.9999999918382829e-01  -1.3370975057512584e-08   0.0000000000000000e+00   0.0000000000000000e+00
0146   5.6445312500000000e-01   1.0000009195055359e+00   5.9999999919204827e-01  -1.4187597918172465e-08   0.0000000000000000e+00   0.0000000000000000e+00
0147   5.6835937500000000e-01   1.0000009095553806e+00   5.9999999920075275e-01  -1.4995696454501809e-08   0.0000000000000000e+00   0.0000000000000000e+00
0148   5.7226562500000000e-01   1.0000008990573475e+00   5.9999999920993752e-01  -1.5794784813082762e-08   0.0000000000000000e+00   0.0000000000000000e+00
0149   5.7617187500000000e-01   1.0000008880177176e+00   5.9999999921959712e-01  -1.6584382673710098e-08   0.0000000000000000e+00   0.0000000000000000e+00
0150   5.8007812500000000e-01   1.0000008764432862e+00   5.9999999922972702e-01  -1.7364015353939954e-08   0.0000000000000000e+00   0.0000000000000000e+00
0151   5.8398437500000000e-01   1.0000008643407896e+00   5.9999999924032199e-01  -1.8133213053302770e-08   0.0000000000000000e+00   0.0000000000000000e+00
0152   5.8789062500000000e-01   1.0000008517177574e+00   5.9999999925137637e-01  -1.8891512664507814e-08   0.0000000000000000e+00   0.0000000000000000e+00
0153   5.9179687500000000e-01   1.0000008385816310e+00   5.9999999926288516e-01  -1.9638456637663529e-08   0.0000000000000000e+00   0.0000000000000000e+00
0154   5.9570312500000000e-01   1.0000008249403518e+00   5.9999999927484249e-01  -2.0373594783697856e-08   0.0000000000000000e+00   0.0000000000000000e+00
0155   5.9960937500000000e-01   1.0000008108022360e+00   5.9999999928724235e-01  -2.1096482236311360e-08   0.0000000000000000e+00   0.0000000000000000e+00
0156   6.0351562500000000e-01   1.0000007961757180e+00   5.9999999930007897e-01  -2.1806681656780274e-08   0.0000000000000000e+00   0.0000000000000000e+00
0157   6.0742187500000000e-01   1.0000007810695570e+00   5.9999999931334591e-01  -2.2503762118520779e-08   0.0000000000000000e+00   0.0000000000000000e+00
0158   6.1132812500000000e-01   1.0000007654929923e+00   5.9999999932703685e-01  -2.3187300371399616e-08   0.0000000000000000e+00   0.0000000000000000e+00
0159   6.1523437500000000e-01   1.0000007494553129e+00   5.9999999934114523e-01  -2.3856880201229761e-08   0.0000000000000000e+00   0.0000000000000000e+00
0160   6.1914062500000000e-01   1.0000007329661829e+00   5.9999999935566384e-01  -2.4512093460827198e-08   0.0000000000000000e+00   0.0000000000000000e+00
0161   6.2304687500000000e-01   1.0000007160355822e+00   5.9999999937058568e-01  -2.5152539382225711e-08   0.0000000000000000e+00   0.0000000000000000e+00
0162   6.2695312500000000e-01   1.0000006986736676e+00   5.9999999938590309e-01  -2.5777826044499089e-08   0.0000000000000000e+00   0.0000000000000000e+00
0163   6.3085937500000000e-01   1.0000006808909467e+00   5.9999999940160875e-01  -2.6387568855740415e-08   0.0000000000000000e+00   0.0000000000000000e+00
0164   6.3476562500000000e-01   1.0000006626980815e+00   5.9999999941769422e-01  -2.6981392755108870e-08   0.0000000000000000e+00   0.0000000000000000e+00
0165   6.3867187500000000e-01   1.0000006441060201e+00   5.9999999943415083e-01  -2.7558931354251039e-08   0.0000000000000000e+00   0.0000000000000000e+00
0166   6.4257812500000000e-01   1.0000006251260041e+00   5.9999999945096960e-01  -2.8119826892559321e-08   0.0000000000000000e+00   0.0000000000000000e+00
0167   6.4648437500000000e-01   1.0000006057695086e+00   5.9999999946814120e-01  -2.8663731415964008e-08   0.0000000000000000e+00   0.0000000000000000e+00
0168   6.5039062500000000e-01   1.0000005860480838e+00   5.9999999948565541e-01  -2.9190307316333216e-08   0.0000000000000000e+00   0.0000000000000000e+00
0169   6.5429687500000000e-01   1.0000005659737148e+00   5.9999999950350136e-01  -2.9699226188189372e-08   0.0000000000000000e+00   0.0000000000000000e+00
0170   6.5820312500000000e-01   1.0000005455584091e+00   5.9999999952166838e-01  -3.0190169690970679e-08   0.0000000000000000e+00   0.0000000000000000e+00
0171   6.6210937500000000e-01   1.0000005248145285e+00   5.9999999954014449e-01  -3.0662831112732247e-08   0.0000000000000000e+00   0.0000000000000000e+00
0172   6.6601562500000000e-01   1.0000005037545256e+00   5.9999999955891770e-01  -3.1116914468477590e-08   0.0000000000000000e+00   0.0000000000000000e+00
0173   6.6992187500000000e-01   1.0000004823910946e+00   5.9999999957797423e-01  -3.1552134970314675e-08   0.0000000000000000e+00   0.0000000000000000e+00
0174   6.7382812500000000e-01   1.0000004607371027e+00   5.9999999959729988e-01  -3.1968220347784379e-08   0.0000000000000000e+00   0.0000000000000000e+00
0175   6.7773437500000000e-01   1.0000004388055888e+00   5.9999999961688011e-01  -3.2364910000530815e-08   0.0000000000000000e+00   0.0000000000000000e+00
0176   6.8164062500000000e-01   1.0000004166098013e+00   5.9999999963669892e-01  -3.2741956640186511e-08   0.0000000000000000e+00   0.0000000000000000e+00
0177   6.8554687500000000e-01   1.0000003941630033e+00   5.9999999965674011e-01  -3.3099125131076854e-08   0.0000000000000000e+00   0.0000000000000000e+00
0178   6.8945312500000000e-01   1.0000003714788326e+00   5.9999999967698703e-01  -3.3436193708172928e-08   0.0000000000000000e+00   0.0000000000000000e+00
0179   6.9335937500000000e-01   1.0000003485708735e+00   5.9999999969742179e-01  -3.3752955001627633e-08   0.0000000000000000e+00   0.0000000000000000e+00
0180   6.9726562500000000e-01   1.0000003254528884e+00   5.9999999971802409e-01  -3.4049217091268722e-08   0.0000000000000000e+00   0.0000000000000000e+00
0181   7.0117187500000000e-01   1.0000003021389228e+00   5.9999999973877205e-01  -3.4324805075361804e-08   0.0000000000000000e+00   0.0000000000000000e+00
0182   7.0507812500000000e-01   1.0000002786428639e+00   5.9999999975964280e-01  -3.4579560173100713e-08   0.0000000000000000e+00   0.0000000000000000e+00
0183   7.0898437500000000e-01   1.0000002549789166e+00   5.9999999978061369e-01  -3.4813337739190956e-08   0.0000000000000000e+00   0.0000000000000000e+00
0184   7.1289062500000000e-01   1.0000002311613629e+00   5.9999999980166485e-01  -3.5026007767049391e-08   0.0000000000000000e+00   0.0000000000000000e+00
0185   7.1679687500000000e-01   1.0000002072045069e+00   5.9999999982277430e-01  -3.5217451882402765e-08   0.0000000000000000e+00   0.0000000000000000e+00
0186   7.2070312500000000e-01   1.0000001831227363e+00   5.9999999984392105e-01  -3.5387577168799227e-08   0.0000000000000000e+00   0.0000000000000000e+00
0187   7.2460937500000000e-01   1.0000001589305503e+00   5.9999999986504959e-01  -3.5536305210500852e-08   0.0000000000000000e+00   0.0000000000000000e+00
0188   7.2851562500000000e-01   1.0000001346425327e+00   5.9999999988615571e-01  -3.5663631764191463e-08   0.0000000000000000e+00   0.0000000000000000e+00
0189   7.3242187500000000e-01   1.0000001102730671e+00   5.9999999990699837e-01  -3.5769509086531769e-08   0.0000000000000000e+00   0.0000000000000000e+00
0190   7.3632812500000000e-01   1.0000000858373226e+00   5.9999999992802089e-01  -3.5854127446866077e-08   0.0000000000000000e+00   0.0000000000000000e+00
0191   7.4023437500000000e-01   1.0000000613482409e+00   5.9999999994746178e-01  -3.5917310621081558e-08   0.0000000000000000e+00   0.0000000000000000e+00
0192   7.4414062500000000e-01   1.0000000368254323e+00   5.9999999997018294e-01  -3.5959401337581854e-08   0.0000000000000000e+00   0.0000000000000000e+00
0193   7.4804687500000000e-01   1.0000000122690600e+00   5.9999999998148046e-01  -3.5980460637902223e-08   0.0000000000000000e+00   0.0000000000000000e+00
0194   7.5195312500000000e-01   9.9999998773102683e-01   6.0000000001854248e-01  -3.5980432915887568e-08   0.0000000000000000e+00   0.0000000000000000e+00
0195   7.5585937500000000e-01   9.9999996317457662e-01   6.0000000002983700e-01  -3.5959320297020547e-08   0.0000000000000000e+00   0.0000000000000000e+00
0196   7.5976562500000000e-01   9.9999993865179027e-01   6.0000000005255905e-01  -3.5917177118193803e-08   0.0000000000000000e+00   0.0000000000000000e+00
0197   7.6367187500000000e-01   9.9999991416271117e-01   6.0000000007199950e-01  -3.5853941966458117e-08   0.0000000000000000e+00   0.0000000000000000e+00
0198   7.6757812500000000e-01   9.9999988972696774e-01   6.0000000009302157e-01  -3.5769273864093566e-08   0.0000000000000000e+00   0.0000000000000000e+00
0199   7.7148437500000000e-01   9.9999986535751983e-01   6.0000000011386323e-01  -3.5663348215783812e-08   0.0000000000000000e+00   0.0000000000000000e+00
0200   7.7539062500000000e-01   9.9999984106949968e-01   6.0000000013496824e-01  -3.5535975422729901e-08   0.0000000000000000e+00   0.0000000000000000e+00
0201   7.7929687500000000e-01   9.9999981687732609e-01   6.0000000015609567e-01  -3.5387202296895076e-08   0.0000000000000000e+00   0.0000000000000000e+00
0202   7.8320312500000000e-01   9.9999979279557183e-01   6.0000000017724153e-01  -3.5217033938458267e-08   0.0000000000000000e+00   0.0000000000000000e+00
0203   7.8710937500000000e-01   9.9999976883870301e-01   6.0000000019834998e-01  -3.5025547719983269e-08   0.0000000000000000e+00   0.0000000000000000e+00
0204   7.9101562500000000e-01   9.9999974502108946e-01   6.0000000021940014e-01  -3.4812837340282827e-08   0.0000000000000000e+00   0.0000000000000000e+00
0205   7.9492187500000000e-01   9.9999972135715642e-01   6.0000000024037015e-01  -3.4579020391241019e-08   0.0000000000000000e+00   0.0000000000000000e+00
0206   7.9882812500000000e-01   9.9999969786112441e-01   6.0000000026123967e-01  -3.4324227289236440e-08   0.0000000000000000e+00   0.0000000000000000e+00
0207   8.0273437500000000e-01   9.9999967454710337e-01   6.0000000028198675e-01  -3.4048602530524708e-08   0.0000000000000000e+00   0.0000000000000000e+00
0208   8.0664062500000000e-01   9.9999965142916525e-01   6.0000000030258815e-01  -3.3752305082175257e-08   0.0000000000000000e+00   0.0000000000000000e+00
0209   8.1054687500000000e-01   9.9999962852117663e-01   6.0000000032302148e-01  -3.3435510106692182e-08   0.0000000000000000e+00   0.0000000000000000e+00
0210   8.1445312500000000e-01   9.9999960583700964e-01   6.0000000034326739e-01  -3.3098409561486697e-08   0.0000000000000000e+00   0.0000000000000000e+00
0211   8.1835937500000000e-01   9.9999958339024575e-01   6.0000000036330725e-01  -3.2741210406585472e-08   0.0000000000000000e+00   0.0000000000000000e+00
0212   8.2226562500000000e-01   9.9999956119443001e-01   6.0000000038312429e-01  -3.2364134928584605e-08   0.0000000000000000e+00   0.0000000000000000e+00
0213   8.2617187500000000e-01   9.9999953926291552e-01   6.0000000040270274e-01  -3.1967417778828956e-08   0.0000000000000000e+00   0.0000000000000000e+00
0214   8.3007812500000000e-01   9.9999951760891770e-01   6.0000000042202684e-01  -3.1551307214328252e-08   0.0000000000000000e+00   0.0000000000000000e+00
0215   8.3398437500000000e-01   9.9999949624552031e-01   6.0000000044108137e-01  -3.1116063015808370e-08   0.0000000000000000e+00   0.0000000000000000e+00
0216   8.3789062500000000e-01   9.9999947518549237e-01   6.0000000045985247e-01  -3.0661958273358787e-08   0.0000000000000000e+00   0.0000000000000000e+00
0217   8.4179687500000000e-01   9.9999945444159477e-01   6.0000000047832669e-01  -3.0189277402311578e-08   0.0000000000000000e+00   0.0000000000000000e+00
0218   8.4570312500000000e-01   9.9999943402632940e-01   6.0000000049649183e-01  -2.9698316313156631e-08   0.0000000000000000e+00   0.0000000000000000e+00
0219   8.4960937500000000e-01   9.9999941395191916e-01   6.0000000051433611e-01  -2.9189381866867610e-08   0.0000000000000000e+00   0.0000000000000000e+00
0220   8.5351562500000000e-01   9.9999939423053263e-01   6.0000000053184810e-01  -2.8662792515781519e-08   0.0000000000000000e+00   0.0000000000000000e+00
0221   8.5742187500000000e-01   9.9999937487397572e-01   6.0000000054901770e-01  -2.8118875883011309e-08   0.0000000000000000e+00   0.0000000000000000e+00
0222   8.6132812500000000e-01   9.9999935589399103e-01   6.0000000056583458e-01  -2.7557970806139449e-08   0.0000000000000000e+00   0.0000000000000000e+00
0223   8.6523437500000000e-01   9.9999933730195090e-01   6.0000000058228908e-01  -2.6980424754920808e-08   0.0000000000000000e+00   0.0000000000000000e+00
0224   8.6914062500000000e-01   9.9999931910908380e-01   6.0000000059837222e-01  -2.6386595378205637e-08   0.0000000000000000e+00   0.0000000000000000e+00
0225   8.7304687500000000e-01   9.9999930132633619e-01   6.0000000061407577e-01  -2.5776849362404361e-08   0.0000000000000000e+00   0.0000000000000000e+00
0226   8.7695312500000000e-01   9.9999928396442939e-01   6.0000000062939141e-01  -2.5151562029158999e-08   0.0000000000000000e+00   0.0000000000000000e+00
0227   8.8085937500000000e-01   9.9999926703380460e-01   6.0000000064431114e-01  -2.4511117523316964e-08   0.0000000000000000e+00   0.0000000000000000e+00
0228   8.8476562500000000e-01   9.9999925054469574e-01   6.0000000065882786e-01  -2.3855907765814057e-08   0.0000000000000000e+00   0.0000000000000000e+00
0229   8.8867187500000000e-01   9.9999923450699757e-01   6.0000000067293402e-01  -2.3186333561879068e-08   0.0000000000000000e+00   0.0000000000000000e+00
0230   8.9257812500000000e-01   9.9999921893042787e-01   6.0000000068662307e-01  -2.2502803207726396e-08   0.0000000000000000e+00   0.0000000000000000e+00
0231   8.9648437500000000e-01   9.9999920382430962e-01   6.0000000069988813e-01  -2.1805733029321403e-08   0.0000000000000000e+00   0.0000000000000000e+00
0232   9.0039062500000000e-01   9.9999918919776010e-01   6.0000000071272297e-01  -2.1095545606194071e-08   0.0000000000000000e+00   0.0000000000000000e+00
0233   9.0429687500000000e-01   9.9999917505961522e-01   6.0000000072512127e-01  -2.0372672088466892e-08   0.0000000000000000e+00   0.0000000000000000e+00
0234   9.0820312500000000e-01   9.9999916141836120e-01   6.0000000073707693e-01  -1.9637550522729346e-08   0.0000000000000000e+00   0.0000000000000000e+00
0235   9.1210937500000000e-01   9.9999914828221248e-01   6.0000000074858384e-01  -1.8890624396814858e-08   0.0000000000000000e+00   0.0000000000000000e+00
0236   9.1601562500000000e-01   9.9999913565914467e-01   6.0000000075963666e-01  -1.8132344980210826e-08   0.0000000000000000e+00   0.0000000000000000e+00
0237   9.1992187500000000e-01   9.9999912355672971e-01   6.0000000077022964e-01  -1.7363169971834076e-08   0.0000000000000000e+00   0.0000000000000000e+00
0238   9.2382812500000000e-01   9.9999911198223712e-01   6.0000000078035753e-01  -1.6583562553478980e-08   0.0000000000000000e+00   0.0000000000000000e+00
0239   9.2773437500000000e-01   9.9999910094263944e-01   6.0000000079001514e-01  -1.5793991929522842e-08   0.0000000000000000e+00   0.0000000000000000e+00
0240   9.3164062500000000e-01   9.9999909044459501e-01   6.0000000079919757e-01  -1.4994932745144447e-08   0.0000000000000000e+00   0.0000000000000000e+00
0241   9.3554687500000000e-01   9.9999908049444031e-01   6.0000000080789972e-01  -1.4186865804867900e-08   0.0000000000000000e+00   0.0000000000000000e+00
0242   9.3945312500000000e-01   9.9999907109817787e-01   6.0000000081611726e-01  -1.3370276552288216e-08   0.0000000000000000e+00   0.0000000000000000e+00
0243   9.4335937500000000e-01   9.9999906226147661e-01   6.0000000082384541e-01  -1.2545655111256606e-08   0.0000000000000000e+00   0.0000000000000000e+00
0244   9.4726562500000000e-01   9.9999905398957667e-01   6.0000000083108007e-01  -1.1713496994557575e-08   0.0000000000000000e+00   0.0000000000000000e+00
0245   9.5117187500000000e-01   9.9999904628753988e-01   6.0000000083781713e-01  -1.0874302133140863e-08   0.0000000000000000e+00   0.0000000000000000e+00
0246   9.5507812500000000e-01   9.9999903916001776e-01   6.0000000084405269e-01  -1.0028574498700436e-08   0.0000000000000000e+00   0.0000000000000000e+00
0247   9.5898437500000000e-01   9.9999903261124268e-01   6.0000000084978300e-01  -9.1768210158198599e-09   0.0000000000000000e+00   0.0000000000000000e+00
0248   9.6289062500000000e-01   9.9999902664522300e-01   6.0000000085500504e-01  -8.3195538247558327e-09   0.0000000000000000e+00   0.0000000000000000e+00
0249   9.6679687500000000e-01   9.9999902126548279e-01   6.0000000085971561e-01  -7.4572871771913838e-09   0.0000000000000000e+00   0.0000000000000000e+00
0250   9.7070312500000000e-01   9.9999901647532174e-01   6.0000000086391247e-01  -6.5905397320553950e-09   0.0000000000000000e+00   0.0000000000000000e+00
0251   9.7460937500000000e-01   9.9999901227757271e-01   6.0000000086759253e-01  -5.7198296964337179e-09   0.0000000000000000e+00   0.0000000000000000e+00
0252   9.7851562500000000e-01   9.9999900867484215e-01   6.0000000087075500e-01  -4.8456869161599745e-09   0.0000000000000000e+00   0.0000000000000000e+00
0253   9.8242187500000000e-01   9.9999900566922140e-01   6.0000000087339733e-01  -3.9686167561613269e-09   0.0000000000000000e+00   0.0000000000000000e+00
0254   9.8632812500000000e-01   9.9999900326254254e-01   6.0000000087551608e-01  -3.0892027195577898e-09   0.0000000000000000e+00   0.0000000000000000e+00
0255   9.9023437500000000e-01   9.9999900145631948e-01   6.0000000087713234e-01  -2.2078118087448726e-09   0.0000000000000000e+00   0.0000000000000000e+00
0256   9.9414062500000000e-01   9.9999900025150867e-01   6.0000000087817063e-01  -1.3253923331389045e-09   0.0000000000000000e+00   0.0000000000000000e+00
0257   9.9804687500000000e-01   9.9999899964909356e-01   6.0000000087886018e-01  -4.4146599202364660e-10   0.0000000000000000e+00   0.0000000000000000e+00
