# Athena++ data at time=1.620019e+02  cycle=82945  variables=prim 
# i       x1v         rho          press          vel1         vel2         vel3     
0002   1.9531250000000000e-03   9.9999899964831462e-01   6.0000000087806526e-01   4.4154246246698998e-10   0.0000000000000000e+00   0.0000000000000000e+00
0003   5.8593750000000000e-03   9.9999900025070021e-01   6.0000000087737593e-01   1.3256247622427056e-09   0.0000000000000000e+00   0.0000000000000000e+00
0004   9.7656250000000000e-03   9.9999900145549836e-01   6.0000000087633787e-01   2.2081997118233605e-09   0.0000000000000000e+00   0.0000000000000000e+00
0005   1.3671875000000000e-02   9.9999900326177116e-01   6.0000000087472227e-01   3.0897452393875004e-09   0.0000000000000000e+00   0.0000000000000000e+00
0006   1.7578125000000000e-02   9.9999900566841349e-01   6.0000000087260441e-01   3.9693130352713911e-09   0.0000000000000000e+00   0.0000000000000000e+00
0007   2.1484375000000000e-02   9.9999900867404357e-01   6.0000000086996297e-01   4.8465360596979462e-09   0.0000000000000000e+00   0.0000000000000000e+00
0008   2.5390625000000000e-02   9.9999901227678889e-01   6.0000000086680194e-01   5.7208307348628506e-09   0.0000000000000000e+00   0.0000000000000000e+00
0009   2.9296875000000000e-02   9.9999901647452305e-01   6.0000000086312311e-01   6.5916906525214461e-09   0.0000000000000000e+00   0.0000000000000000e+00
0010   3.3203125000000000e-02   9.9999902126470208e-01   6.0000000085892791e-01   7.4585868608194833e-09   0.0000000000000000e+00   0.0000000000000000e+00
0011   3.7109375000000000e-02   9.9999902664442819e-01   6.0000000085421934e-01   8.3209995877696156e-09   0.0000000000000000e+00   0.0000000000000000e+00
0012   4.1015625000000000e-02   9.9999903261047407e-01   6.0000000084899952e-01   9.1784110311692225e-09   0.0000000000000000e+00   0.0000000000000000e+00
0013   4.4921875000000000e-02   9.9999903915923583e-01   6.0000000084327199e-01   1.0030305896016893e-08   0.0000000000000000e+00   0.0000000000000000e+00
0014   4.8828125000000000e-02   9.9999904628677783e-01   6.0000000083703997e-01   1.0876173010552237e-08   0.0000000000000000e+00   0.0000000000000000e+00
0015   5.2734375000000000e-02   9.9999905398880207e-01   6.0000000083030680e-01   1.1715504481386830e-08   0.0000000000000000e+00   0.0000000000000000e+00
0016   5.6640625000000000e-02   9.9999906226068391e-01   6.0000000082307670e-01   1.2547796373929471e-08   0.0000000000000000e+00   0.0000000000000000e+00
0017   6.0546875000000000e-02   9.9999907109740682e-01   6.0000000081535376e-01   1.3372549800242257e-08   0.0000000000000000e+00   0.0000000000000000e+00
0018   6.4453125000000000e-02   9.9999908049368214e-01   6.0000000080714211e-01   1.4189268166971277e-08   0.0000000000000000e+00   0.0000000000000000e+00
0019   6.8359375000000000e-02   9.9999909044384505e-01   6.0000000079844651e-01   1.4997461983466599e-08   0.0000000000000000e+00   0.0000000000000000e+00
0020   7.2265625000000000e-02   9.9999910094190303e-01   6.0000000078927151e-01   1.5796644986357798e-08   0.0000000000000000e+00   0.0000000000000000e+00
0021   7.6171875000000000e-02   9.9999911198147740e-01   6.0000000077962168e-01   1.6586337376883497e-08   0.0000000000000000e+00   0.0000000000000000e+00
0022   8.0078125000000000e-02   9.9999912355599996e-01   6.0000000076950255e-01   1.7366064733254299e-08   0.0000000000000000e+00   0.0000000000000000e+00
0023   8.3984375000000000e-02   9.9999913565844034e-01   6.0000000075891968e-01   1.8135357217603619e-08   0.0000000000000000e+00   0.0000000000000000e+00
0024   8.7890625000000000e-02   9.9999914828153247e-01   6.0000000074787785e-01   1.8893751797021250e-08   0.0000000000000000e+00   0.0000000000000000e+00
0025   9.1796875000000000e-02   9.9999916141765111e-01   6.0000000073638282e-01   1.9640791741103195e-08   0.0000000000000000e+00   0.0000000000000000e+00
0026   9.5703125000000000e-02   9.9999917505890235e-01   6.0000000072444049e-01   2.0376025631203157e-08   0.0000000000000000e+00   0.0000000000000000e+00
0027   9.9609375000000000e-02   9.9999918919707742e-01   6.0000000071205639e-01   2.1099009755818112e-08   0.0000000000000000e+00   0.0000000000000000e+00
0028   1.0351562500000000e-01   9.9999920382365304e-01   6.0000000069923687e-01   2.1809306664321649e-08   0.0000000000000000e+00   0.0000000000000000e+00
0029   1.0742187500000000e-01   9.9999921892977484e-01   6.0000000068598836e-01   2.2506486175113450e-08   0.0000000000000000e+00   0.0000000000000000e+00
0030   1.1132812500000000e-01   9.9999923450637629e-01   6.0000000067231685e-01   2.3190124777139330e-08   0.0000000000000000e+00   0.0000000000000000e+00
0031   1.1523437500000000e-01   9.9999925054410066e-01   6.0000000065822889e-01   2.3859806554125699e-08   0.0000000000000000e+00   0.0000000000000000e+00
0032   1.1914062500000000e-01   9.9999926703322994e-01   6.0000000064373127e-01   2.4515123954854125e-08   0.0000000000000000e+00   0.0000000000000000e+00
0033   1.2304687500000000e-01   9.9999928396387117e-01   6.0000000062883185e-01   2.5155675987694877e-08   0.0000000000000000e+00   0.0000000000000000e+00
0034   1.2695312500000000e-01   9.9999930132579251e-01   6.0000000061353742e-01   2.5781071215923737e-08   0.0000000000000000e+00   0.0000000000000000e+00
0035   1.3085937500000000e-01   9.9999931910857809e-01   6.0000000059785574e-01   2.6390925271042593e-08   0.0000000000000000e+00   0.0000000000000000e+00
0036   1.3476562500000000e-01   9.9999933730146573e-01   6.0000000058179526e-01   2.6984862943066931e-08   0.0000000000000000e+00   0.0000000000000000e+00
0037   1.3867187500000000e-01   9.9999935589352795e-01   6.0000000056536384e-01   2.7562517769012880e-08   0.0000000000000000e+00   0.0000000000000000e+00
0038   1.4257812500000000e-01   9.9999937487353607e-01   6.0000000054857061e-01   2.8123531988158738e-08   0.0000000000000000e+00   0.0000000000000000e+00
0039   1.4648437500000000e-01   9.9999939423009065e-01   6.0000000053142488e-01   2.8667558279670536e-08   0.0000000000000000e+00   0.0000000000000000e+00
0040   1.5039062500000000e-01   9.9999941395153669e-01   6.0000000051393676e-01   2.9194257880377540e-08   0.0000000000000000e+00   0.0000000000000000e+00
0041   1.5429687500000000e-01   9.9999943402595670e-01   6.0000000049611646e-01   2.9703302906282103e-08   0.0000000000000000e+00   0.0000000000000000e+00
0042   1.5820312500000000e-01   9.9999945444124272e-01   6.0000000047797519e-01   3.0194374904952847e-08   0.0000000000000000e+00   0.0000000000000000e+00
0043   1.6210937500000000e-01   9.9999947518517063e-01   6.0000000045952462e-01   3.0667166829048650e-08   0.0000000000000000e+00   0.0000000000000000e+00
0044   1.6601562500000000e-01   9.9999949624519480e-01   6.0000000044077650e-01   3.1121382283670024e-08   0.0000000000000000e+00   0.0000000000000000e+00
0045   1.6992187500000000e-01   9.9999951760864880e-01   6.0000000042174451e-01   3.1556736704374180e-08   0.0000000000000000e+00   0.0000000000000000e+00
0046   1.7382812500000000e-01   9.9999953926266627e-01   6.0000000040244239e-01   3.1972956702949940e-08   0.0000000000000000e+00   0.0000000000000000e+00
0047   1.7773437500000000e-01   9.9999956119418609e-01   6.0000000038288481e-01   3.2369781865248885e-08   0.0000000000000000e+00   0.0000000000000000e+00
0048   1.8164062500000000e-01   9.9999958339003614e-01   6.0000000036308776e-01   3.2746964120463461e-08   0.0000000000000000e+00   0.0000000000000000e+00
0049   1.8554687500000000e-01   9.9999960583681058e-01   6.0000000034306711e-01   3.3104268183833337e-08   0.0000000000000000e+00   0.0000000000000000e+00
0050   1.8945312500000000e-01   9.9999962852104307e-01   6.0000000032283940e-01   3.3441471023581433e-08   0.0000000000000000e+00   0.0000000000000000e+00
0051   1.9335937500000000e-01   9.9999965142901903e-01   6.0000000030242295e-01   3.3758365158041774e-08   0.0000000000000000e+00   0.0000000000000000e+00
0052   1.9726562500000000e-01   9.9999967454696392e-01   6.0000000028183742e-01   3.4054758294439292e-08   0.0000000000000000e+00   0.0000000000000000e+00
0053   2.0117187500000000e-01   9.9999969786099441e-01   6.0000000026110512e-01   3.4330474189799281e-08   0.0000000000000000e+00   0.0000000000000000e+00
0054   2.0507812500000000e-01   9.9999972135704407e-01   6.0000000024024869e-01   3.4585353616211180e-08   0.0000000000000000e+00   0.0000000000000000e+00
0055   2.0898437500000000e-01   9.9999974502099820e-01   6.0000000021929112e-01   3.4819251779326851e-08   0.0000000000000000e+00   0.0000000000000000e+00
0056   2.1289062500000000e-01   9.9999976883857855e-01   6.0000000019825195e-01   3.5032037741148278e-08   0.0000000000000000e+00   0.0000000000000000e+00
0057   2.1679687500000000e-01   9.9999979279549611e-01   6.0000000017715405e-01   3.5223593611696845e-08   0.0000000000000000e+00   0.0000000000000000e+00
0058   2.2070312500000000e-01   9.9999981687722561e-01   6.0000000015601829e-01   3.5393824947019617e-08   0.0000000000000000e+00   0.0000000000000000e+00
0059   2.2460937500000000e-01   9.9999984106942374e-01   6.0000000013490018e-01   3.5542653592140737e-08   0.0000000000000000e+00   0.0000000000000000e+00
0060   2.2851562500000000e-01   9.9999986535746599e-01   6.0000000011380439e-01   3.5670074707656420e-08   0.0000000000000000e+00   0.0000000000000000e+00
0061   2.3242187500000000e-01   9.9999988972693121e-01   6.0000000009297205e-01   3.5776041034488467e-08   0.0000000000000000e+00   0.0000000000000000e+00
0062   2.3632812500000000e-01   9.9999991416267620e-01   6.0000000007195975e-01   3.5860741575366134e-08   0.0000000000000000e+00   0.0000000000000000e+00
0063   2.4023437500000000e-01   9.9999993865175940e-01   6.0000000005253040e-01   3.5924000925507457e-08   0.0000000000000000e+00   0.0000000000000000e+00
0064   2.4414062500000000e-01   9.9999996317457496e-01   6.0000000002981724e-01   3.5966159727403871e-08   0.0000000000000000e+00   0.0000000000000000e+00
0065   2.4804687500000000e-01   9.9999998773100207e-01   6.0000000001853848e-01   3.5987278462853239e-08   0.0000000000000000e+00   0.0000000000000000e+00
0066   2.5195312500000000e-01   1.0000000122690476e+00   5.9999999998147813e-01   3.5987304470933392e-08   0.0000000000000000e+00   0.0000000000000000e+00
0067   2.5585937500000000e-01   1.0000000368254560e+00   5.9999999997019704e-01   3.5966235775186181e-08   0.0000000000000000e+00   0.0000000000000000e+00
0068   2.5976562500000000e-01   1.0000000613482503e+00   5.9999999994748476e-01   3.5924126715610642e-08   0.0000000000000000e+00   0.0000000000000000e+00
0069   2.6367187500000000e-01   1.0000000858373439e+00   5.9999999992805453e-01   3.5860916175917360e-08   0.0000000000000000e+00   0.0000000000000000e+00
0070   2.6757812500000000e-01   1.0000001102731240e+00   5.9999999990704167e-01   3.5776263476698499e-08   0.0000000000000000e+00   0.0000000000000000e+00
0071   2.7148437500000000e-01   1.0000001346425702e+00   5.9999999988620900e-01   3.5670342755846447e-08   0.0000000000000000e+00   0.0000000000000000e+00
0072   2.7539062500000000e-01   1.0000001589306275e+00   5.9999999986511254e-01   3.5542965979337344e-08   0.0000000000000000e+00   0.0000000000000000e+00
0073   2.7929687500000000e-01   1.0000001831227980e+00   5.9999999984399410e-01   3.5394180257210545e-08   0.0000000000000000e+00   0.0000000000000000e+00
0074   2.8320312500000000e-01   1.0000002072045659e+00   5.9999999982285779e-01   3.5223990317127853e-08   0.0000000000000000e+00   0.0000000000000000e+00
0075   2.8710937500000000e-01   1.0000002311614729e+00   5.9999999980175944e-01   3.5032474910160246e-08   0.0000000000000000e+00   0.0000000000000000e+00
0076   2.9101562500000000e-01   1.0000002549789981e+00   5.9999999978072005e-01   3.4819727660661280e-08   0.0000000000000000e+00   0.0000000000000000e+00
0077   2.9492187500000000e-01   1.0000002786429498e+00   5.9999999975976159e-01   3.4585866905682309e-08   0.0000000000000000e+00   0.0000000000000000e+00
0078   2.9882812500000000e-01   1.0000003021390589e+00   5.9999999973890450e-01   3.4331023769522738e-08   0.0000000000000000e+00   0.0000000000000000e+00
0079   3.0273437500000000e-01   1.0000003254530454e+00   5.9999999971817142e-01   3.4055343046550988e-08   0.0000000000000000e+00   0.0000000000000000e+00
0080   3.0664062500000000e-01   1.0000003485710072e+00   5.9999999969758466e-01   3.3758983890182039e-08   0.0000000000000000e+00   0.0000000000000000e+00
0081   3.1054687500000000e-01   1.0000003714790333e+00   5.9999999967716688e-01   3.3442122431639468e-08   0.0000000000000000e+00   0.0000000000000000e+00
0082   3.1445312500000000e-01   1.0000003941632327e+00   5.9999999965693784e-01   3.3104950814694157e-08   0.0000000000000000e+00   0.0000000000000000e+00
0083   3.1835937500000000e-01   1.0000004166099694e+00   5.9999999963691575e-01   3.2747676148465823e-08   0.0000000000000000e+00   0.0000000000000000e+00
0084   3.2226562500000000e-01   1.0000004388058441e+00   5.9999999961711703e-01   3.2370521501990981e-08   0.0000000000000000e+00   0.0000000000000000e+00
0085   3.2617187500000000e-01   1.0000004607373838e+00   5.9999999959755790e-01   3.1973722160044185e-08   0.0000000000000000e+00   0.0000000000000000e+00
0086   3.3007812500000000e-01   1.0000004823913768e+00   5.9999999957825378e-01   3.1557525932646453e-08   0.0000000000000000e+00   0.0000000000000000e+00
0087   3.3398437500000000e-01   1.0000005037548454e+00   5.9999999955921968e-01   3.1122193867293219e-08   0.0000000000000000e+00   0.0000000000000000e+00
0088   3.3789062500000000e-01   1.0000005248148278e+00   5.9999999954046945e-01   3.0667998867877369e-08   0.0000000000000000e+00   0.0000000000000000e+00
0089   3.4179687500000000e-01   1.0000005455587511e+00   5.9999999952201644e-01   3.0195225834134047e-08   0.0000000000000000e+00   0.0000000000000000e+00
0090   3.4570312500000000e-01   1.0000005659740656e+00   5.9999999950387328e-01   2.9704170415849072e-08   0.0000000000000000e+00   0.0000000000000000e+00
0091   3.4960937500000000e-01   1.0000005860484689e+00   5.9999999948605109e-01   2.9195139921145044e-08   0.0000000000000000e+00   0.0000000000000000e+00
0092   3.5351562500000000e-01   1.0000006057698947e+00   5.9999999946856064e-01   2.8668453063237172e-08   0.0000000000000000e+00   0.0000000000000000e+00
0093   3.5742187500000000e-01   1.0000006251264675e+00   5.9999999945141302e-01   2.8124437577090622e-08   0.0000000000000000e+00   0.0000000000000000e+00
0094   3.6132812500000000e-01   1.0000006441064728e+00   5.9999999943461824e-01   2.7563432337636861e-08   0.0000000000000000e+00   0.0000000000000000e+00
0095   3.6523437500000000e-01   1.0000006626985536e+00   5.9999999941818483e-01   2.6985784144114981e-08   0.0000000000000000e+00   0.0000000000000000e+00
0096   3.6914062500000000e-01   1.0000006808914248e+00   5.9999999940212223e-01   2.6391851651377840e-08   0.0000000000000000e+00   0.0000000000000000e+00
0097   3.7304687500000000e-01   1.0000006986742174e+00   5.9999999938643866e-01   2.5782000540024349e-08   0.0000000000000000e+00   0.0000000000000000e+00
0098   3.7695312500000000e-01   1.0000007160361526e+00   5.9999999937114257e-01   2.5156606131799519e-08   0.0000000000000000e+00   0.0000000000000000e+00
0099   3.8085937500000000e-01   1.0000007329667815e+00   5.9999999935624126e-01   2.4516052608908351e-08   0.0000000000000000e+00   0.0000000000000000e+00
0100   3.8476562500000000e-01   1.0000007494559504e+00   5.9999999934174242e-01   2.3860731780627369e-08   0.0000000000000000e+00   0.0000000000000000e+00
0101   3.8867187500000000e-01   1.0000007654936238e+00   5.9999999932765313e-01   2.3191044452297148e-08   0.0000000000000000e+00   0.0000000000000000e+00
0102   3.9257812500000000e-01   1.0000007810702665e+00   5.9999999931398007e-01   2.2507398286895696e-08   0.0000000000000000e+00   0.0000000000000000e+00
0103   3.9648437500000000e-01   1.0000007961763255e+00   5.9999999930072967e-01   2.1810209424228800e-08   0.0000000000000000e+00   0.0000000000000000e+00
0104   4.0039062500000000e-01   1.0000008108028802e+00   5.9999999928790893e-01   2.1099900667480403e-08   0.0000000000000000e+00   0.0000000000000000e+00
0105   4.0429687500000000e-01   1.0000008249410597e+00   5.9999999927552339e-01   2.0376902794341681e-08   0.0000000000000000e+00   0.0000000000000000e+00
0106   4.0820312500000000e-01   1.0000008385823276e+00   5.9999999926357939e-01   1.9641653516228084e-08   0.0000000000000000e+00   0.0000000000000000e+00
0107   4.1210937500000000e-01   1.0000008517184797e+00   5.9999999925208269e-01   1.8894596283851168e-08   0.0000000000000000e+00   0.0000000000000000e+00
0108   4.1601562500000000e-01   1.0000008643415441e+00   5.9999999924103931e-01   1.8136182292323669e-08   0.0000000000000000e+00   0.0000000000000000e+00
0109   4.1992187500000000e-01   1.0000008764440043e+00   5.9999999923045422e-01   1.7366868085771923e-08   0.0000000000000000e+00   0.0000000000000000e+00
0110   4.2382812500000000e-01   1.0000008880185038e+00   5.9999999922033320e-01   1.6587117144180885e-08   0.0000000000000000e+00   0.0000000000000000e+00
0111   4.2773437500000000e-01   1.0000008990580995e+00   5.9999999921068137e-01   1.5797399044629270e-08   0.0000000000000000e+00   0.0000000000000000e+00
0112   4.3164062500000000e-01   1.0000009095561080e+00   5.9999999920150415e-01   1.4998187687333117e-08   0.0000000000000000e+00   0.0000000000000000e+00
0113   4.3554687500000000e-01   1.0000009195062800e+00   5.9999999919280578e-01   1.4189964249523454e-08   0.0000000000000000e+00   0.0000000000000000e+00
0114   4.3945312500000000e-01   1.0000009289025540e+00   5.9999999918459157e-01   1.3373214025929967e-08   0.0000000000000000e+00   0.0000000000000000e+00
0115   4.4335937500000000e-01   1.0000009377392984e+00   5.9999999917686608e-01   1.2548427401350916e-08   0.0000000000000000e+00   0.0000000000000000e+00
0116   4.4726562500000000e-01   1.0000009460111454e+00   5.9999999916963365e-01   1.1716099739707802e-08   0.0000000000000000e+00   0.0000000000000000e+00
0117   4.5117187500000000e-01   1.0000009537132213e+00   5.9999999916289803e-01   1.0876731232901124e-08   0.0000000000000000e+00   0.0000000000000000e+00
0118   4.5507812500000000e-01   1.0000009608407623e+00   5.9999999915666358e-01   1.0030825107675936e-08   0.0000000000000000e+00   0.0000000000000000e+00
0119   4.5898437500000000e-01   1.0000009673894978e+00   5.9999999915093383e-01   9.1788900398024375e-09   0.0000000000000000e+00   0.0000000000000000e+00
0120   4.6289062500000000e-01   1.0000009733555575e+00   5.9999999914571156e-01   8.3214376481231043e-09   0.0000000000000000e+00   0.0000000000000000e+00
0121   4.6679687500000000e-01   1.0000009787352853e+00   5.9999999914100055e-01   7.4589820354671092e-09   0.0000000000000000e+00   0.0000000000000000e+00
0122   4.7070312500000000e-01   1.0000009835254424e+00   5.9999999913680313e-01   6.5920422707463157e-09   0.0000000000000000e+00   0.0000000000000000e+00
0123   4.7460937500000000e-01   1.0000009877231570e+00   5.9999999913312241e-01   5.7211374181035719e-09   0.0000000000000000e+00   0.0000000000000000e+00
0124   4.7851562500000000e-01   1.0000009913259309e+00   5.9999999912995927e-01   4.8467971372544787e-09   0.0000000000000000e+00   0.0000000000000000e+00
0125   4.8242187500000000e-01   1.0000009943314998e+00   5.9999999912731627e-01   3.9695273521702126e-09   0.0000000000000000e+00   0.0000000000000000e+00
0126   4.8632812500000000e-01   1.0000009967381891e+00   5.9999999912519675e-01   3.0899126464615138e-09   0.0000000000000000e+00   0.0000000000000000e+00
0127   4.9023437500000000e-01   1.0000009985444351e+00   5.9999999912358015e-01   2.2083199484743279e-09   0.0000000000000000e+00   0.0000000000000000e+00
0128   4.9414062500000000e-01   1.0000009997492532e+00   5.9999999912254143e-01   1.3256977533289516e-09   0.0000000000000000e+00   0.0000000000000000e+00
0129   4.9804687500000000e-01   1.0000010003516155e+00   5.9999999912185220e-01   4.4156824664440491e-10   0.0000000000000000e+00   0.0000000000000000e+00
0130   5.0195312500000000e-01   1.0000010003516024e+00   5.9999999912185242e-01  -4.4156627209453012e-10   0.0000000000000000e+00   0.0000000000000000e+00
0131   5.0585937500000000e-01   1.0000009997492822e+00   5.9999999912254232e-01  -1.3256955925002552e-09   0.0000000000000000e+00   0.0000000000000000e+00
0132   5.0976562500000000e-01   1.0000009985444132e+00   5.9999999912358137e-01  -2.2083174150881930e-09   0.0000000000000000e+00   0.0000000000000000e+00
0133   5.1367187500000000e-01   1.0000009967381631e+00   5.9999999912519841e-01  -3.0899102248426767e-09   0.0000000000000000e+00   0.0000000000000000e+00
0134   5.1757812500000000e-01   1.0000009943315085e+00   5.9999999912731805e-01  -3.9695246697610247e-09   0.0000000000000000e+00   0.0000000000000000e+00
0135   5.2148437500000000e-01   1.0000009913259080e+00   5.9999999912996138e-01  -4.8467943058224384e-09   0.0000000000000000e+00   0.0000000000000000e+00
0136   5.2539062500000000e-01   1.0000009877231355e+00   5.9999999913312474e-01  -5.7211345866715241e-09   0.0000000000000000e+00   0.0000000000000000e+00
0137   5.2929687500000000e-01   1.0000009835254411e+00   5.9999999913680591e-01  -6.5920395138254833e-09   0.0000000000000000e+00   0.0000000000000000e+00
0138   5.3320312500000000e-01   1.0000009787352657e+00   5.9999999914100377e-01  -7.4589793530579991e-09   0.0000000000000000e+00   0.0000000000000000e+00
0139   5.3710937500000000e-01   1.0000009733555597e+00   5.9999999914571467e-01  -8.3214351892483166e-09   0.0000000000000000e+00   0.0000000000000000e+00
0140   5.4101562500000000e-01   1.0000009673894883e+00   5.9999999915093682e-01  -9.1788883260426730e-09   0.0000000000000000e+00   0.0000000000000000e+00
0141   5.4492187500000000e-01   1.0000009608407341e+00   5.9999999915666635e-01  -1.0030823468427802e-08   0.0000000000000000e+00   0.0000000000000000e+00
0142   5.4882812500000000e-01   1.0000009537131853e+00   5.9999999916290070e-01  -1.0876729817187687e-08   0.0000000000000000e+00   0.0000000000000000e+00
0143   5.5273437500000000e-01   1.0000009460111776e+00   5.9999999916963620e-01  -1.1716098733806468e-08   0.0000000000000000e+00   0.0000000000000000e+00
0144   5.5664062500000000e-01   1.0000009377392993e+00   5.9999999917686886e-01  -1.2548426134660128e-08   0.0000000000000000e+00   0.0000000000000000e+00
0145   5.6054687500000000e-01   1.0000009289025520e+00   5.9999999918459412e-01  -1.3373213131796303e-08   0.0000000000000000e+00   0.0000000000000000e+00
0146   5.6445312500000000e-01   1.0000009195062978e+00   5.9999999919280789e-01  -1.4189963094599394e-08   0.0000000000000000e+00   0.0000000000000000e+00
0147   5.6835937500000000e-01   1.0000009095561386e+00   5.9999999920150593e-01  -1.4998186644175924e-08   0.0000000000000000e+00   0.0000000000000000e+00
0148   5.7226562500000000e-01   1.0000008990580951e+00   5.9999999921068325e-01  -1.5797397330869300e-08   0.0000000000000000e+00   0.0000000000000000e+00
0149   5.7617187500000000e-01   1.0000008880184574e+00   5.9999999922033465e-01  -1.6587115914745842e-08   0.0000000000000000e+00   0.0000000000000000e+00
0150   5.8007812500000000e-01   1.0000008764440118e+00   5.9999999923045544e-01  -1.7366866483778722e-08   0.0000000000000000e+00   0.0000000000000000e+00
0151   5.8398437500000000e-01   1.0000008643415079e+00   5.9999999924104008e-01  -1.8136180653075464e-08   0.0000000000000000e+00   0.0000000000000000e+00
0152   5.8789062500000000e-01   1.0000008517184611e+00   5.9999999925208314e-01  -1.8894594644601937e-08   0.0000000000000000e+00   0.0000000000000000e+00
0153   5.9179687500000000e-01   1.0000008385823227e+00   5.9999999926357950e-01  -1.9641651690700165e-08   0.0000000000000000e+00   0.0000000000000000e+00
0154   5.9570312500000000e-01   1.0000008249410297e+00   5.9999999927552305e-01  -2.0376901266860575e-08   0.0000000000000000e+00   0.0000000000000000e+00
0155   5.9960937500000000e-01   1.0000008108029064e+00   5.9999999928790848e-01  -2.1099899177253722e-08   0.0000000000000000e+00   0.0000000000000000e+00
0156   6.0351562500000000e-01   1.0000007961763693e+00   5.9999999930072934e-01  -2.1810207486932816e-08   0.0000000000000000e+00   0.0000000000000000e+00
0157   6.0742187500000000e-01   1.0000007810701979e+00   5.9999999931397940e-01  -2.2507396386857746e-08   0.0000000000000000e+00   0.0000000000000000e+00
0158   6.1132812500000000e-01   1.0000007654936098e+00   5.9999999932765258e-01  -2.3191042701280533e-08   0.0000000000000000e+00   0.0000000000000000e+00
0159   6.1523437500000000e-01   1.0000007494559069e+00   5.9999999934174186e-01  -2.3860730066867052e-08   0.0000000000000000e+00   0.0000000000000000e+00
0160   6.1914062500000000e-01   1.0000007329667577e+00   5.9999999935624071e-01  -2.4516051304961361e-08   0.0000000000000000e+00   0.0000000000000000e+00
0161   6.2304687500000000e-01   1.0000007160361386e+00   5.9999999937114212e-01  -2.5156604976874831e-08   0.0000000000000000e+00   0.0000000000000000e+00
0162   6.2695312500000000e-01   1.0000006986742047e+00   5.9999999938643833e-01  -2.5781999422355349e-08   0.0000000000000000e+00   0.0000000000000000e+00
0163   6.3085937500000000e-01   1.0000006808914639e+00   5.9999999940212179e-01  -2.6391850608218934e-08   0.0000000000000000e+00   0.0000000000000000e+00
0164   6.3476562500000000e-01   1.0000006626985734e+00   5.9999999941818460e-01  -2.6985783659793132e-08   0.0000000000000000e+00   0.0000000000000000e+00
0165   6.3867187500000000e-01   1.0000006441064924e+00   5.9999999943461801e-01  -2.7563431443501212e-08   0.0000000000000000e+00   0.0000000000000000e+00
0166   6.4257812500000000e-01   1.0000006251264517e+00   5.9999999945141325e-01  -2.8124437688861474e-08   0.0000000000000000e+00   0.0000000000000000e+00
0167   6.4648437500000000e-01   1.0000006057699229e+00   5.9999999946856086e-01  -2.8668452951472345e-08   0.0000000000000000e+00   0.0000000000000000e+00
0168   6.5039062500000000e-01   1.0000005860484820e+00   5.9999999948605121e-01  -2.9195140070171299e-08   0.0000000000000000e+00   0.0000000000000000e+00
0169   6.5429687500000000e-01   1.0000005659740963e+00   5.9999999950387350e-01  -2.9704170043293618e-08   0.0000000000000000e+00   0.0000000000000000e+00
0170   6.5820312500000000e-01   1.0000005455587617e+00   5.9999999952201677e-01  -3.0195225498835175e-08   0.0000000000000000e+00   0.0000000000000000e+00
0171   6.6210937500000000e-01   1.0000005248148520e+00   5.9999999954046968e-01  -3.0667999016902546e-08   0.0000000000000000e+00   0.0000000000000000e+00
0172   6.6601562500000000e-01   1.0000005037548285e+00   5.9999999955921979e-01  -3.1122193643762574e-08   0.0000000000000000e+00   0.0000000000000000e+00
0173   6.6992187500000000e-01   1.0000004823913711e+00   5.9999999957825378e-01  -3.1557525187533499e-08   0.0000000000000000e+00   0.0000000000000000e+00
0174   6.7382812500000000e-01   1.0000004607373638e+00   5.9999999959755812e-01  -3.1973721042374722e-08   0.0000000000000000e+00   0.0000000000000000e+00
0175   6.7773437500000000e-01   1.0000004388058377e+00   5.9999999961711747e-01  -3.2370520160785698e-08   0.0000000000000000e+00   0.0000000000000000e+00
0176   6.8164062500000000e-01   1.0000004166100129e+00   5.9999999963691653e-01  -3.2747674956281402e-08   0.0000000000000000e+00   0.0000000000000000e+00
0177   6.8554687500000000e-01   1.0000003941632059e+00   5.9999999965693906e-01  -3.3104949473489384e-08   0.0000000000000000e+00   0.0000000000000000e+00
0178   6.8945312500000000e-01   1.0000003714789985e+00   5.9999999967716822e-01  -3.3442121127690989e-08   0.0000000000000000e+00   0.0000000000000000e+00
0179   6.9335937500000000e-01   1.0000003485710400e+00   5.9999999969758600e-01  -3.3758982772509704e-08   0.0000000000000000e+00   0.0000000000000000e+00
0180   6.9726562500000000e-01   1.0000003254530414e+00   5.9999999971817264e-01  -3.4055341928879983e-08   0.0000000000000000e+00   0.0000000000000000e+00
0181   7.0117187500000000e-01   1.0000003021390536e+00   5.9999999973890583e-01  -3.4331022651851581e-08   0.0000000000000000e+00   0.0000000000000000e+00
0182   7.0507812500000000e-01   1.0000002786429849e+00   5.9999999975976281e-01  -3.4585866011543682e-08   0.0000000000000000e+00   0.0000000000000000e+00
0183   7.0898437500000000e-01   1.0000002549790259e+00   5.9999999978072116e-01  -3.4819727064568811e-08   0.0000000000000000e+00   0.0000000000000000e+00
0184   7.1289062500000000e-01   1.0000002311614655e+00   5.9999999980176055e-01  -3.5032474388581259e-08   0.0000000000000000e+00   0.0000000000000000e+00
0185   7.1679687500000000e-01   1.0000002072045857e+00   5.9999999982285901e-01  -3.5223989907314407e-08   0.0000000000000000e+00   0.0000000000000000e+00
0186   7.2070312500000000e-01   1.0000001831228045e+00   5.9999999984399544e-01  -3.5394179735630803e-08   0.0000000000000000e+00   0.0000000000000000e+00
0187   7.2460937500000000e-01   1.0000001589306124e+00   5.9999999986511399e-01  -3.5542966016594221e-08   0.0000000000000000e+00   0.0000000000000000e+00
0188   7.2851562500000000e-01   1.0000001346425813e+00   5.9999999988621056e-01  -3.5670342942125304e-08   0.0000000000000000e+00   0.0000000000000000e+00
0189   7.3242187500000000e-01   1.0000001102731126e+00   5.9999999990704345e-01  -3.5776263476699439e-08   0.0000000000000000e+00   0.0000000000000000e+00
0190   7.3632812500000000e-01   1.0000000858373657e+00   5.9999999992805630e-01  -3.5860916921032451e-08   0.0000000000000000e+00   0.0000000000000000e+00
0191   7.4023437500000000e-01   1.0000000613482656e+00   5.9999999994748665e-01  -3.5924127199935836e-08   0.0000000000000000e+00   0.0000000000000000e+00
0192   7.4414062500000000e-01   1.0000000368254469e+00   5.9999999997019915e-01  -3.5966236296768027e-08   0.0000000000000000e+00   0.0000000000000000e+00
0193   7.4804687500000000e-01   1.0000000122690642e+00   5.9999999998148024e-01  -3.5987304955257640e-08   0.0000000000000000e+00   0.0000000000000000e+00
0194   7.5195312500000000e-01   9.9999998773102372e-01   6.0000000001854070e-01  -3.5987278835409848e-08   0.0000000000000000e+00   0.0000000000000000e+00
0195   7.5585937500000000e-01   9.9999996317455953e-01   6.0000000002981912e-01  -3.5966160360753626e-08   0.0000000000000000e+00   0.0000000000000000e+00
0196   7.5976562500000000e-01   9.9999993865176262e-01   6.0000000005253218e-01  -3.5924001223554171e-08   0.0000000000000000e+00   0.0000000000000000e+00
0197   7.6367187500000000e-01   9.9999991416267353e-01   6.0000000007196186e-01  -3.5860742544016257e-08   0.0000000000000000e+00   0.0000000000000000e+00
0198   7.6757812500000000e-01   9.9999988972691833e-01   6.0000000009297383e-01  -3.5776042077650113e-08   0.0000000000000000e+00   0.0000000000000000e+00
0199   7.7148437500000000e-01   9.9999986535746399e-01   6.0000000011380583e-01  -3.5670076086119989e-08   0.0000000000000000e+00   0.0000000000000000e+00
0200   7.7539062500000000e-01   9.9999984106943174e-01   6.0000000013490140e-01  -3.5542654970604915e-08   0.0000000000000000e+00   0.0000000000000000e+00
0201   7.7929687500000000e-01   9.9999981687724726e-01   6.0000000015601906e-01  -3.5393826549017358e-08   0.0000000000000000e+00   0.0000000000000000e+00
0202   7.8320312500000000e-01   9.9999979279548290e-01   6.0000000017715427e-01  -3.5223595362719160e-08   0.0000000000000000e+00   0.0000000000000000e+00
0203   7.8710937500000000e-01   9.9999976883860553e-01   6.0000000019825184e-01  -3.5032039976493306e-08   0.0000000000000000e+00   0.0000000000000000e+00
0204   7.9101562500000000e-01   9.9999974502098365e-01   6.0000000021929067e-01  -3.4819253865651420e-08   0.0000000000000000e+00   0.0000000000000000e+00
0205   7.9492187500000000e-01   9.9999972135703952e-01   6.0000000024024802e-01  -3.4585355665279310e-08   0.0000000000000000e+00   0.0000000000000000e+00
0206   7.9882812500000000e-01   9.9999969786098819e-01   6.0000000026110412e-01  -3.4330476387890278e-08   0.0000000000000000e+00   0.0000000000000000e+00
0207   8.0273437500000000e-01   9.9999967454695637e-01   6.0000000028183642e-01  -3.4054760790576612e-08   0.0000000000000000e+00   0.0000000000000000e+00
0208   8.0664062500000000e-01   9.9999965142899794e-01   6.0000000030242195e-01  -3.3758367989481533e-08   0.0000000000000000e+00   0.0000000000000000e+00
0209   8.1054687500000000e-01   9.9999962852099378e-01   6.0000000032283862e-01  -3.3441473780510861e-08   0.0000000000000000e+00   0.0000000000000000e+00
0210   8.1445312500000000e-01   9.9999960583680625e-01   6.0000000034306666e-01  -3.3104271201552185e-08   0.0000000000000000e+00   0.0000000000000000e+00
0211   8.1835937500000000e-01   9.9999958339002171e-01   6.0000000036308776e-01  -3.2746967436228110e-08   0.0000000000000000e+00   0.0000000000000000e+00
0212   8.2226562500000000e-01   9.9999956119418798e-01   6.0000000038288548e-01  -3.2369785143757154e-08   0.0000000000000000e+00   0.0000000000000000e+00
0213   8.2617187500000000e-01   9.9999953926265694e-01   6.0000000040244328e-01  -3.1972960465785249e-08   0.0000000000000000e+00   0.0000000000000000e+00
0214   8.3007812500000000e-01   9.9999951760863681e-01   6.0000000042174595e-01  -3.1556740243673795e-08   0.0000000000000000e+00   0.0000000000000000e+00
0215   8.3398437500000000e-01   9.9999949624521312e-01   6.0000000044077828e-01  -3.1121385711200869e-08   0.0000000000000000e+00   0.0000000000000000e+00
0216   8.3789062500000000e-01   9.9999947518516685e-01   6.0000000045952662e-01  -3.0667170070301624e-08   0.0000000000000000e+00   0.0000000000000000e+00
0217   8.4179687500000000e-01   9.9999945444124239e-01   6.0000000047797741e-01  -3.0194377810903290e-08   0.0000000000000000e+00   0.0000000000000000e+00
0218   8.4570312500000000e-01   9.9999943402595637e-01   6.0000000049611901e-01  -2.9703305551441434e-08   0.0000000000000000e+00   0.0000000000000000e+00
0219   8.4960937500000000e-01   9.9999941395152014e-01   6.0000000051393954e-01  -2.9194260376514314e-08   0.0000000000000000e+00   0.0000000000000000e+00
0220   8.5351562500000000e-01   9.9999939423011197e-01   6.0000000053142755e-01  -2.8667560328737015e-08   0.0000000000000000e+00   0.0000000000000000e+00
0221   8.5742187500000000e-01   9.9999937487353285e-01   6.0000000054857294e-01  -2.8123534111736938e-08   0.0000000000000000e+00   0.0000000000000000e+00
0222   8.6132812500000000e-01   9.9999935589352140e-01   6.0000000056536651e-01  -2.7562519296498300e-08   0.0000000000000000e+00   0.0000000000000000e+00
0223   8.6523437500000000e-01   9.9999933730145729e-01   6.0000000058179803e-01  -2.6984864470551789e-08   0.0000000000000000e+00   0.0000000000000000e+00
0224   8.6914062500000000e-01   9.9999931910856665e-01   6.0000000059785874e-01  -2.6390926500480634e-08   0.0000000000000000e+00   0.0000000000000000e+00
0225   8.7304687500000000e-01   9.9999930132579884e-01   6.0000000061354031e-01  -2.5781072482617312e-08   0.0000000000000000e+00   0.0000000000000000e+00
0226   8.7695312500000000e-01   9.9999928396386872e-01   6.0000000062883463e-01  -2.5155676844575158e-08   0.0000000000000000e+00   0.0000000000000000e+00
0227   8.8085937500000000e-01   9.9999926703322783e-01   6.0000000064373371e-01  -2.4515124625454867e-08   0.0000000000000000e+00   0.0000000000000000e+00
0228   8.8476562500000000e-01   9.9999925054410033e-01   6.0000000065823078e-01  -2.3859807112959587e-08   0.0000000000000000e+00   0.0000000000000000e+00
0229   8.8867187500000000e-01   9.9999923450637951e-01   6.0000000067231851e-01  -2.3190124739879469e-08   0.0000000000000000e+00   0.0000000000000000e+00
0230   8.9257812500000000e-01   9.9999921892979193e-01   6.0000000068598969e-01  -2.2506485914317561e-08   0.0000000000000000e+00   0.0000000000000000e+00
0231   8.9648437500000000e-01   9.9999920382365737e-01   6.0000000069923820e-01  -2.1809306664317004e-08   0.0000000000000000e+00   0.0000000000000000e+00
0232   9.0039062500000000e-01   9.9999918919709707e-01   6.0000000071205761e-01  -2.1099009234232018e-08   0.0000000000000000e+00   0.0000000000000000e+00
0233   9.0429687500000000e-01   9.9999917505893665e-01   6.0000000072444148e-01  -2.0376025184128417e-08   0.0000000000000000e+00   0.0000000000000000e+00
0234   9.0820312500000000e-01   9.9999916141766676e-01   6.0000000073638360e-01  -1.9640790995982433e-08   0.0000000000000000e+00   0.0000000000000000e+00
0235   9.1210937500000000e-01   9.9999914828150593e-01   6.0000000074787851e-01  -1.8893751089156548e-08   0.0000000000000000e+00   0.0000000000000000e+00
0236   9.1601562500000000e-01   9.9999913565843035e-01   6.0000000075892013e-01  -1.8135356323460010e-08   0.0000000000000000e+00   0.0000000000000000e+00
0237   9.1992187500000000e-01   9.9999912355600162e-01   6.0000000076950288e-01  -1.7366063690086744e-08   0.0000000000000000e+00   0.0000000000000000e+00
0238   9.2382812500000000e-01   9.9999911198150149e-01   6.0000000077962146e-01  -1.6586336333715290e-08   0.0000000000000000e+00   0.0000000000000000e+00
0239   9.2773437500000000e-01   9.9999910094189204e-01   6.0000000078927085e-01  -1.5796644203980861e-08   0.0000000000000000e+00   0.0000000000000000e+00
0240   9.3164062500000000e-01   9.9999909044384450e-01   6.0000000079844551e-01  -1.4997461126577788e-08   0.0000000000000000e+00   0.0000000000000000e+00
0241   9.3554687500000000e-01   9.9999908049368080e-01   6.0000000080714122e-01  -1.4189267459105745e-08   0.0000000000000000e+00   0.0000000000000000e+00
0242   9.3945312500000000e-01   9.9999907109741393e-01   6.0000000081535276e-01  -1.3372548906097274e-08   0.0000000000000000e+00   0.0000000000000000e+00
0243   9.4335937500000000e-01   9.9999906226070667e-01   6.0000000082307581e-01  -1.2547796075877802e-08   0.0000000000000000e+00   0.0000000000000000e+00
0244   9.4726562500000000e-01   9.9999905398880251e-01   6.0000000083030602e-01  -1.1715503810777083e-08   0.0000000000000000e+00   0.0000000000000000e+00
0245   9.5117187500000000e-01   9.9999904628676417e-01   6.0000000083703908e-01  -1.0876172637989277e-08   0.0000000000000000e+00   0.0000000000000000e+00
0246   9.5507812500000000e-01   9.9999903915923838e-01   6.0000000084327110e-01  -1.0030305672477120e-08   0.0000000000000000e+00   0.0000000000000000e+00
0247   9.5898437500000000e-01   9.9999903261045375e-01   6.0000000084899885e-01  -9.1784108076293877e-09   0.0000000000000000e+00   0.0000000000000000e+00
0248   9.6289062500000000e-01   9.9999902664443741e-01   6.0000000085421878e-01  -8.3209999603225917e-09   0.0000000000000000e+00   0.0000000000000000e+00
0249   9.6679687500000000e-01   9.9999902126469509e-01   6.0000000085892746e-01  -7.4585873451400847e-09   0.0000000000000000e+00   0.0000000000000000e+00
0250   9.7070312500000000e-01   9.9999901647452916e-01   6.0000000086312288e-01  -6.5916917329351934e-09   0.0000000000000000e+00   0.0000000000000000e+00
0251   9.7460937500000000e-01   9.9999901227678212e-01   6.0000000086680150e-01  -5.7208318897883310e-09   0.0000000000000000e+00   0.0000000000000000e+00
0252   9.7851562500000000e-01   9.9999900867404712e-01   6.0000000086996275e-01  -4.8465377362048767e-09   0.0000000000000000e+00   0.0000000000000000e+00
0253   9.8242187500000000e-01   9.9999900566842759e-01   6.0000000087260419e-01  -3.9693147862898636e-09   0.0000000000000000e+00   0.0000000000000000e+00
0254   9.8632812500000000e-01   9.9999900326174929e-01   6.0000000087472227e-01  -3.0897472511968273e-09   0.0000000000000000e+00   0.0000000000000000e+00
0255   9.9023437500000000e-01   9.9999900145552556e-01   6.0000000087633809e-01  -2.2082013510743677e-09   0.0000000000000000e+00   0.0000000000000000e+00
0256   9.9414062500000000e-01   9.9999900025071409e-01   6.0000000087737615e-01  -1.3256267367961261e-09   0.0000000000000000e+00   0.0000000000000000e+00
0257   9.9804687500000000e-01   9.9999899964829897e-01   6.0000000087806526e-01  -4.4154447427625123e-10   0.0000000000000000e+00   0.0000000000000000e+00
