# Athena++ data at time=1.035019e+02  cycle=52993  variables=prim 
# i       x1v         rho          press          vel1         vel2         vel3     
0002   1.9531250000000000e-03   9.9999899789792979e-01   5.9999999912768376e-01  -4.4213510827041783e-10   0.0000000000000000e+00   0.0000000000000000e+00
0003   5.8593750000000000e-03   9.9999899850169871e-01   5.9999999912837199e-01  -1.3274028855552540e-09   0.0000000000000000e+00   0.0000000000000000e+00
0004   9.7656250000000000e-03   9.9999899970857875e-01   5.9999999912940716e-01  -2.2111602145518231e-09   0.0000000000000000e+00   0.0000000000000000e+00
0005   1.3671875000000000e-02   9.9999900151806609e-01   5.9999999913101865e-01  -3.0938842540714638e-09   0.0000000000000000e+00   0.0000000000000000e+00
0006   1.7578125000000000e-02   9.9999900392895036e-01   5.9999999913313118e-01  -3.9746231908567598e-09   0.0000000000000000e+00   0.0000000000000000e+00
0007   2.1484375000000000e-02   9.9999900693984267e-01   5.9999999913576574e-01  -4.8530096384020099e-09   0.0000000000000000e+00   0.0000000000000000e+00
0008   2.5390625000000000e-02   9.9999901054891382e-01   5.9999999913891833e-01  -5.7284561103542018e-09   0.0000000000000000e+00   0.0000000000000000e+00
0009   2.9296875000000000e-02   9.9999901475398634e-01   5.9999999914258673e-01  -6.6004563624856034e-09   0.0000000000000000e+00   0.0000000000000000e+00
0010   3.3203125000000000e-02   9.9999901955255011e-01   5.9999999914676949e-01  -7.4684776656142768e-09   0.0000000000000000e+00   0.0000000000000000e+00
0011   3.7109375000000000e-02   9.9999902494168336e-01   5.9999999915146429e-01  -8.3320006132597449e-09   0.0000000000000000e+00   0.0000000000000000e+00
0012   4.1015625000000000e-02   9.9999903091814213e-01   5.9999999915666757e-01  -9.1905042763050707e-09   0.0000000000000000e+00   0.0000000000000000e+00
0013   4.4921875000000000e-02   9.9999903747833518e-01   5.9999999916237623e-01  -1.0043472706931876e-08   0.0000000000000000e+00   0.0000000000000000e+00
0014   4.8828125000000000e-02   9.9999904461833078e-01   5.9999999916858682e-01  -1.0890393657894053e-08   0.0000000000000000e+00   0.0000000000000000e+00
0015   5.2734375000000000e-02   9.9999905233379383e-01   5.9999999917529523e-01  -1.1730758011671505e-08   0.0000000000000000e+00   0.0000000000000000e+00
0016   5.6640625000000000e-02   9.9999906062010058e-01   5.9999999918249747e-01  -1.2564060553029393e-08   0.0000000000000000e+00   0.0000000000000000e+00
0017   6.0546875000000000e-02   9.9999906947224415e-01   5.9999999919018898e-01  -1.3389801973404516e-08   0.0000000000000000e+00   0.0000000000000000e+00
0018   6.4453125000000000e-02   9.9999907888490580e-01   5.9999999919836466e-01  -1.4207485997348154e-08   0.0000000000000000e+00   0.0000000000000000e+00
0019   6.8359375000000000e-02   9.9999908885241573e-01   5.9999999920701963e-01  -1.5016622174603626e-08   0.0000000000000000e+00   0.0000000000000000e+00
0020   7.2265625000000000e-02   9.9999909936878173e-01   5.9999999921614877e-01  -1.5816725396604007e-08   0.0000000000000000e+00   0.0000000000000000e+00
0021   7.6171875000000000e-02   9.9999911042760525e-01   5.9999999922574654e-01  -1.6607315453337498e-08   0.0000000000000000e+00   0.0000000000000000e+00
0022   8.0078125000000000e-02   9.9999912202230146e-01   5.9999999923580760e-01  -1.7387918232749775e-08   0.0000000000000000e+00   0.0000000000000000e+00
0023   8.3984375000000000e-02   9.9999913414584551e-01   5.9999999924632597e-01  -1.8158066066738594e-08   0.0000000000000000e+00   0.0000000000000000e+00
0024   8.7890625000000000e-02   9.9999914679094193e-01   5.9999999925729597e-01  -1.8917296031699637e-08   0.0000000000000000e+00   0.0000000000000000e+00
0025   9.1796875000000000e-02   9.9999915994998023e-01   5.9999999926871139e-01  -1.9665153766749481e-08   0.0000000000000000e+00   0.0000000000000000e+00
0026   9.5703125000000000e-02   9.9999917361503199e-01   5.9999999928056658e-01  -2.0401189434944085e-08   0.0000000000000000e+00   0.0000000000000000e+00
0027   9.9609375000000000e-02   9.9999918777788377e-01   5.9999999929285475e-01  -2.1124960543710607e-08   0.0000000000000000e+00   0.0000000000000000e+00
0028   1.0351562500000000e-01   9.9999920242997764e-01   5.9999999930556991e-01  -2.1836032198931129e-08   0.0000000000000000e+00   0.0000000000000000e+00
0029   1.0742187500000000e-01   9.9999921756249488e-01   5.9999999931870551e-01  -2.2533975761493380e-08   0.0000000000000000e+00   0.0000000000000000e+00
0030   1.1132812500000000e-01   9.9999923316632033e-01   5.9999999933225501e-01  -2.3218370079119417e-08   0.0000000000000000e+00   0.0000000000000000e+00
0031   1.1523437500000000e-01   9.9999924923207739e-01   5.9999999934621195e-01  -2.3888802201391155e-08   0.0000000000000000e+00   0.0000000000000000e+00
0032   1.1914062500000000e-01   9.9999926575006648e-01   5.9999999936056991e-01  -2.4544865603571805e-08   0.0000000000000000e+00   0.0000000000000000e+00
0033   1.2304687500000000e-01   9.9999928271035288e-01   5.9999999937532122e-01  -2.5186162662672832e-08   0.0000000000000000e+00   0.0000000000000000e+00
0034   1.2695312500000000e-01   9.9999930010271398e-01   5.9999999939045934e-01  -2.5812303375910053e-08   0.0000000000000000e+00   0.0000000000000000e+00
0035   1.3085937500000000e-01   9.9999931791669461e-01   5.9999999940597692e-01  -2.6422905239470518e-08   0.0000000000000000e+00   0.0000000000000000e+00
0036   1.3476562500000000e-01   9.9999933614153369e-01   5.9999999942186688e-01  -2.7017595293626874e-08   0.0000000000000000e+00   0.0000000000000000e+00
0037   1.3867187500000000e-01   9.9999935476627733e-01   5.9999999943812121e-01  -2.7596008410660691e-08   0.0000000000000000e+00   0.0000000000000000e+00
0038   1.4257812500000000e-01   9.9999937377970605e-01   5.9999999945473215e-01  -2.8157788010208310e-08   0.0000000000000000e+00   0.0000000000000000e+00
0039   1.4648437500000000e-01   9.9999939317036879e-01   5.9999999947169147e-01  -2.8702586855024947e-08   0.0000000000000000e+00   0.0000000000000000e+00
0040   1.5039062500000000e-01   9.9999941292659078e-01   5.9999999948899030e-01  -2.9230067666513483e-08   0.0000000000000000e+00   0.0000000000000000e+00
0041   1.5429687500000000e-01   9.9999943303645056e-01   5.9999999950661953e-01  -2.9739901920884524e-08   0.0000000000000000e+00   0.0000000000000000e+00
0042   1.5820312500000000e-01   9.9999945348784136e-01   5.9999999952456973e-01  -3.0231770924200185e-08   0.0000000000000000e+00   0.0000000000000000e+00
0043   1.6210937500000000e-01   9.9999947426846514e-01   5.9999999954283034e-01  -3.0705366372237238e-08   0.0000000000000000e+00   0.0000000000000000e+00
0044   1.6601562500000000e-01   9.9999949536581512e-01   5.9999999956139038e-01  -3.1160390507049977e-08   0.0000000000000000e+00   0.0000000000000000e+00
0045   1.6992187500000000e-01   9.9999951676714971e-01   5.9999999958023820e-01  -3.1596556429172787e-08   0.0000000000000000e+00   0.0000000000000000e+00
0046   1.7382812500000000e-01   9.9999953845957590e-01   5.9999999959936134e-01  -3.2013588491051548e-08   0.0000000000000000e+00   0.0000000000000000e+00
0047   1.7773437500000000e-01   9.9999956043004745e-01   5.9999999961874628e-01  -3.2411223703208195e-08   0.0000000000000000e+00   0.0000000000000000e+00
0048   1.8164062500000000e-01   9.9999958266531430e-01   5.9999999963837836e-01  -3.2789209868811958e-08   0.0000000000000000e+00   0.0000000000000000e+00
0049   1.8554687500000000e-01   9.9999960515199193e-01   5.9999999965824302e-01  -3.3147307525346749e-08   0.0000000000000000e+00   0.0000000000000000e+00
0050   1.8945312500000000e-01   9.9999962787651919e-01   5.9999999967832418e-01  -3.3485290738448834e-08   0.0000000000000000e+00   0.0000000000000000e+00
0051   1.9335937500000000e-01   9.9999965082518827e-01   5.9999999969860429e-01  -3.3802946487198069e-08   0.0000000000000000e+00   0.0000000000000000e+00
0052   1.9726562500000000e-01   9.9999967398418887e-01   5.9999999971906448e-01  -3.4100077782250169e-08   0.0000000000000000e+00   0.0000000000000000e+00
0053   2.0117187500000000e-01   9.9999969733956373e-01   5.9999999973968232e-01  -3.4376504667714945e-08   0.0000000000000000e+00   0.0000000000000000e+00
0054   2.0507812500000000e-01   9.9999972087722577e-01   5.9999999976043494e-01  -3.4632061765649788e-08   0.0000000000000000e+00   0.0000000000000000e+00
0055   2.0898437500000000e-01   9.9999974458300611e-01   5.9999999978130025e-01  -3.4866599702620717e-08   0.0000000000000000e+00   0.0000000000000000e+00
0056   2.1289062500000000e-01   9.9999976844258776e-01   5.9999999980225727e-01  -3.5079982296631634e-08   0.0000000000000000e+00   0.0000000000000000e+00
0057   2.1679687500000000e-01   9.9999979244161263e-01   5.9999999982328267e-01  -3.5272086173253642e-08   0.0000000000000000e+00   0.0000000000000000e+00
0058   2.2070312500000000e-01   9.9999981656556292e-01   5.9999999984435515e-01  -3.5442812907371877e-08   0.0000000000000000e+00   0.0000000000000000e+00
0059   2.2460937500000000e-01   9.9999984079993254e-01   5.9999999986541608e-01  -3.5592080309264042e-08   0.0000000000000000e+00   0.0000000000000000e+00
0060   2.2851562500000000e-01   9.9999986513011696e-01   5.9999999988646069e-01  -3.5719878692780610e-08   0.0000000000000000e+00   0.0000000000000000e+00
0061   2.3242187500000000e-01   9.9999988954120267e-01   5.9999999990724451e-01  -3.5826158232831851e-08   0.0000000000000000e+00   0.0000000000000000e+00
0062   2.3632812500000000e-01   9.9999991401893751e-01   5.9999999992821174e-01  -3.5911105096488058e-08   0.0000000000000000e+00   0.0000000000000000e+00
0063   2.4023437500000000e-01   9.9999993854682501e-01   5.9999999994759001e-01  -3.5974540167306486e-08   0.0000000000000000e+00   0.0000000000000000e+00
0064   2.4414062500000000e-01   9.9999996311502759e-01   5.9999999997026665e-01  -3.6016804624657968e-08   0.0000000000000000e+00   0.0000000000000000e+00
0065   2.4804687500000000e-01   9.9999998769391429e-01   5.9999999998145659e-01  -3.6037953184063995e-08   0.0000000000000000e+00   0.0000000000000000e+00
0066   2.5195312500000000e-01   1.0000000123061172e+00   6.0000000001854314e-01  -3.6037939004312614e-08   0.0000000000000000e+00   0.0000000000000000e+00
0067   2.5585937500000000e-01   1.0000000368849964e+00   6.0000000002973208e-01  -3.6016763209173560e-08   0.0000000000000000e+00   0.0000000000000000e+00
0068   2.5976562500000000e-01   1.0000000614531677e+00   6.0000000005240950e-01  -3.5974471341660185e-08   0.0000000000000000e+00   0.0000000000000000e+00
0069   2.6367187500000000e-01   1.0000000859810627e+00   6.0000000007178789e-01  -3.5911009440860627e-08   0.0000000000000000e+00   0.0000000000000000e+00
0070   2.6757812500000000e-01   1.0000001104588259e+00   6.0000000009275467e-01  -3.5826036186489323e-08   0.0000000000000000e+00   0.0000000000000000e+00
0071   2.7148437500000000e-01   1.0000001348698999e+00   6.0000000011353849e-01  -3.5719731672093911e-08   0.0000000000000000e+00   0.0000000000000000e+00
0072   2.7539062500000000e-01   1.0000001592000831e+00   6.0000000013458321e-01  -3.5591907838858754e-08   0.0000000000000000e+00   0.0000000000000000e+00
0073   2.7929687500000000e-01   1.0000001834344547e+00   6.0000000015564459e-01  -3.5442616308355110e-08   0.0000000000000000e+00   0.0000000000000000e+00
0074   2.8320312500000000e-01   1.0000002075584158e+00   6.0000000017671684e-01  -3.5271865396353854e-08   0.0000000000000000e+00   0.0000000000000000e+00
0075   2.8710937500000000e-01   1.0000002315574406e+00   6.0000000019774224e-01  -3.5079737747565934e-08   0.0000000000000000e+00   0.0000000000000000e+00
0076   2.9101562500000000e-01   1.0000002554169938e+00   6.0000000021869893e-01  -3.4866331720352598e-08   0.0000000000000000e+00   0.0000000000000000e+00
0077   2.9492187500000000e-01   1.0000002791227613e+00   6.0000000023956379e-01  -3.4631770920239412e-08   0.0000000000000000e+00   0.0000000000000000e+00
0078   2.9882812500000000e-01   1.0000003026604674e+00   6.0000000026031586e-01  -3.4376190903228273e-08   0.0000000000000000e+00   0.0000000000000000e+00
0079   3.0273437500000000e-01   1.0000003260158110e+00   6.0000000028093314e-01  -3.4099742055797261e-08   0.0000000000000000e+00   0.0000000000000000e+00
0080   3.0664062500000000e-01   1.0000003491748062e+00   6.0000000030139267e-01  -3.3802589092170062e-08   0.0000000000000000e+00   0.0000000000000000e+00
0081   3.1054687500000000e-01   1.0000003721235460e+00   6.0000000032167211e-01  -3.3484912384679401e-08   0.0000000000000000e+00   0.0000000000000000e+00
0082   3.1445312500000000e-01   1.0000003948480438e+00   6.0000000034175216e-01  -3.3146909040792339e-08   0.0000000000000000e+00   0.0000000000000000e+00
0083   3.1835937500000000e-01   1.0000004173346897e+00   6.0000000036161572e-01  -3.2788791714927518e-08   0.0000000000000000e+00   0.0000000000000000e+00
0084   3.2226562500000000e-01   1.0000004395699471e+00   6.0000000038124668e-01  -3.2410787688407611e-08   0.0000000000000000e+00   0.0000000000000000e+00
0085   3.2617187500000000e-01   1.0000004615404425e+00   6.0000000040063028e-01  -3.2013135386015258e-08   0.0000000000000000e+00   0.0000000000000000e+00
0086   3.3007812500000000e-01   1.0000004832328835e+00   6.0000000041975210e-01  -3.1596087121445551e-08   0.0000000000000000e+00   0.0000000000000000e+00
0087   3.3398437500000000e-01   1.0000005046342171e+00   6.0000000043859847e-01  -3.1159906559532818e-08   0.0000000000000000e+00   0.0000000000000000e+00
0088   3.3789062500000000e-01   1.0000005257315099e+00   6.0000000045715707e-01  -3.0704869165943949e-08   0.0000000000000000e+00   0.0000000000000000e+00
0089   3.4179687500000000e-01   1.0000005465121524e+00   6.0000000047541613e-01  -3.0231261620635825e-08   0.0000000000000000e+00   0.0000000000000000e+00
0090   3.4570312500000000e-01   1.0000005669635632e+00   6.0000000049336433e-01  -2.9739382244040041e-08   0.0000000000000000e+00   0.0000000000000000e+00
0091   3.4960937500000000e-01   1.0000005870734248e+00   6.0000000051099212e-01  -2.9229538971085458e-08   0.0000000000000000e+00   0.0000000000000000e+00
0092   3.5351562500000000e-01   1.0000006068296421e+00   6.0000000052828961e-01  -2.8702050386810920e-08   0.0000000000000000e+00   0.0000000000000000e+00
0093   3.5742187500000000e-01   1.0000006262203047e+00   6.0000000054524782e-01  -2.8157244719433721e-08   0.0000000000000000e+00   0.0000000000000000e+00
0094   3.6132812500000000e-01   1.0000006452337162e+00   6.0000000056185754e-01  -2.7595460553569268e-08   0.0000000000000000e+00   0.0000000000000000e+00
0095   3.6523437500000000e-01   1.0000006638584686e+00   6.0000000057811087e-01  -2.7017043935933634e-08   0.0000000000000000e+00   0.0000000000000000e+00
0096   3.6914062500000000e-01   1.0000006820833158e+00   6.0000000059399972e-01  -2.6422351522645907e-08   0.0000000000000000e+00   0.0000000000000000e+00
0097   3.7304687500000000e-01   1.0000006998972824e+00   6.0000000060951653e-01  -2.5811748367738843e-08   0.0000000000000000e+00   0.0000000000000000e+00
0098   3.7695312500000000e-01   1.0000007172896410e+00   6.0000000062465375e-01  -2.5185607915676089e-08   0.0000000000000000e+00   0.0000000000000000e+00
0099   3.8085937500000000e-01   1.0000007342499457e+00   6.0000000063940429e-01  -2.4544312223191572e-08   0.0000000000000000e+00   0.0000000000000000e+00
0100   3.8476562500000000e-01   1.0000007507679387e+00   6.0000000065376102e-01  -2.3888250845571560e-08   0.0000000000000000e+00   0.0000000000000000e+00
0101   3.8867187500000000e-01   1.0000007668336803e+00   6.0000000066771719e-01  -2.3217822448123776e-08   0.0000000000000000e+00   0.0000000000000000e+00
0102   3.9257812500000000e-01   1.0000007824375308e+00   6.0000000068126613e-01  -2.2533432920973963e-08   0.0000000000000000e+00   0.0000000000000000e+00
0103   3.9648437500000000e-01   1.0000007975700111e+00   6.0000000069440096e-01  -2.1835495175615118e-08   0.0000000000000000e+00   0.0000000000000000e+00
0104   4.0039062500000000e-01   1.0000008122221085e+00   6.0000000070711546e-01  -2.1124430362242477e-08   0.0000000000000000e+00   0.0000000000000000e+00
0105   4.0429687500000000e-01   1.0000008263849529e+00   6.0000000071940296e-01  -2.0400667303763616e-08   0.0000000000000000e+00   0.0000000000000000e+00
0106   4.0820312500000000e-01   1.0000008400499991e+00   6.0000000073125737e-01  -1.9664640667882814e-08   0.0000000000000000e+00   0.0000000000000000e+00
0107   4.1210937500000000e-01   1.0000008532090505e+00   6.0000000074267246e-01  -1.8916793130180706e-08   0.0000000000000000e+00   0.0000000000000000e+00
0108   4.1601562500000000e-01   1.0000008658541395e+00   6.0000000075364168e-01  -1.8157573629808376e-08   0.0000000000000000e+00   0.0000000000000000e+00
0109   4.1992187500000000e-01   1.0000008779777254e+00   6.0000000076415894e-01  -1.7387438311898395e-08   0.0000000000000000e+00   0.0000000000000000e+00
0110   4.2382812500000000e-01   1.0000008895724011e+00   6.0000000077421911e-01  -1.6606849127014297e-08   0.0000000000000000e+00   0.0000000000000000e+00
0111   4.2773437500000000e-01   1.0000009006312280e+00   6.0000000078381610e-01  -1.5816273701258880e-08   0.0000000000000000e+00   0.0000000000000000e+00
0112   4.3164062500000000e-01   1.0000009111475545e+00   6.0000000079294402e-01  -1.5016186700432743e-08   0.0000000000000000e+00   0.0000000000000000e+00
0113   4.3554687500000000e-01   1.0000009211150469e+00   6.0000000080159777e-01  -1.4207067695782824e-08   0.0000000000000000e+00   0.0000000000000000e+00
0114   4.3945312500000000e-01   1.0000009305277513e+00   6.0000000080977201e-01  -1.3389402460742808e-08   0.0000000000000000e+00   0.0000000000000000e+00
0115   4.4335937500000000e-01   1.0000009393798994e+00   6.0000000081746196e-01  -1.2563681514043929e-08   0.0000000000000000e+00   0.0000000000000000e+00
0116   4.4726562500000000e-01   1.0000009476661873e+00   6.0000000082466232e-01  -1.1730399709085479e-08   0.0000000000000000e+00   0.0000000000000000e+00
0117   4.5117187500000000e-01   1.0000009553816835e+00   6.0000000083136951e-01  -1.0890057949827503e-08   0.0000000000000000e+00   0.0000000000000000e+00
0118   4.5507812500000000e-01   1.0000009625216761e+00   6.0000000083757887e-01  -1.0043160550505075e-08   0.0000000000000000e+00   0.0000000000000000e+00
0119   4.5898437500000000e-01   1.0000009690818386e+00   6.0000000084328631e-01  -9.1902166587916001e-09   0.0000000000000000e+00   0.0000000000000000e+00
0120   4.6289062500000000e-01   1.0000009750583314e+00   6.0000000084848792e-01  -8.3317384773497591e-09   0.0000000000000000e+00   0.0000000000000000e+00
0121   4.6679687500000000e-01   1.0000009804474648e+00   6.0000000085318117e-01  -7.4682421327440493e-09   0.0000000000000000e+00   0.0000000000000000e+00
0122   4.7070312500000000e-01   1.0000009852459988e+00   6.0000000085736271e-01  -6.6002472796696308e-09   0.0000000000000000e+00   0.0000000000000000e+00
0123   4.7460937500000000e-01   1.0000009894510800e+00   6.0000000086102989e-01  -5.7282748814610313e-09   0.0000000000000000e+00   0.0000000000000000e+00
0124   4.7851562500000000e-01   1.0000009930601330e+00   6.0000000086418137e-01  -4.8528558337081477e-09   0.0000000000000000e+00   0.0000000000000000e+00
0125   4.8242187500000000e-01   1.0000009960710234e+00   6.0000000086681460e-01  -3.9744978627336171e-09   0.0000000000000000e+00   0.0000000000000000e+00
0126   4.8632812500000000e-01   1.0000009984819240e+00   6.0000000086892635e-01  -3.0937868817437105e-09   0.0000000000000000e+00   0.0000000000000000e+00
0127   4.9023437500000000e-01   1.0000010002913984e+00   6.0000000087053729e-01  -2.2110914241174447e-09   0.0000000000000000e+00   0.0000000000000000e+00
0128   4.9414062500000000e-01   1.0000010014982823e+00   6.0000000087157190e-01  -1.3273627722392331e-09   0.0000000000000000e+00   0.0000000000000000e+00
0129   4.9804687500000000e-01   1.0000010021020294e+00   6.0000000087225969e-01  -4.4212320197935171e-10   0.0000000000000000e+00   0.0000000000000000e+00
0130   5.0195312500000000e-01   1.0000010021020227e+00   6.0000000087225969e-01   4.4212208430524837e-10   0.0000000000000000e+00   0.0000000000000000e+00
0131   5.0585937500000000e-01   1.0000010014982814e+00   6.0000000087157179e-01   1.3273616918208976e-09   0.0000000000000000e+00   0.0000000000000000e+00
0132   5.0976562500000000e-01   1.0000010002913697e+00   6.0000000087053718e-01   2.2110903809549495e-09   0.0000000000000000e+00   0.0000000000000000e+00
0133   5.1367187500000000e-01   1.0000009984819112e+00   6.0000000086892635e-01   3.0937857268139167e-09   0.0000000000000000e+00   0.0000000000000000e+00
0134   5.1757812500000000e-01   1.0000009960710106e+00   6.0000000086681460e-01   3.9744965587808159e-09   0.0000000000000000e+00   0.0000000000000000e+00
0135   5.2148437500000000e-01   1.0000009930601268e+00   6.0000000086418104e-01   4.8528547160340306e-09   0.0000000000000000e+00   0.0000000000000000e+00
0136   5.2539062500000000e-01   1.0000009894510511e+00   6.0000000086102956e-01   5.7282739500658119e-09   0.0000000000000000e+00   0.0000000000000000e+00
0137   5.2929687500000000e-01   1.0000009852459801e+00   6.0000000085736238e-01   6.6002464972973854e-09   0.0000000000000000e+00   0.0000000000000000e+00
0138   5.3320312500000000e-01   1.0000009804474399e+00   6.0000000085318062e-01   7.4682412013488009e-09   0.0000000000000000e+00   0.0000000000000000e+00
0139   5.3710937500000000e-01   1.0000009750583330e+00   6.0000000084848770e-01   8.3317381047905808e-09   0.0000000000000000e+00   0.0000000000000000e+00
0140   5.4101562500000000e-01   1.0000009690818454e+00   6.0000000084328564e-01   9.1902168823244022e-09   0.0000000000000000e+00   0.0000000000000000e+00
0141   5.4492187500000000e-01   1.0000009625216486e+00   6.0000000083757843e-01   1.0043161146595778e-08   0.0000000000000000e+00   0.0000000000000000e+00
0142   5.4882812500000000e-01   1.0000009553816538e+00   6.0000000083136951e-01   1.0890059030243014e-08   0.0000000000000000e+00   0.0000000000000000e+00
0143   5.5273437500000000e-01   1.0000009476662033e+00   6.0000000082466243e-01   1.1730401199314170e-08   0.0000000000000000e+00   0.0000000000000000e+00
0144   5.5664062500000000e-01   1.0000009393798908e+00   6.0000000081746185e-01   1.2563682892505193e-08   0.0000000000000000e+00   0.0000000000000000e+00
0145   5.6054687500000000e-01   1.0000009305277371e+00   6.0000000080977201e-01   1.3389404658831120e-08   0.0000000000000000e+00   0.0000000000000000e+00
0146   5.6445312500000000e-01   1.0000009211150771e+00   6.0000000080159788e-01   1.4207070080149077e-08   0.0000000000000000e+00   0.0000000000000000e+00
0147   5.6835937500000000e-01   1.0000009111475479e+00   6.0000000079294391e-01   1.5016188861265087e-08   0.0000000000000000e+00   0.0000000000000000e+00
0148   5.7226562500000000e-01   1.0000009006312256e+00   6.0000000078381599e-01   1.5816275824835237e-08   0.0000000000000000e+00   0.0000000000000000e+00
0149   5.7617187500000000e-01   1.0000008895723445e+00   6.0000000077421933e-01   1.6606851138824567e-08   0.0000000000000000e+00   0.0000000000000000e+00
0150   5.8007812500000000e-01   1.0000008779777152e+00   6.0000000076415938e-01   1.7387440398219411e-08   0.0000000000000000e+00   0.0000000000000000e+00
0151   5.8398437500000000e-01   1.0000008658541171e+00   6.0000000075364179e-01   1.8157575604362256e-08   0.0000000000000000e+00   0.0000000000000000e+00
0152   5.8789062500000000e-01   1.0000008532090385e+00   6.0000000074267246e-01   1.8916794806688590e-08   0.0000000000000000e+00   0.0000000000000000e+00
0153   5.9179687500000000e-01   1.0000008400499965e+00   6.0000000073125759e-01   1.9664642158111917e-08   0.0000000000000000e+00   0.0000000000000000e+00
0154   5.9570312500000000e-01   1.0000008263849196e+00   6.0000000071940307e-01   2.0400668533202861e-08   0.0000000000000000e+00   0.0000000000000000e+00
0155   5.9960937500000000e-01   1.0000008122221118e+00   6.0000000070711523e-01   2.1124431181867549e-08   0.0000000000000000e+00   0.0000000000000000e+00
0156   6.0351562500000000e-01   1.0000007975700382e+00   6.0000000069440074e-01   2.1835495585426261e-08   0.0000000000000000e+00   0.0000000000000000e+00
0157   6.0742187500000000e-01   1.0000007824374904e+00   6.0000000068126569e-01   2.2533432846462086e-08   0.0000000000000000e+00   0.0000000000000000e+00
0158   6.1132812500000000e-01   1.0000007668336743e+00   6.0000000066771653e-01   2.3217822150076447e-08   0.0000000000000000e+00   0.0000000000000000e+00
0159   6.1523437500000000e-01   1.0000007507679247e+00   6.0000000065376025e-01   2.3888250063200164e-08   0.0000000000000000e+00   0.0000000000000000e+00
0160   6.1914062500000000e-01   1.0000007342499158e+00   6.0000000063940329e-01   2.4544311068261907e-08   0.0000000000000000e+00   0.0000000000000000e+00
0161   6.2304687500000000e-01   1.0000007172896426e+00   6.0000000062465253e-01   2.5185606611723163e-08   0.0000000000000000e+00   0.0000000000000000e+00
0162   6.2695312500000000e-01   1.0000006998972810e+00   6.0000000060951553e-01   2.5811746802995537e-08   0.0000000000000000e+00   0.0000000000000000e+00
0163   6.3085937500000000e-01   1.0000006820833349e+00   6.0000000059399872e-01   2.6422349883390571e-08   0.0000000000000000e+00   0.0000000000000000e+00
0164   6.3476562500000000e-01   1.0000006638584897e+00   6.0000000057810976e-01   2.7017042371189796e-08   0.0000000000000000e+00   0.0000000000000000e+00
0165   6.3867187500000000e-01   1.0000006452337258e+00   6.0000000056185632e-01   2.7595459063337376e-08   0.0000000000000000e+00   0.0000000000000000e+00
0166   6.4257812500000000e-01   1.0000006262202936e+00   6.0000000054524671e-01   2.8157243601760217e-08   0.0000000000000000e+00   0.0000000000000000e+00
0167   6.4648437500000000e-01   1.0000006068296536e+00   6.0000000052828850e-01   2.8702048971090438e-08   0.0000000000000000e+00   0.0000000000000000e+00
0168   6.5039062500000000e-01   1.0000005870734234e+00   6.0000000051099101e-01   2.9229537480853466e-08   0.0000000000000000e+00   0.0000000000000000e+00
0169   6.5429687500000000e-01   1.0000005669635785e+00   6.0000000049336333e-01   2.9739380455761672e-08   0.0000000000000000e+00   0.0000000000000000e+00
0170   6.5820312500000000e-01   1.0000005465121609e+00   6.0000000047541491e-01   3.0231259757845918e-08   0.0000000000000000e+00   0.0000000000000000e+00
0171   6.6210937500000000e-01   1.0000005257315410e+00   6.0000000045715585e-01   3.0704866930595831e-08   0.0000000000000000e+00   0.0000000000000000e+00
0172   6.6601562500000000e-01   1.0000005046342135e+00   6.0000000043859736e-01   3.1159904100650726e-08   0.0000000000000000e+00   0.0000000000000000e+00
0173   6.6992187500000000e-01   1.0000004832328744e+00   6.0000000041975099e-01   3.1596084550796966e-08   0.0000000000000000e+00   0.0000000000000000e+00
0174   6.7382812500000000e-01   1.0000004615404428e+00   6.0000000040062917e-01   3.2013132554575386e-08   0.0000000000000000e+00   0.0000000000000000e+00
0175   6.7773437500000000e-01   1.0000004395699578e+00   6.0000000038124579e-01   3.2410784447154439e-08   0.0000000000000000e+00   0.0000000000000000e+00
0176   6.8164062500000000e-01   1.0000004173346977e+00   6.0000000036161516e-01   3.2788788957999890e-08   0.0000000000000000e+00   0.0000000000000000e+00
0177   6.8554687500000000e-01   1.0000003948480278e+00   6.0000000034175172e-01   3.3146905948563165e-08   0.0000000000000000e+00   0.0000000000000000e+00
0178   6.8945312500000000e-01   1.0000003721235164e+00   6.0000000032167200e-01   3.3484909180683244e-08   0.0000000000000000e+00   0.0000000000000000e+00
0179   6.9335937500000000e-01   1.0000003491748268e+00   6.0000000030139289e-01   3.3802585999939499e-08   0.0000000000000000e+00   0.0000000000000000e+00
0180   6.9726562500000000e-01   1.0000003260158068e+00   6.0000000028093381e-01   3.4099739149845999e-08   0.0000000000000000e+00   0.0000000000000000e+00
0181   7.0117187500000000e-01   1.0000003026604509e+00   6.0000000026031663e-01   3.4376188109044967e-08   0.0000000000000000e+00   0.0000000000000000e+00
0182   7.0507812500000000e-01   1.0000002791227811e+00   6.0000000023956412e-01   3.4631768237822520e-08   0.0000000000000000e+00   0.0000000000000000e+00
0183   7.0898437500000000e-01   1.0000002554170089e+00   6.0000000021869915e-01   3.4866329298726787e-08   0.0000000000000000e+00   0.0000000000000000e+00
0184   7.1289062500000000e-01   1.0000002315574235e+00   6.0000000019774224e-01   3.5079735623986255e-08   0.0000000000000000e+00   0.0000000000000000e+00
0185   7.1679687500000000e-01   1.0000002075584458e+00   6.0000000017671662e-01   3.5271863272772580e-08   0.0000000000000000e+00   0.0000000000000000e+00
0186   7.2070312500000000e-01   1.0000001834344561e+00   6.0000000015564436e-01   3.5442614408309801e-08   0.0000000000000000e+00   0.0000000000000000e+00
0187   7.2460937500000000e-01   1.0000001592000822e+00   6.0000000013458321e-01   3.5591906199604031e-08   0.0000000000000000e+00   0.0000000000000000e+00
0188   7.2851562500000000e-01   1.0000001348699097e+00   6.0000000011353849e-01   3.5719729809304897e-08   0.0000000000000000e+00   0.0000000000000000e+00
0189   7.3242187500000000e-01   1.0000001104588057e+00   6.0000000009275467e-01   3.5826034770770121e-08   0.0000000000000000e+00   0.0000000000000000e+00
0190   7.3632812500000000e-01   1.0000000859811053e+00   6.0000000007178744e-01   3.5911007950628268e-08   0.0000000000000000e+00   0.0000000000000000e+00
0191   7.4023437500000000e-01   1.0000000614531859e+00   6.0000000005240894e-01   3.5974470037706789e-08   0.0000000000000000e+00   0.0000000000000000e+00
0192   7.4414062500000000e-01   1.0000000368849964e+00   6.0000000002973153e-01   3.6016761644429950e-08   0.0000000000000000e+00   0.0000000000000000e+00
0193   7.4804687500000000e-01   1.0000000123061135e+00   6.0000000001854203e-01   3.6037937625848621e-08   0.0000000000000000e+00   0.0000000000000000e+00
0194   7.5195312500000000e-01   9.9999998769393561e-01   5.9999999998145559e-01   3.6037952029134148e-08   0.0000000000000000e+00   0.0000000000000000e+00
0195   7.5585937500000000e-01   9.9999996311500949e-01   5.9999999997026499e-01   3.6016803693263477e-08   0.0000000000000000e+00   0.0000000000000000e+00
0196   7.5976562500000000e-01   9.9999993854682090e-01   5.9999999994758835e-01   3.5974539310423816e-08   0.0000000000000000e+00   0.0000000000000000e+00
0197   7.6367187500000000e-01   9.9999991401892063e-01   5.9999999992820952e-01   3.5911104127838583e-08   0.0000000000000000e+00   0.0000000000000000e+00
0198   7.6757812500000000e-01   9.9999988954118646e-01   5.9999999990724240e-01   3.5826157189670589e-08   0.0000000000000000e+00   0.0000000000000000e+00
0199   7.7148437500000000e-01   9.9999986513011740e-01   5.9999999988645814e-01   3.5719877835897497e-08   0.0000000000000000e+00   0.0000000000000000e+00
0200   7.7539062500000000e-01   9.9999984079993920e-01   5.9999999986541341e-01   3.5592079154333990e-08   0.0000000000000000e+00   0.0000000000000000e+00
0201   7.7929687500000000e-01   9.9999981656557269e-01   5.9999999984435204e-01   3.5442811901465473e-08   0.0000000000000000e+00   0.0000000000000000e+00
0202   7.8320312500000000e-01   9.9999979244160642e-01   5.9999999982327978e-01   3.5272085018324410e-08   0.0000000000000000e+00   0.0000000000000000e+00
0203   7.8710937500000000e-01   9.9999976844259231e-01   5.9999999980225438e-01   3.5079981141702336e-08   0.0000000000000000e+00   0.0000000000000000e+00
0204   7.9101562500000000e-01   9.9999974458299545e-01   5.9999999978129748e-01   3.4866598771226372e-08   0.0000000000000000e+00   0.0000000000000000e+00
0205   7.9492187500000000e-01   9.9999972087722222e-01   5.9999999976043250e-01   3.4632060946022308e-08   0.0000000000000000e+00   0.0000000000000000e+00
0206   7.9882812500000000e-01   9.9999969733956806e-01   5.9999999973967977e-01   3.4376504034366467e-08   0.0000000000000000e+00   0.0000000000000000e+00
0207   8.0273437500000000e-01   9.9999967398418088e-01   5.9999999971906215e-01   3.4100077558716441e-08   0.0000000000000000e+00   0.0000000000000000e+00
0208   8.0664062500000000e-01   9.9999965082518194e-01   5.9999999969860263e-01   3.3802946114640984e-08   0.0000000000000000e+00   0.0000000000000000e+00
0209   8.1054687500000000e-01   9.9999962787648922e-01   5.9999999967832285e-01   3.3485290514915330e-08   0.0000000000000000e+00   0.0000000000000000e+00
0210   8.1445312500000000e-01   9.9999960515198161e-01   5.9999999965824202e-01   3.3147307599859053e-08   0.0000000000000000e+00   0.0000000000000000e+00
0211   8.1835937500000000e-01   9.9999958266531008e-01   5.9999999963837769e-01   3.2789210017836116e-08   0.0000000000000000e+00   0.0000000000000000e+00
0212   8.2226562500000000e-01   9.9999956043004989e-01   5.9999999961874551e-01   3.2411224001255181e-08   0.0000000000000000e+00   0.0000000000000000e+00
0213   8.2617187500000000e-01   9.9999953845957701e-01   5.9999999959936090e-01   3.2013589422447236e-08   0.0000000000000000e+00   0.0000000000000000e+00
0214   8.3007812500000000e-01   9.9999951676712517e-01   5.9999999958023775e-01   3.1596557323314239e-08   0.0000000000000000e+00   0.0000000000000000e+00
0215   8.3398437500000000e-01   9.9999949536581600e-01   5.9999999956138972e-01   3.1160391736492638e-08   0.0000000000000000e+00   0.0000000000000000e+00
0216   8.3789062500000000e-01   9.9999947426847113e-01   5.9999999954282990e-01   3.0705367415400327e-08   0.0000000000000000e+00   0.0000000000000000e+00
0217   8.4179687500000000e-01   9.9999945348784280e-01   5.9999999952456962e-01   3.0231772265409756e-08   0.0000000000000000e+00   0.0000000000000000e+00
0218   8.4570312500000000e-01   9.9999943303645267e-01   5.9999999950661975e-01   2.9739902852280864e-08   0.0000000000000000e+00   0.0000000000000000e+00
0219   8.4960937500000000e-01   9.9999941292656391e-01   5.9999999948899041e-01   2.9230068784189561e-08   0.0000000000000000e+00   0.0000000000000000e+00
0220   8.5351562500000000e-01   9.9999939317036957e-01   5.9999999947169147e-01   2.8702588158978959e-08   0.0000000000000000e+00   0.0000000000000000e+00
0221   8.5742187500000000e-01   9.9999937377969117e-01   5.9999999945473226e-01   2.8157789053372405e-08   0.0000000000000000e+00   0.0000000000000000e+00
0222   8.6132812500000000e-01   9.9999935476628210e-01   5.9999999943812143e-01   2.7596009416568511e-08   0.0000000000000000e+00   0.0000000000000000e+00
0223   8.6523437500000000e-01   9.9999933614151915e-01   5.9999999942186688e-01   2.7017596336791441e-08   0.0000000000000000e+00   0.0000000000000000e+00
0224   8.6914062500000000e-01   9.9999931791668373e-01   5.9999999940597692e-01   2.6422906655193409e-08   0.0000000000000000e+00   0.0000000000000000e+00
0225   8.7304687500000000e-01   9.9999930010271998e-01   5.9999999939045934e-01   2.5812304493585773e-08   0.0000000000000000e+00   0.0000000000000000e+00
0226   8.7695312500000000e-01   9.9999928271035632e-01   5.9999999937532100e-01   2.5186164190162315e-08   0.0000000000000000e+00   0.0000000000000000e+00
0227   8.8085937500000000e-01   9.9999926575005416e-01   5.9999999936056958e-01   2.4544867019294825e-08   0.0000000000000000e+00   0.0000000000000000e+00
0228   8.8476562500000000e-01   9.9999924923208672e-01   5.9999999934621162e-01   2.3888803393577876e-08   0.0000000000000000e+00   0.0000000000000000e+00
0229   8.8867187500000000e-01   9.9999923316631845e-01   5.9999999933225479e-01   2.3218371457586037e-08   0.0000000000000000e+00   0.0000000000000000e+00
0230   8.9257812500000000e-01   9.9999921756250809e-01   5.9999999931870496e-01   2.2533976916425173e-08   0.0000000000000000e+00   0.0000000000000000e+00
0231   8.9648437500000000e-01   9.9999920242998053e-01   5.9999999930556902e-01   2.1836033428374629e-08   0.0000000000000000e+00   0.0000000000000000e+00
0232   9.0039062500000000e-01   9.9999918777788410e-01   5.9999999929285375e-01   2.1124961512363334e-08   0.0000000000000000e+00   0.0000000000000000e+00
0233   9.0429687500000000e-01   9.9999917361505852e-01   5.9999999928056524e-01   2.0401190552619594e-08   0.0000000000000000e+00   0.0000000000000000e+00
0234   9.0820312500000000e-01   9.9999915994999233e-01   5.9999999926871006e-01   1.9665155256983103e-08   0.0000000000000000e+00   0.0000000000000000e+00
0235   9.1210937500000000e-01   9.9999914679093438e-01   5.9999999925729430e-01   1.8917297559189667e-08   0.0000000000000000e+00   0.0000000000000000e+00
0236   9.1601562500000000e-01   9.9999913414583286e-01   5.9999999924632408e-01   1.8158067147158946e-08   0.0000000000000000e+00   0.0000000000000000e+00
0237   9.1992187500000000e-01   9.9999912202231522e-01   5.9999999923580527e-01   1.7387919573960550e-08   0.0000000000000000e+00   0.0000000000000000e+00
0238   9.2382812500000000e-01   9.9999911042762524e-01   5.9999999922574399e-01   1.6607316645524798e-08   0.0000000000000000e+00   0.0000000000000000e+00
0239   9.2773437500000000e-01   9.9999909936877385e-01   5.9999999921614589e-01   1.5816726588792163e-08   0.0000000000000000e+00   0.0000000000000000e+00
0240   9.3164062500000000e-01   9.9999908885242705e-01   5.9999999920701619e-01   1.5016623627582169e-08   0.0000000000000000e+00   0.0000000000000000e+00
0241   9.3554687500000000e-01   9.9999907888490469e-01   5.9999999919836133e-01   1.4207487524838645e-08   0.0000000000000000e+00   0.0000000000000000e+00
0242   9.3945312500000000e-01   9.9999906947224637e-01   5.9999999919018543e-01   1.3389803389127534e-08   0.0000000000000000e+00   0.0000000000000000e+00
0243   9.4335937500000000e-01   9.9999906062011668e-01   5.9999999918249391e-01   1.2564062117775308e-08   0.0000000000000000e+00   0.0000000000000000e+00
0244   9.4726562500000000e-01   9.9999905233378805e-01   5.9999999917529190e-01   1.1730759278371083e-08   0.0000000000000000e+00   0.0000000000000000e+00
0245   9.5117187500000000e-01   9.9999904461832034e-01   5.9999999916858349e-01   1.0890394924593739e-08   0.0000000000000000e+00   0.0000000000000000e+00
0246   9.5507812500000000e-01   9.9999903747834418e-01   5.9999999916237312e-01   1.0043473936375603e-08   0.0000000000000000e+00   0.0000000000000000e+00
0247   9.5898437500000000e-01   9.9999903091813103e-01   5.9999999915666447e-01   9.1905054312374043e-09   0.0000000000000000e+00   0.0000000000000000e+00
0248   9.6289062500000000e-01   9.9999902494167769e-01   5.9999999915146129e-01   8.3320021034945474e-09   0.0000000000000000e+00   0.0000000000000000e+00
0249   9.6679687500000000e-01   9.9999901955253090e-01   5.9999999914676705e-01   7.4684797891981315e-09   0.0000000000000000e+00   0.0000000000000000e+00
0250   9.7070312500000000e-01   9.9999901475397845e-01   5.9999999914258451e-01   6.6004583743018063e-09   0.0000000000000000e+00   0.0000000000000000e+00
0251   9.7460937500000000e-01   9.9999901054889373e-01   5.9999999913891633e-01   5.7284588300311362e-09   0.0000000000000000e+00   0.0000000000000000e+00
0252   9.7851562500000000e-01   9.9999900693984689e-01   5.9999999913576396e-01   4.8530120227764159e-09   0.0000000000000000e+00   0.0000000000000000e+00
0253   9.8242187500000000e-01   9.9999900392894348e-01   5.9999999913312996e-01   3.9746257615104579e-09   0.0000000000000000e+00   0.0000000000000000e+00
0254   9.8632812500000000e-01   9.9999900151804733e-01   5.9999999913101798e-01   3.0938867502135480e-09   0.0000000000000000e+00   0.0000000000000000e+00
0255   9.9023437500000000e-01   9.9999899970858419e-01   5.9999999912940660e-01   2.2111630832520739e-09   0.0000000000000000e+00   0.0000000000000000e+00
0256   9.9414062500000000e-01   9.9999899850170959e-01   5.9999999912837187e-01   1.3274060523021293e-09   0.0000000000000000e+00   0.0000000000000000e+00
0257   9.9804687500000000e-01   9.9999899789791569e-01   5.9999999912768387e-01   4.4213827501730054e-10   0.0000000000000000e+00   0.0000000000000000e+00
