# Athena++ data at time=6.575192e+01  cycle=33665  variables=prim 
# i       x1v         rho          press          vel1         vel2         vel3     
0002   1.9531250000000000e-03   9.9999903484166974e-01   6.0000003607146757e-01  -1.8585670496596577e-11   0.0000000000000000e+00   0.0000000000000000e+00
0003   5.8593750000000000e-03   9.9999903542354718e-01   6.0000003605024610e-01  -2.9746820490130841e-11   0.0000000000000000e+00   0.0000000000000000e+00
0004   9.7656250000000000e-03   9.9999903658698563e-01   6.0000003600784324e-01  -5.2443397935272127e-11   0.0000000000000000e+00   0.0000000000000000e+00
0005   1.3671875000000000e-02   9.9999903833121184e-01   6.0000003594421047e-01  -7.1822015355338099e-11   0.0000000000000000e+00   0.0000000000000000e+00
0006   1.7578125000000000e-02   9.9999904065478762e-01   6.0000003585900630e-01  -9.2789042400245789e-11   0.0000000000000000e+00   0.0000000000000000e+00
0007   2.1484375000000000e-02   9.9999904355645797e-01   6.0000003575241501e-01  -1.1356293816697801e-10   0.0000000000000000e+00   0.0000000000000000e+00
0008   2.5390625000000000e-02   9.9999904703421172e-01   6.0000003562425175e-01  -1.3458950890572831e-10   0.0000000000000000e+00   0.0000000000000000e+00
0009   2.9296875000000000e-02   9.9999905108592813e-01   6.0000003547457192e-01  -1.5562233473500766e-10   0.0000000000000000e+00   0.0000000000000000e+00
0010   3.3203125000000000e-02   9.9999905570913505e-01   6.0000003530338886e-01  -1.7665425660128085e-10   0.0000000000000000e+00   0.0000000000000000e+00
0011   3.7109375000000000e-02   9.9999906090097357e-01   6.0000003511079092e-01  -1.9762758162344519e-10   0.0000000000000000e+00   0.0000000000000000e+00
0012   4.1015625000000000e-02   9.9999906665832550e-01   6.0000003489688158e-01  -2.1851915788144134e-10   0.0000000000000000e+00   0.0000000000000000e+00
0013   4.4921875000000000e-02   9.9999907297771584e-01   6.0000003466178986e-01  -2.3930634400589287e-10   0.0000000000000000e+00   0.0000000000000000e+00
0014   4.8828125000000000e-02   9.9999907985536607e-01   6.0000003440565763e-01  -2.5996822458985845e-10   0.0000000000000000e+00   0.0000000000000000e+00
0015   5.2734375000000000e-02   9.9999908728711562e-01   6.0000003412864100e-01  -2.8048328831285504e-10   0.0000000000000000e+00   0.0000000000000000e+00
0016   5.6640625000000000e-02   9.9999909526848907e-01   6.0000003383090983e-01  -3.0082889654373065e-10   0.0000000000000000e+00   0.0000000000000000e+00
0017   6.0546875000000000e-02   9.9999910379468826e-01   6.0000003351264974e-01  -3.2098462893118588e-10   0.0000000000000000e+00   0.0000000000000000e+00
0018   6.4453125000000000e-02   9.9999911286058596e-01   6.0000003317406281e-01  -3.4093198049524969e-10   0.0000000000000000e+00   0.0000000000000000e+00
0019   6.8359375000000000e-02   9.9999912246073630e-01   6.0000003281536551e-01  -3.6065503011833078e-10   0.0000000000000000e+00   0.0000000000000000e+00
0020   7.2265625000000000e-02   9.9999913258938988e-01   6.0000003243678890e-01  -3.8013954722561328e-10   0.0000000000000000e+00   0.0000000000000000e+00
0021   7.6171875000000000e-02   9.9999914324041372e-01   6.0000003203857488e-01  -3.9937202706368851e-10   0.0000000000000000e+00   0.0000000000000000e+00
0022   8.0078125000000000e-02   9.9999915440745013e-01   6.0000003162097781e-01  -4.1833958615024524e-10   0.0000000000000000e+00   0.0000000000000000e+00
0023   8.3984375000000000e-02   9.9999916608376704e-01   6.0000003118426359e-01  -4.3703034551495087e-10   0.0000000000000000e+00   0.0000000000000000e+00
0024   8.7890625000000000e-02   9.9999917826233164e-01   6.0000003072870844e-01  -4.5543333324820327e-10   0.0000000000000000e+00   0.0000000000000000e+00
0025   9.1796875000000000e-02   9.9999919093585787e-01   6.0000003025460014e-01  -4.7353850262471505e-10   0.0000000000000000e+00   0.0000000000000000e+00
0026   9.5703125000000000e-02   9.9999920409669052e-01   6.0000002976223621e-01  -4.9133619536778724e-10   0.0000000000000000e+00   0.0000000000000000e+00
0027   9.9609375000000000e-02   9.9999921773694611e-01   6.0000002925192419e-01  -5.0881750319326793e-10   0.0000000000000000e+00   0.0000000000000000e+00
0028   1.0351562500000000e-01   9.9999923184838257e-01   6.0000002872398184e-01  -5.2597422384538170e-10   0.0000000000000000e+00   0.0000000000000000e+00
0029   1.0742187500000000e-01   9.9999924642251770e-01   6.0000002817873532e-01  -5.4279789020411657e-10   0.0000000000000000e+00   0.0000000000000000e+00
0030   1.1132812500000000e-01   9.9999926145057616e-01   6.0000002761652083e-01  -5.5928036876297192e-10   0.0000000000000000e+00   0.0000000000000000e+00
0031   1.1523437500000000e-01   9.9999927692354196e-01   6.0000002703768285e-01  -5.7541450014185927e-10   0.0000000000000000e+00   0.0000000000000000e+00
0032   1.1914062500000000e-01   9.9999929283206668e-01   6.0000002644257544e-01  -5.9119224839397817e-10   0.0000000000000000e+00   0.0000000000000000e+00
0033   1.2304687500000000e-01   9.9999930916659141e-01   6.0000002583156042e-01  -6.0660658098067463e-10   0.0000000000000000e+00   0.0000000000000000e+00
0034   1.2695312500000000e-01   9.9999932591726926e-01   6.0000002520500861e-01  -6.2165011271550770e-10   0.0000000000000000e+00   0.0000000000000000e+00
0035   1.3085937500000000e-01   9.9999934307402527e-01   6.0000002456329904e-01  -6.3631531983089840e-10   0.0000000000000000e+00   0.0000000000000000e+00
0036   1.3476562500000000e-01   9.9999936062649286e-01   6.0000002390681917e-01  -6.5059487132558785e-10   0.0000000000000000e+00   0.0000000000000000e+00
0037   1.3867187500000000e-01   9.9999937856413057e-01   6.0000002323596446e-01  -6.6448222674976012e-10   0.0000000000000000e+00   0.0000000000000000e+00
0038   1.4257812500000000e-01   9.9999939687612993e-01   6.0000002255113849e-01  -6.7796944559529934e-10   0.0000000000000000e+00   0.0000000000000000e+00
0039   1.4648437500000000e-01   9.9999941555143268e-01   6.0000002185275203e-01  -6.9104995762086926e-10   0.0000000000000000e+00   0.0000000000000000e+00
0040   1.5039062500000000e-01   9.9999943457882901e-01   6.0000002114122464e-01  -7.0371627242556203e-10   0.0000000000000000e+00   0.0000000000000000e+00
0041   1.5429687500000000e-01   9.9999945394681677e-01   6.0000002041698275e-01  -7.1596138351793124e-10   0.0000000000000000e+00   0.0000000000000000e+00
0042   1.5820312500000000e-01   9.9999947364375119e-01   6.0000001968046035e-01  -7.2777839038510966e-10   0.0000000000000000e+00   0.0000000000000000e+00
0043   1.6210937500000000e-01   9.9999949365775986e-01   6.0000001893209931e-01  -7.3916027598556693e-10   0.0000000000000000e+00   0.0000000000000000e+00
0044   1.6601562500000000e-01   9.9999951397678410e-01   6.0000001817234727e-01  -7.5010077117203163e-10   0.0000000000000000e+00   0.0000000000000000e+00
0045   1.6992187500000000e-01   9.9999953458859436e-01   6.0000001740166042e-01  -7.6059231978067859e-10   0.0000000000000000e+00   0.0000000000000000e+00
0046   1.7382812500000000e-01   9.9999955548073227e-01   6.0000001662050029e-01  -7.7062967606570740e-10   0.0000000000000000e+00   0.0000000000000000e+00
0047   1.7773437500000000e-01   9.9999957664065964e-01   6.0000001582933538e-01  -7.8020564798255529e-10   0.0000000000000000e+00   0.0000000000000000e+00
0048   1.8164062500000000e-01   9.9999959805559224e-01   6.0000001502864031e-01  -7.8931482013338794e-10   0.0000000000000000e+00   0.0000000000000000e+00
0049   1.8554687500000000e-01   9.9999961971267193e-01   6.0000001421889604e-01  -7.9795132278547974e-10   0.0000000000000000e+00   0.0000000000000000e+00
0050   1.8945312500000000e-01   9.9999964159881005e-01   6.0000001340058873e-01  -8.0610951394747009e-10   0.0000000000000000e+00   0.0000000000000000e+00
0051   1.9335937500000000e-01   9.9999966370081939e-01   6.0000001257420976e-01  -8.1378466861366678e-10   0.0000000000000000e+00   0.0000000000000000e+00
0052   1.9726562500000000e-01   9.9999968600541056e-01   6.0000001174025608e-01  -8.2097117913757549e-10   0.0000000000000000e+00   0.0000000000000000e+00
0053   2.0117187500000000e-01   9.9999970849914177e-01   6.0000001089922905e-01  -8.2766545715854437e-10   0.0000000000000000e+00   0.0000000000000000e+00
0054   2.0507812500000000e-01   9.9999973116846885e-01   6.0000001005163461e-01  -8.3386221140072632e-10   0.0000000000000000e+00   0.0000000000000000e+00
0055   2.0898437500000000e-01   9.9999975399972485e-01   6.0000000919798291e-01  -8.3955866842680423e-10   0.0000000000000000e+00   0.0000000000000000e+00
0056   2.1289062500000000e-01   9.9999977697915166e-01   6.0000000833878786e-01  -8.4475015756832370e-10   0.0000000000000000e+00   0.0000000000000000e+00
0057   2.1679687500000000e-01   9.9999980009292855e-01   6.0000000747456672e-01  -8.4943449580697279e-10   0.0000000000000000e+00   0.0000000000000000e+00
0058   2.2070312500000000e-01   9.9999982332708015e-01   6.0000000660584074e-01  -8.5360829580059923e-10   0.0000000000000000e+00   0.0000000000000000e+00
0059   2.2460937500000000e-01   9.9999984666768094e-01   6.0000000573313084e-01  -8.5726942873685490e-10   0.0000000000000000e+00   0.0000000000000000e+00
0060   2.2851562500000000e-01   9.9999987010066149e-01   6.0000000485696992e-01  -8.6041636559447315e-10   0.0000000000000000e+00   0.0000000000000000e+00
0061   2.3242187500000000e-01   9.9999989361184849e-01   6.0000000397786646e-01  -8.6304715316747077e-10   0.0000000000000000e+00   0.0000000000000000e+00
0062   2.3632812500000000e-01   9.9999991718717307e-01   6.0000000309640722e-01  -8.6515810089941018e-10   0.0000000000000000e+00   0.0000000000000000e+00
0063   2.4023437500000000e-01   9.9999994081223587e-01   6.0000000221296312e-01  -8.6677041510057305e-10   0.0000000000000000e+00   0.0000000000000000e+00
0064   2.4414062500000000e-01   9.9999996447327388e-01   6.0000000132847964e-01  -8.6780923752675484e-10   0.0000000000000000e+00   0.0000000000000000e+00
0065   2.4804687500000000e-01   9.9999998815499225e-01   6.0000000044249813e-01  -8.6850289196560964e-10   0.0000000000000000e+00   0.0000000000000000e+00
0066   2.5195312500000000e-01   1.0000000118451016e+00   5.9999999955748340e-01  -8.6851185757135165e-10   0.0000000000000000e+00   0.0000000000000000e+00
0067   2.5585937500000000e-01   1.0000000355268024e+00   5.9999999867150222e-01  -8.6783568947196833e-10   0.0000000000000000e+00   0.0000000000000000e+00
0068   2.5976562500000000e-01   1.0000000591878291e+00   5.9999999778701885e-01  -8.6681480700052352e-10   0.0000000000000000e+00   0.0000000000000000e+00
0069   2.6367187500000000e-01   1.0000000828129054e+00   5.9999999690357397e-01  -8.6522014561458564e-10   0.0000000000000000e+00   0.0000000000000000e+00
0070   2.6757812500000000e-01   1.0000001063882147e+00   5.9999999602211440e-01  -8.6312641885238241e-10   0.0000000000000000e+00   0.0000000000000000e+00
0071   2.7148437500000000e-01   1.0000001298994139e+00   5.9999999514301106e-01  -8.6051365413356988e-10   0.0000000000000000e+00   0.0000000000000000e+00
0072   2.7539062500000000e-01   1.0000001533323819e+00   5.9999999426685036e-01  -8.5738424230149549e-10   0.0000000000000000e+00   0.0000000000000000e+00
0073   2.7929687500000000e-01   1.0000001766729703e+00   5.9999999339414056e-01  -8.5374043878944080e-10   0.0000000000000000e+00   0.0000000000000000e+00
0074   2.8320312500000000e-01   1.0000001999071617e+00   5.9999999252541458e-01  -8.4958303162039546e-10   0.0000000000000000e+00   0.0000000000000000e+00
0075   2.8710937500000000e-01   1.0000002230209082e+00   5.9999999166119344e-01  -8.4491553210718156e-10   0.0000000000000000e+00   0.0000000000000000e+00
0076   2.9101562500000000e-01   1.0000002460003408e+00   5.9999999080199851e-01  -8.3973995307909941e-10   0.0000000000000000e+00   0.0000000000000000e+00
0077   2.9492187500000000e-01   1.0000002688315874e+00   5.9999998994834713e-01  -8.3405956182877010e-10   0.0000000000000000e+00   0.0000000000000000e+00
0078   2.9882812500000000e-01   1.0000002915009338e+00   5.9999998910075270e-01  -8.2787750528378973e-10   0.0000000000000000e+00   0.0000000000000000e+00
0079   3.0273437500000000e-01   1.0000003139946430e+00   5.9999998825972589e-01  -8.2119752916881498e-10   0.0000000000000000e+00   0.0000000000000000e+00
0080   3.0664062500000000e-01   1.0000003362992143e+00   5.9999998742577221e-01  -8.1402436943059986e-10   0.0000000000000000e+00   0.0000000000000000e+00
0081   3.1054687500000000e-01   1.0000003584012773e+00   5.9999998659939335e-01  -8.0636187860018303e-10   0.0000000000000000e+00   0.0000000000000000e+00
0082   3.1445312500000000e-01   1.0000003802873929e+00   5.9999998578108615e-01  -7.9821570481745877e-10   0.0000000000000000e+00   0.0000000000000000e+00
0083   3.1835937500000000e-01   1.0000004019444384e+00   5.9999998497134166e-01  -7.8959012910908587e-10   0.0000000000000000e+00   0.0000000000000000e+00
0084   3.2226562500000000e-01   1.0000004233593758e+00   5.9999998417064682e-01  -7.8049105719269627e-10   0.0000000000000000e+00   0.0000000000000000e+00
0085   3.2617187500000000e-01   1.0000004445193127e+00   5.9999998337948190e-01  -7.7092395175824485e-10   0.0000000000000000e+00   0.0000000000000000e+00
0086   3.3007812500000000e-01   1.0000004654114696e+00   5.9999998259832177e-01  -7.6089493866726451e-10   0.0000000000000000e+00   0.0000000000000000e+00
0087   3.3398437500000000e-01   1.0000004860232705e+00   5.9999998182763459e-01  -7.5041050453305042e-10   0.0000000000000000e+00   0.0000000000000000e+00
0088   3.3789062500000000e-01   1.0000005063422548e+00   5.9999998106788233e-01  -7.3947694050848140e-10   0.0000000000000000e+00   0.0000000000000000e+00
0089   3.4179687500000000e-01   1.0000005263562706e+00   5.9999998031952051e-01  -7.2810098519161829e-10   0.0000000000000000e+00   0.0000000000000000e+00
0090   3.4570312500000000e-01   1.0000005460532226e+00   5.9999997958299767e-01  -7.1628969196933380e-10   0.0000000000000000e+00   0.0000000000000000e+00
0091   3.4960937500000000e-01   1.0000005654211956e+00   5.9999997885875500e-01  -7.0404903639407148e-10   0.0000000000000000e+00   0.0000000000000000e+00
0092   3.5351562500000000e-01   1.0000005844485820e+00   5.9999997814722683e-01  -6.9138748519283151e-10   0.0000000000000000e+00   0.0000000000000000e+00
0093   3.5742187500000000e-01   1.0000006031239062e+00   5.9999997744883993e-01  -6.7831100296620807e-10   0.0000000000000000e+00   0.0000000000000000e+00
0094   3.6132812500000000e-01   1.0000006214358832e+00   5.9999997676401318e-01  -6.6482674587478035e-10   0.0000000000000000e+00   0.0000000000000000e+00
0095   3.6523437500000000e-01   1.0000006393735290e+00   5.9999997609315781e-01  -6.5094203013087225e-10   0.0000000000000000e+00   0.0000000000000000e+00
0096   3.6914062500000000e-01   1.0000006569259841e+00   5.9999997543667749e-01  -6.3666386549005623e-10   0.0000000000000000e+00   0.0000000000000000e+00
0097   3.7304687500000000e-01   1.0000006740827405e+00   5.9999997479496747e-01  -6.2199968697131229e-10   0.0000000000000000e+00   0.0000000000000000e+00
0098   3.7695312500000000e-01   1.0000006908334098e+00   5.9999997416841511e-01  -6.0695641597973422e-10   0.0000000000000000e+00   0.0000000000000000e+00
0099   3.8085937500000000e-01   1.0000007071679320e+00   5.9999997355739965e-01  -5.9154194884404912e-10   0.0000000000000000e+00   0.0000000000000000e+00
0100   3.8476562500000000e-01   1.0000007230764507e+00   5.9999997296229146e-01  -5.7576311170170737e-10   0.0000000000000000e+00   0.0000000000000000e+00
0101   3.8867187500000000e-01   1.0000007385494025e+00   5.9999997238345293e-01  -5.5962723471479696e-10   0.0000000000000000e+00   0.0000000000000000e+00
0102   3.9257812500000000e-01   1.0000007535774842e+00   5.9999997182123788e-01  -5.4314164533208937e-10   0.0000000000000000e+00   0.0000000000000000e+00
0103   3.9648437500000000e-01   1.0000007681516057e+00   5.9999997127599103e-01  -5.2631424720165329e-10   0.0000000000000000e+00   0.0000000000000000e+00
0104   4.0039062500000000e-01   1.0000007822630272e+00   5.9999997074804845e-01  -5.0915335905119232e-10   0.0000000000000000e+00   0.0000000000000000e+00
0105   4.0429687500000000e-01   1.0000007959032851e+00   5.9999997023773644e-01  -4.9166685064375160e-10   0.0000000000000000e+00   0.0000000000000000e+00
0106   4.0820312500000000e-01   1.0000008090641015e+00   5.9999996974537206e-01  -4.7386303453495123e-10   0.0000000000000000e+00   0.0000000000000000e+00
0107   4.1210937500000000e-01   1.0000008217376262e+00   5.9999996927126353e-01  -4.5575066831788205e-10   0.0000000000000000e+00   0.0000000000000000e+00
0108   4.1601562500000000e-01   1.0000008339161983e+00   5.9999996881570838e-01  -4.3733944565985389e-10   0.0000000000000000e+00   0.0000000000000000e+00
0109   4.1992187500000000e-01   1.0000008455925267e+00   5.9999996837899405e-01  -4.1863896415857353e-10   0.0000000000000000e+00   0.0000000000000000e+00
0110   4.2382812500000000e-01   1.0000008567595595e+00   5.9999996796139721e-01  -3.9966123664001234e-10   0.0000000000000000e+00   0.0000000000000000e+00
0111   4.2773437500000000e-01   1.0000008674105663e+00   5.9999996756318341e-01  -3.8041795336751305e-10   0.0000000000000000e+00   0.0000000000000000e+00
0112   4.3164062500000000e-01   1.0000008775391978e+00   5.9999996718460646e-01  -3.6092199521801335e-10   0.0000000000000000e+00   0.0000000000000000e+00
0113   4.3554687500000000e-01   1.0000008871393526e+00   5.9999996682590917e-01  -3.4118600728707362e-10   0.0000000000000000e+00   0.0000000000000000e+00
0114   4.3945312500000000e-01   1.0000008962052773e+00   5.9999996648732201e-01  -3.2122544664984219e-10   0.0000000000000000e+00   0.0000000000000000e+00
0115   4.4335937500000000e-01   1.0000009047314424e+00   5.9999996616906182e-01  -3.0105608230293700e-10   0.0000000000000000e+00   0.0000000000000000e+00
0116   4.4726562500000000e-01   1.0000009127128289e+00   5.9999996587133031e-01  -2.8069581988385496e-10   0.0000000000000000e+00   0.0000000000000000e+00
0117   4.5117187500000000e-01   1.0000009201445870e+00   5.9999996559431379e-01  -2.6016582146432954e-10   0.0000000000000000e+00   0.0000000000000000e+00
0118   4.5507812500000000e-01   1.0000009270222403e+00   5.9999996533818167e-01  -2.3948808879653093e-10   0.0000000000000000e+00   0.0000000000000000e+00
0119   4.5898437500000000e-01   1.0000009333416153e+00   5.9999996510308962e-01  -2.1868547075490116e-10   0.0000000000000000e+00   0.0000000000000000e+00
0120   4.6289062500000000e-01   1.0000009390989739e+00   5.9999996488917973e-01  -1.9777761228433701e-10   0.0000000000000000e+00   0.0000000000000000e+00
0121   4.6679687500000000e-01   1.0000009442908318e+00   5.9999996469658134e-01  -1.7678800776054753e-10   0.0000000000000000e+00   0.0000000000000000e+00
0122   4.7070312500000000e-01   1.0000009489139925e+00   5.9999996452539828e-01  -1.5573961885172572e-10   0.0000000000000000e+00   0.0000000000000000e+00
0123   4.7460937500000000e-01   1.0000009529657212e+00   5.9999996437571834e-01  -1.3469061863773194e-10   0.0000000000000000e+00   0.0000000000000000e+00
0124   4.7851562500000000e-01   1.0000009564434709e+00   5.9999996424755453e-01  -1.1364808755324855e-10   0.0000000000000000e+00   0.0000000000000000e+00
0125   4.8242187500000000e-01   1.0000009593451278e+00   5.9999996414096246e-01  -9.2857658476098169e-11   0.0000000000000000e+00   0.0000000000000000e+00
0126   4.8632812500000000e-01   1.0000009616687147e+00   5.9999996405575795e-01  -7.1875012023856203e-11   0.0000000000000000e+00   0.0000000000000000e+00
0127   4.9023437500000000e-01   1.0000009634129570e+00   5.9999996399212463e-01  -5.2480712757525491e-11   0.0000000000000000e+00   0.0000000000000000e+00
0128   4.9414062500000000e-01   1.0000009645763881e+00   5.9999996394972099e-01  -2.9769066786551577e-11   0.0000000000000000e+00   0.0000000000000000e+00
0129   4.9804687500000000e-01   1.0000009651582451e+00   5.9999996392849864e-01  -1.8592758005132701e-11   0.0000000000000000e+00   0.0000000000000000e+00
0130   5.0195312500000000e-01   1.0000009651582351e+00   5.9999996392849841e-01   1.8591901122254547e-11   0.0000000000000000e+00   0.0000000000000000e+00
0131   5.0585937500000000e-01   1.0000009645763814e+00   5.9999996394972055e-01   2.9768321670938012e-11   0.0000000000000000e+00   0.0000000000000000e+00
0132   5.0976562500000000e-01   1.0000009634129339e+00   5.9999996399212374e-01   5.2480116664925308e-11   0.0000000000000000e+00   0.0000000000000000e+00
0133   5.1367187500000000e-01   1.0000009616687067e+00   5.9999996405575706e-01   7.1874304163988372e-11   0.0000000000000000e+00   0.0000000000000000e+00
0134   5.1757812500000000e-01   1.0000009593451189e+00   5.9999996414096146e-01   9.2856652570250090e-11   0.0000000000000000e+00   0.0000000000000000e+00
0135   5.2148437500000000e-01   1.0000009564434753e+00   5.9999996424755342e-01   1.1364696988003998e-10   0.0000000000000000e+00   0.0000000000000000e+00
0136   5.2539062500000000e-01   1.0000009529657041e+00   5.9999996437571734e-01   1.3468964998759745e-10   0.0000000000000000e+00   0.0000000000000000e+00
0137   5.2929687500000000e-01   1.0000009489139685e+00   5.9999996452539761e-01   1.5573887373607232e-10   0.0000000000000000e+00   0.0000000000000000e+00
0138   5.3320312500000000e-01   1.0000009442908075e+00   5.9999996469658101e-01   1.7678737441208870e-10   0.0000000000000000e+00   0.0000000000000000e+00
0139   5.3710937500000000e-01   1.0000009390989908e+00   5.9999996488917939e-01   1.9777686716867719e-10   0.0000000000000000e+00   0.0000000000000000e+00
0140   5.4101562500000000e-01   1.0000009333416200e+00   5.9999996510308884e-01   2.1868476289498077e-10   0.0000000000000000e+00   0.0000000000000000e+00
0141   5.4492187500000000e-01   1.0000009270222099e+00   5.9999996533818045e-01   2.3948767898259822e-10   0.0000000000000000e+00   0.0000000000000000e+00
0142   5.4882812500000000e-01   1.0000009201445796e+00   5.9999996559431279e-01   2.6016529988312630e-10   0.0000000000000000e+00   0.0000000000000000e+00
0143   5.5273437500000000e-01   1.0000009127128309e+00   5.9999996587132975e-01   2.8069563360468844e-10   0.0000000000000000e+00   0.0000000000000000e+00
0144   5.5664062500000000e-01   1.0000009047314602e+00   5.9999996616906148e-01   3.0105578425629854e-10   0.0000000000000000e+00   0.0000000000000000e+00
0145   5.6054687500000000e-01   1.0000008962052538e+00   5.9999996648732146e-01   3.2122581920697598e-10   0.0000000000000000e+00   0.0000000000000000e+00
0146   5.6445312500000000e-01   1.0000008871393560e+00   5.9999996682590861e-01   3.4118649161127552e-10   0.0000000000000000e+00   0.0000000000000000e+00
0147   5.6835937500000000e-01   1.0000008775391886e+00   5.9999996718460591e-01   3.6092244228647419e-10   0.0000000000000000e+00   0.0000000000000000e+00
0148   5.7226562500000000e-01   1.0000008674105709e+00   5.9999996756318275e-01   3.8041877299353295e-10   0.0000000000000000e+00   0.0000000000000000e+00
0149   5.7617187500000000e-01   1.0000008567595200e+00   5.9999996796139676e-01   3.9966209352183090e-10   0.0000000000000000e+00   0.0000000000000000e+00
0150   5.8007812500000000e-01   1.0000008455925269e+00   5.9999996837899372e-01   4.1863982104039499e-10   0.0000000000000000e+00   0.0000000000000000e+00
0151   5.8398437500000000e-01   1.0000008339161826e+00   5.9999996881570794e-01   4.3733933389189923e-10   0.0000000000000000e+00   0.0000000000000000e+00
0152   5.8789062500000000e-01   1.0000008217375962e+00   5.9999996927126309e-01   4.5575074282897790e-10   0.0000000000000000e+00   0.0000000000000000e+00
0153   5.9179687500000000e-01   1.0000008090640997e+00   5.9999996974537173e-01   4.7386340709208486e-10   0.0000000000000000e+00   0.0000000000000000e+00
0154   5.9570312500000000e-01   1.0000007959032511e+00   5.9999997023773644e-01   4.9166729771234205e-10   0.0000000000000000e+00   0.0000000000000000e+00
0155   5.9960937500000000e-01   1.0000007822630321e+00   5.9999997074804856e-01   5.0915402965411361e-10   0.0000000000000000e+00   0.0000000000000000e+00
0156   6.0351562500000000e-01   1.0000007681516105e+00   5.9999997127599147e-01   5.2631510408343116e-10   0.0000000000000000e+00   0.0000000000000000e+00
0157   6.0742187500000000e-01   1.0000007535774786e+00   5.9999997182123843e-01   5.4314194337772772e-10   0.0000000000000000e+00   0.0000000000000000e+00
0158   6.1132812500000000e-01   1.0000007385494001e+00   5.9999997238345315e-01   5.5962689941240812e-10   0.0000000000000000e+00   0.0000000000000000e+00
0159   6.1523437500000000e-01   1.0000007230764563e+00   5.9999997296229146e-01   5.7576292542252819e-10   0.0000000000000000e+00   0.0000000000000000e+00
0160   6.1914062500000000e-01   1.0000007071678987e+00   5.9999997355739954e-01   5.9154202335481038e-10   0.0000000000000000e+00   0.0000000000000000e+00
0161   6.2304687500000000e-01   1.0000006908333989e+00   5.9999997416841511e-01   6.0695652774660801e-10   0.0000000000000000e+00   0.0000000000000000e+00
0162   6.2695312500000000e-01   1.0000006740827301e+00   5.9999997479496747e-01   6.2199950069186055e-10   0.0000000000000000e+00   0.0000000000000000e+00
0163   6.3085937500000000e-01   1.0000006569260138e+00   5.9999997543667727e-01   6.3666386548948175e-10   0.0000000000000000e+00   0.0000000000000000e+00
0164   6.3476562500000000e-01   1.0000006393735257e+00   5.9999997609315758e-01   6.5094165757278674e-10   0.0000000000000000e+00   0.0000000000000000e+00
0165   6.3867187500000000e-01   1.0000006214358885e+00   5.9999997676401273e-01   6.6482652233985756e-10   0.0000000000000000e+00   0.0000000000000000e+00
0166   6.4257812500000000e-01   1.0000006031239010e+00   5.9999997744883937e-01   6.7831074217562077e-10   0.0000000000000000e+00   0.0000000000000000e+00
0167   6.4648437500000000e-01   1.0000005844485951e+00   5.9999997814722639e-01   6.9138744793644167e-10   0.0000000000000000e+00   0.0000000000000000e+00
0168   6.5039062500000000e-01   1.0000005654211923e+00   5.9999997885875456e-01   7.0404974425277577e-10   0.0000000000000000e+00   0.0000000000000000e+00
0169   6.5429687500000000e-01   1.0000005460532095e+00   5.9999997958299700e-01   7.1628999001497938e-10   0.0000000000000000e+00   0.0000000000000000e+00
0170   6.5820312500000000e-01   1.0000005263562799e+00   5.9999998031951995e-01   7.2810154402769288e-10   0.0000000000000000e+00   0.0000000000000000e+00
0171   6.6210937500000000e-01   1.0000005063422832e+00   5.9999998106788166e-01   7.3947772287930300e-10   0.0000000000000000e+00   0.0000000000000000e+00
0172   6.6601562500000000e-01   1.0000004860232687e+00   5.9999998182763392e-01   7.5041098885733235e-10   0.0000000000000000e+00   0.0000000000000000e+00
0173   6.6992187500000000e-01   1.0000004654114658e+00   5.9999998259832099e-01   7.6089531122482528e-10   0.0000000000000000e+00   0.0000000000000000e+00
0174   6.7382812500000000e-01   1.0000004445193158e+00   5.9999998337948135e-01   7.7092402626887614e-10   0.0000000000000000e+00   0.0000000000000000e+00
0175   6.7773437500000000e-01   1.0000004233593904e+00   5.9999998417064637e-01   7.8049161602918972e-10   0.0000000000000000e+00   0.0000000000000000e+00
0176   6.8164062500000000e-01   1.0000004019444477e+00   5.9999998497134110e-01   7.8959065068985422e-10   0.0000000000000000e+00   0.0000000000000000e+00
0177   6.8554687500000000e-01   1.0000003802873834e+00   5.9999998578108504e-01   7.9821652444438960e-10   0.0000000000000000e+00   0.0000000000000000e+00
0178   6.8945312500000000e-01   1.0000003584012691e+00   5.9999998659939224e-01   8.0636307078495400e-10   0.0000000000000000e+00   0.0000000000000000e+00
0179   6.9335937500000000e-01   1.0000003362992358e+00   5.9999998742577099e-01   8.1402556161511802e-10   0.0000000000000000e+00   0.0000000000000000e+00
0180   6.9726562500000000e-01   1.0000003139946338e+00   5.9999998825972456e-01   8.2119887037622578e-10   0.0000000000000000e+00   0.0000000000000000e+00
0181   7.0117187500000000e-01   1.0000002915009183e+00   5.9999998910075147e-01   8.2787884649157473e-10   0.0000000000000000e+00   0.0000000000000000e+00
0182   7.0507812500000000e-01   1.0000002688316083e+00   5.9999998994834569e-01   8.3406101480378292e-10   0.0000000000000000e+00   0.0000000000000000e+00
0183   7.0898437500000000e-01   1.0000002460003461e+00   5.9999999080199762e-01   8.3974177861260864e-10   0.0000000000000000e+00   0.0000000000000000e+00
0184   7.1289062500000000e-01   1.0000002230209086e+00   5.9999999166119256e-01   8.4491739489575445e-10   0.0000000000000000e+00   0.0000000000000000e+00
0185   7.1679687500000000e-01   1.0000001999071724e+00   5.9999999252541347e-01   8.4958508068796970e-10   0.0000000000000000e+00   0.0000000000000000e+00
0186   7.2070312500000000e-01   1.0000001766729703e+00   5.9999999339413945e-01   8.5374248785732771e-10   0.0000000000000000e+00   0.0000000000000000e+00
0187   7.2460937500000000e-01   1.0000001533323903e+00   5.9999999426684925e-01   8.5738617960171338e-10   0.0000000000000000e+00   0.0000000000000000e+00
0188   7.2851562500000000e-01   1.0000001298994112e+00   5.9999999514301006e-01   8.6051570320183574e-10   0.0000000000000000e+00   0.0000000000000000e+00
0189   7.3242187500000000e-01   1.0000001063881900e+00   5.9999999602211362e-01   8.6312850517622220e-10   0.0000000000000000e+00   0.0000000000000000e+00
0190   7.3632812500000000e-01   1.0000000828129170e+00   5.9999999690357297e-01   8.6522163584640189e-10   0.0000000000000000e+00   0.0000000000000000e+00
0191   7.4023437500000000e-01   1.0000000591878362e+00   5.9999999778701751e-01   8.6681629723160337e-10   0.0000000000000000e+00   0.0000000000000000e+00
0192   7.4414062500000000e-01   1.0000000355267999e+00   5.9999999867150122e-01   8.6783710519168877e-10   0.0000000000000000e+00   0.0000000000000000e+00
0193   7.4804687500000000e-01   1.0000000118450891e+00   5.9999999955748218e-01   8.6851256543100709e-10   0.0000000000000000e+00   0.0000000000000000e+00
0194   7.5195312500000000e-01   9.9999998815500424e-01   6.0000000044249713e-01   8.6850363708167199e-10   0.0000000000000000e+00   0.0000000000000000e+00
0195   7.5585937500000000e-01   9.9999996447326212e-01   6.0000000132847853e-01   8.6780961008429140e-10   0.0000000000000000e+00   0.0000000000000000e+00
0196   7.5976562500000000e-01   9.9999994081223509e-01   6.0000000221296201e-01   8.6677101119392835e-10   0.0000000000000000e+00   0.0000000000000000e+00
0197   7.6367187500000000e-01   9.9999991718714987e-01   6.0000000309640600e-01   8.6515832443441993e-10   0.0000000000000000e+00   0.0000000000000000e+00
0198   7.6757812500000000e-01   9.9999989361184072e-01   6.0000000397786557e-01   8.6304696688874818e-10   0.0000000000000000e+00   0.0000000000000000e+00
0199   7.7148437500000000e-01   9.9999987010066527e-01   6.0000000485696925e-01   8.6041595578092073e-10   0.0000000000000000e+00   0.0000000000000000e+00
0200   7.7539062500000000e-01   9.9999984666769592e-01   6.0000000573313006e-01   8.5726935422496010e-10   0.0000000000000000e+00   0.0000000000000000e+00
0201   7.7929687500000000e-01   9.9999982332710124e-01   6.0000000660583996e-01   8.5360803501016496e-10   0.0000000000000000e+00   0.0000000000000000e+00
0202   7.8320312500000000e-01   9.9999980009291911e-01   6.0000000747456617e-01   8.4943412324890766e-10   0.0000000000000000e+00   0.0000000000000000e+00
0203   7.8710937500000000e-01   9.9999977697915354e-01   6.0000000833878764e-01   8.4474993403401303e-10   0.0000000000000000e+00   0.0000000000000000e+00
0204   7.9101562500000000e-01   9.9999975399971841e-01   6.0000000919798302e-01   8.3955837038031244e-10   0.0000000000000000e+00   0.0000000000000000e+00
0205   7.9492187500000000e-01   9.9999973116847074e-01   6.0000001005163495e-01   8.3386236042353087e-10   0.0000000000000000e+00   0.0000000000000000e+00
0206   7.9882812500000000e-01   9.9999970849915687e-01   6.0000001089922927e-01   8.2766530813537100e-10   0.0000000000000000e+00   0.0000000000000000e+00
0207   8.0273437500000000e-01   9.9999968600540878e-01   6.0000001174025697e-01   8.2097147718449028e-10   0.0000000000000000e+00   0.0000000000000000e+00
0208   8.0664062500000000e-01   9.9999966370082716e-01   6.0000001257421076e-01   8.1378466861406868e-10   0.0000000000000000e+00   0.0000000000000000e+00
0209   8.1054687500000000e-01   9.9999964159879706e-01   6.0000001340058984e-01   8.0610981199388620e-10   0.0000000000000000e+00   0.0000000000000000e+00
0210   8.1445312500000000e-01   9.9999961971265916e-01   6.0000001421889715e-01   7.9795154632055412e-10   0.0000000000000000e+00   0.0000000000000000e+00
0211   8.1835937500000000e-01   9.9999959805559746e-01   6.0000001502864164e-01   7.8931563976138738e-10   0.0000000000000000e+00   0.0000000000000000e+00
0212   8.2226562500000000e-01   9.9999957664067030e-01   6.0000001582933649e-01   7.8020639309890321e-10   0.0000000000000000e+00   0.0000000000000000e+00
0213   8.2617187500000000e-01   9.9999955548074326e-01   6.0000001662050118e-01   7.7063071922820777e-10   0.0000000000000000e+00   0.0000000000000000e+00
0214   8.3007812500000000e-01   9.9999953458857915e-01   6.0000001740166131e-01   7.6059358647877653e-10   0.0000000000000000e+00   0.0000000000000000e+00
0215   8.3398437500000000e-01   9.9999951397678832e-01   6.0000001817234805e-01   7.5010200061407804e-10   0.0000000000000000e+00   0.0000000000000000e+00
0216   8.3789062500000000e-01   9.9999949365775498e-01   6.0000001893209964e-01   7.3916172896200332e-10   0.0000000000000000e+00   0.0000000000000000e+00
0217   8.4179687500000000e-01   9.9999947364374941e-01   6.0000001968046068e-01   7.2777984336153375e-10   0.0000000000000000e+00   0.0000000000000000e+00
0218   8.4570312500000000e-01   9.9999945394682677e-01   6.0000002041698308e-01   7.1596276198331076e-10   0.0000000000000000e+00   0.0000000000000000e+00
0219   8.4960937500000000e-01   9.9999943457881169e-01   6.0000002114122475e-01   7.0371742735598268e-10   0.0000000000000000e+00   0.0000000000000000e+00
0220   8.5351562500000000e-01   9.9999941555143446e-01   6.0000002185275192e-01   6.9105085176034805e-10   0.0000000000000000e+00   0.0000000000000000e+00
0221   8.5742187500000000e-01   9.9999939687610218e-01   6.0000002255113816e-01   6.7797015345615616e-10   0.0000000000000000e+00   0.0000000000000000e+00
0222   8.6132812500000000e-01   9.9999937856412491e-01   6.0000002323596424e-01   6.6448259930831205e-10   0.0000000000000000e+00   0.0000000000000000e+00
0223   8.6523437500000000e-01   9.9999936062647532e-01   6.0000002390681872e-01   6.5059513211690907e-10   0.0000000000000000e+00   0.0000000000000000e+00
0224   8.6914062500000000e-01   9.9999934307401439e-01   6.0000002456329837e-01   6.3631528257609623e-10   0.0000000000000000e+00   0.0000000000000000e+00
0225   8.7304687500000000e-01   9.9999932591727259e-01   6.0000002520500795e-01   6.2164992643702727e-10   0.0000000000000000e+00   0.0000000000000000e+00
0226   8.7695312500000000e-01   9.9999930916658819e-01   6.0000002583155942e-01   6.0660628293475866e-10   0.0000000000000000e+00   0.0000000000000000e+00
0227   8.8085937500000000e-01   9.9999929283205691e-01   6.0000002644257433e-01   5.9119209937154131e-10   0.0000000000000000e+00   0.0000000000000000e+00
0228   8.8476562500000000e-01   9.9999927692355028e-01   6.0000002703768185e-01   5.7541431386284573e-10   0.0000000000000000e+00   0.0000000000000000e+00
0229   8.8867187500000000e-01   9.9999926145057194e-01   6.0000002761651994e-01   5.5928040601929290e-10   0.0000000000000000e+00   0.0000000000000000e+00
0230   8.9257812500000000e-01   9.9999924642252169e-01   6.0000002817873443e-01   5.4279744313523620e-10   0.0000000000000000e+00   0.0000000000000000e+00
0231   8.9648437500000000e-01   9.9999923184838135e-01   6.0000002872398084e-01   5.2597396305526723e-10   0.0000000000000000e+00   0.0000000000000000e+00
0232   9.0039062500000000e-01   9.9999921773694644e-01   6.0000002925192319e-01   5.0881705612405575e-10   0.0000000000000000e+00   0.0000000000000000e+00
0233   9.0429687500000000e-01   9.9999920409670928e-01   6.0000002976223521e-01   4.9133559927513080e-10   0.0000000000000000e+00   0.0000000000000000e+00
0234   9.0820312500000000e-01   9.9999919093586420e-01   6.0000003025459958e-01   4.7353734769477366e-10   0.0000000000000000e+00   0.0000000000000000e+00
0235   9.1210937500000000e-01   9.9999917826233609e-01   6.0000003072870822e-01   4.5543180576009221e-10   0.0000000000000000e+00   0.0000000000000000e+00
0236   9.1601562500000000e-01   9.9999916608375894e-01   6.0000003118426337e-01   4.3702878077115767e-10   0.0000000000000000e+00   0.0000000000000000e+00
0237   9.1992187500000000e-01   9.9999915440746079e-01   6.0000003162097759e-01   4.1833757433650145e-10   0.0000000000000000e+00   0.0000000000000000e+00
0238   9.2382812500000000e-01   9.9999914324043038e-01   6.0000003203857466e-01   3.9936982897082240e-10   0.0000000000000000e+00   0.0000000000000000e+00
0239   9.2773437500000000e-01   9.9999913258938844e-01   6.0000003243678834e-01   3.8013746090037684e-10   0.0000000000000000e+00   0.0000000000000000e+00
0240   9.3164062500000000e-01   9.9999912246074663e-01   6.0000003281536518e-01   3.6065335360714939e-10   0.0000000000000000e+00   0.0000000000000000e+00
0241   9.3554687500000000e-01   9.9999911286058996e-01   6.0000003317406236e-01   3.4093037849570425e-10   0.0000000000000000e+00   0.0000000000000000e+00
0242   9.3945312500000000e-01   9.9999910379468071e-01   6.0000003351264930e-01   3.2098317595492086e-10   0.0000000000000000e+00   0.0000000000000000e+00
0243   9.4335937500000000e-01   9.9999909526849495e-01   6.0000003383090927e-01   3.0082777886963068e-10   0.0000000000000000e+00   0.0000000000000000e+00
0244   9.4726562500000000e-01   9.9999908728711895e-01   6.0000003412864078e-01   2.8048205887131714e-10   0.0000000000000000e+00   0.0000000000000000e+00
0245   9.5117187500000000e-01   9.9999907985536407e-01   6.0000003440565708e-01   2.5996710691567622e-10   0.0000000000000000e+00   0.0000000000000000e+00
0246   9.5507812500000000e-01   9.9999907297772872e-01   6.0000003466178897e-01   2.3930511456427029e-10   0.0000000000000000e+00   0.0000000000000000e+00
0247   9.5898437500000000e-01   9.9999906665832228e-01   6.0000003489688047e-01   2.1851807746319339e-10   0.0000000000000000e+00   0.0000000000000000e+00
0248   9.6289062500000000e-01   9.9999906090096857e-01   6.0000003511078970e-01   1.9762631492614129e-10   0.0000000000000000e+00   0.0000000000000000e+00
0249   9.6679687500000000e-01   9.9999905570912306e-01   6.0000003530338797e-01   1.7665313892721156e-10   0.0000000000000000e+00   0.0000000000000000e+00
0250   9.7070312500000000e-01   9.9999905108593812e-01   6.0000003547457093e-01   1.5562095627009299e-10   0.0000000000000000e+00   0.0000000000000000e+00
0251   9.7460937500000000e-01   9.9999904703420095e-01   6.0000003562425097e-01   1.3458831671995609e-10   0.0000000000000000e+00   0.0000000000000000e+00
0252   9.7851562500000000e-01   9.9999904355645763e-01   6.0000003575241423e-01   1.1356170872540963e-10   0.0000000000000000e+00   0.0000000000000000e+00
0253   9.8242187500000000e-01   9.9999904065478584e-01   6.0000003585900585e-01   9.2787589423791648e-11   0.0000000000000000e+00   0.0000000000000000e+00
0254   9.8632812500000000e-01   9.9999903833120407e-01   6.0000003594421003e-01   7.1820487867254354e-11   0.0000000000000000e+00   0.0000000000000000e+00
0255   9.9023437500000000e-01   9.9999903658698996e-01   6.0000003600784280e-01   5.2441386121450064e-11   0.0000000000000000e+00   0.0000000000000000e+00
0256   9.9414062500000000e-01   9.9999903542354585e-01   6.0000003605024566e-01   2.9744920443793910e-11   0.0000000000000000e+00   0.0000000000000000e+00
0257   9.9804687500000000e-01   9.9999903484165820e-01   6.0000003607146746e-01   1.8583211612905738e-11   0.0000000000000000e+00   0.0000000000000000e+00
