# Athena++ data at time=1.162519e+02  cycle=59521  variables=prim 
# i       x1v         rho          press          vel1         vel2         vel3     
0002   1.9531250000000000e-03   9.9999896274349853e-01   5.9999996397321687e-01   1.8558921402048422e-11   0.0000000000000000e+00   0.0000000000000000e+00
0003   5.8593750000000000e-03   9.9999896336772343e-01   5.9999996399436073e-01   2.9762654851608060e-11   0.0000000000000000e+00   0.0000000000000000e+00
0004   9.7656250000000000e-03   9.9999896461580562e-01   5.9999996403660349e-01   5.2463259021640376e-11   0.0000000000000000e+00   0.0000000000000000e+00
0005   1.3671875000000000e-02   9.9999896648708031e-01   5.9999996409999956e-01   7.1862210234807567e-11   0.0000000000000000e+00   0.0000000000000000e+00
0006   1.7578125000000000e-02   9.9999896898074525e-01   5.9999996418489099e-01   9.2850304564316665e-11   0.0000000000000000e+00   0.0000000000000000e+00
0007   2.1484375000000000e-02   9.9999897209520960e-01   5.9999996429109803e-01   1.1365539953469499e-10   0.0000000000000000e+00   0.0000000000000000e+00
0008   2.5390625000000000e-02   9.9999897582883790e-01   5.9999996441880921e-01   1.3472270021243364e-10   0.0000000000000000e+00   0.0000000000000000e+00
0009   2.9296875000000000e-02   9.9999898017940780e-01   5.9999996456797444e-01   1.5580807993928658e-10   0.0000000000000000e+00   0.0000000000000000e+00
0010   3.3203125000000000e-02   9.9999898514439589e-01   5.9999996473858574e-01   1.7690632977265737e-10   0.0000000000000000e+00   0.0000000000000000e+00
0011   3.7109375000000000e-02   9.9999899072080645e-01   5.9999996493056218e-01   1.9796039557644602e-10   0.0000000000000000e+00   0.0000000000000000e+00
0012   4.1015625000000000e-02   9.9999899690531224e-01   5.9999996514380627e-01   2.1894846241390999e-10   0.0000000000000000e+00   0.0000000000000000e+00
0013   4.4921875000000000e-02   9.9999900369418671e-01   5.9999996537819611e-01   2.3984727339648532e-10   0.0000000000000000e+00   0.0000000000000000e+00
0014   4.8828125000000000e-02   9.9999901108336986e-01   5.9999996563359714e-01   2.6063653990395723e-10   0.0000000000000000e+00   0.0000000000000000e+00
0015   5.2734375000000000e-02   9.9999901906838773e-01   5.9999996590986071e-01   2.8129396131729301e-10   0.0000000000000000e+00   0.0000000000000000e+00
0016   5.6640625000000000e-02   9.9999902764445314e-01   5.9999996620682350e-01   3.0179568190488292e-10   0.0000000000000000e+00   0.0000000000000000e+00
0017   6.0546875000000000e-02   9.9999903680638591e-01   5.9999996652430609e-01   3.2212002383790577e-10   0.0000000000000000e+00   0.0000000000000000e+00
0018   6.4453125000000000e-02   9.9999904654867311e-01   5.9999996686211299e-01   3.4224771558645522e-10   0.0000000000000000e+00   0.0000000000000000e+00
0019   6.8359375000000000e-02   9.9999905686544921e-01   5.9999996722003257e-01   3.6216062733496198e-10   0.0000000000000000e+00   0.0000000000000000e+00
0020   7.2265625000000000e-02   9.9999906775048886e-01   5.9999996759783925e-01   3.8184296234812717e-10   0.0000000000000000e+00   0.0000000000000000e+00
0021   7.6171875000000000e-02   9.9999907919717468e-01   5.9999996799529476e-01   4.0127898043464178e-10   0.0000000000000000e+00   0.0000000000000000e+00
0022   8.0078125000000000e-02   9.9999909119866182e-01   5.9999996841214820e-01   4.2045422017276273e-10   0.0000000000000000e+00   0.0000000000000000e+00
0023   8.3984375000000000e-02   9.9999910374767875e-01   5.9999996884813667e-01   4.3935440780645338e-10   0.0000000000000000e+00   0.0000000000000000e+00
0024   8.7890625000000000e-02   9.9999911683665155e-01   5.9999996930298527e-01   4.5796730572238196e-10   0.0000000000000000e+00   0.0000000000000000e+00
0025   9.1796875000000000e-02   9.9999913045768463e-01   5.9999996977640757e-01   4.7627941581101793e-10   0.0000000000000000e+00   0.0000000000000000e+00
0026   9.5703125000000000e-02   9.9999914460258499e-01   5.9999997026810581e-01   4.9428013001940383e-10   0.0000000000000000e+00   0.0000000000000000e+00
0027   9.9609375000000000e-02   9.9999915926280758e-01   5.9999997077777212e-01   5.1195887266295887e-10   0.0000000000000000e+00   0.0000000000000000e+00
0028   1.0351562500000000e-01   9.9999917442951347e-01   5.9999997130508764e-01   5.2930562871808489e-10   0.0000000000000000e+00   0.0000000000000000e+00
0029   1.0742187500000000e-01   9.9999919009351868e-01   5.9999997184972431e-01   5.4631113234032579e-10   0.0000000000000000e+00   0.0000000000000000e+00
0030   1.1132812500000000e-01   9.9999920624541649e-01   5.9999997241134362e-01   5.6296623113129763e-10   0.0000000000000000e+00   0.0000000000000000e+00
0031   1.1523437500000000e-01   9.9999922287546827e-01   5.9999997298959817e-01   5.7926217702032639e-10   0.0000000000000000e+00   0.0000000000000000e+00
0032   1.1914062500000000e-01   9.9999923997363127e-01   5.9999997358413126e-01   5.9519176909611474e-10   0.0000000000000000e+00   0.0000000000000000e+00
0033   1.2304687500000000e-01   9.9999925752961139e-01   5.9999997419457729e-01   6.1074575986454651e-10   0.0000000000000000e+00   0.0000000000000000e+00
0034   1.2695312500000000e-01   9.9999927553282086e-01   5.9999997482056233e-01   6.2591830944487409e-10   0.0000000000000000e+00   0.0000000000000000e+00
0035   1.3085937500000000e-01   9.9999929397241571e-01   5.9999997546170381e-01   6.4070051252345432e-10   0.0000000000000000e+00   0.0000000000000000e+00
0036   1.3476562500000000e-01   9.9999931283727728e-01   5.9999997611761113e-01   6.5508651226363147e-10   0.0000000000000000e+00   0.0000000000000000e+00
0037   1.3867187500000000e-01   9.9999933211603431e-01   5.9999997678788564e-01   6.6906865535609293e-10   0.0000000000000000e+00   0.0000000000000000e+00
0038   1.4257812500000000e-01   9.9999935179708910e-01   5.9999997747212042e-01   6.8264024146565772e-10   0.0000000000000000e+00   0.0000000000000000e+00
0039   1.4648437500000000e-01   9.9999937186856669e-01   5.9999997816990158e-01   6.9579550983726253e-10   0.0000000000000000e+00   0.0000000000000000e+00
0040   1.5039062500000000e-01   9.9999939231839563e-01   5.9999997888080747e-01   7.0852771981214409e-10   0.0000000000000000e+00   0.0000000000000000e+00
0041   1.5429687500000000e-01   9.9999941313423579e-01   5.9999997960440943e-01   7.2083013113344697e-10   0.0000000000000000e+00   0.0000000000000000e+00
0042   1.5820312500000000e-01   9.9999943430352434e-01   5.9999998034027147e-01   7.3269671717711798e-10   0.0000000000000000e+00   0.0000000000000000e+00
0043   1.6210937500000000e-01   9.9999945581357197e-01   5.9999998108795094e-01   7.4412175411089941e-10   0.0000000000000000e+00   0.0000000000000000e+00
0044   1.6601562500000000e-01   9.9999947765140873e-01   5.9999998184699843e-01   7.5509906823772221e-10   0.0000000000000000e+00   0.0000000000000000e+00
0045   1.6992187500000000e-01   9.9999949980384362e-01   5.9999998261695764e-01   7.6562276695320028e-10   0.0000000000000000e+00   0.0000000000000000e+00
0046   1.7382812500000000e-01   9.9999952225755762e-01   5.9999998339736627e-01   7.7568662177540864e-10   0.0000000000000000e+00   0.0000000000000000e+00
0047   1.7773437500000000e-01   9.9999954499903854e-01   5.9999998418775635e-01   7.8528527008439332e-10   0.0000000000000000e+00   0.0000000000000000e+00
0048   1.8164062500000000e-01   9.9999956801456957e-01   5.9999998498765372e-01   7.9441343538653142e-10   0.0000000000000000e+00   0.0000000000000000e+00
0049   1.8554687500000000e-01   9.9999959129030391e-01   5.9999998579657843e-01   8.0306633275817201e-10   0.0000000000000000e+00   0.0000000000000000e+00
0050   1.8945312500000000e-01   9.9999961481221467e-01   5.9999998661404508e-01   8.1123779458748470e-10   0.0000000000000000e+00   0.0000000000000000e+00
0051   1.9335937500000000e-01   9.9999963856612306e-01   5.9999998743956329e-01   8.1892371672061674e-10   0.0000000000000000e+00   0.0000000000000000e+00
0052   1.9726562500000000e-01   9.9999966253773265e-01   5.9999998827263756e-01   8.2611916385719067e-10   0.0000000000000000e+00   0.0000000000000000e+00
0053   2.0117187500000000e-01   9.9999968671262529e-01   5.9999998911276842e-01   8.3281971478691796e-10   0.0000000000000000e+00   0.0000000000000000e+00
0054   2.0507812500000000e-01   9.9999971107621666e-01   5.9999998995945070e-01   8.3902149626214010e-10   0.0000000000000000e+00   0.0000000000000000e+00
0055   2.0898437500000000e-01   9.9999973561385191e-01   5.9999999081217636e-01   8.4472035252480252e-10   0.0000000000000000e+00   0.0000000000000000e+00
0056   2.1289062500000000e-01   9.9999976031073423e-01   5.9999999167043250e-01   8.4991298186404908e-10   0.0000000000000000e+00   0.0000000000000000e+00
0057   2.1679687500000000e-01   9.9999978515200616e-01   5.9999999253370395e-01   8.5459560671234958e-10   0.0000000000000000e+00   0.0000000000000000e+00
0058   2.2070312500000000e-01   9.9999981012264272e-01   5.9999999340147070e-01   8.5876632440050756e-10   0.0000000000000000e+00   0.0000000000000000e+00
0059   2.2460937500000000e-01   9.9999983520769931e-01   5.9999999427321327e-01   8.6242160117339168e-10   0.0000000000000000e+00   0.0000000000000000e+00
0060   2.2851562500000000e-01   9.9999986039202060e-01   5.9999999514839997e-01   8.6556032111630840e-10   0.0000000000000000e+00   0.0000000000000000e+00
0061   2.3242187500000000e-01   9.9999988566045273e-01   5.9999999602652376e-01   8.6818048869823703e-10   0.0000000000000000e+00   0.0000000000000000e+00
0062   2.3632812500000000e-01   9.9999991099768681e-01   5.9999999690699968e-01   8.7027767267528644e-10   0.0000000000000000e+00   0.0000000000000000e+00
0063   2.4023437500000000e-01   9.9999993638865681e-01   5.9999999778945690e-01   8.7187403319989347e-10   0.0000000000000000e+00   0.0000000000000000e+00
0064   2.4414062500000000e-01   9.9999996181767725e-01   5.9999999867295362e-01   8.7289380300584380e-10   0.0000000000000000e+00   0.0000000000000000e+00
0065   2.4804687500000000e-01   9.9999998727036021e-01   5.9999999955793715e-01   8.7356429518313338e-10   0.0000000000000000e+00   0.0000000000000000e+00
0066   2.5195312500000000e-01   1.0000000127295070e+00   6.0000000044197244e-01   8.7354764932284805e-10   0.0000000000000000e+00   0.0000000000000000e+00
0067   2.5585937500000000e-01   1.0000000381821819e+00   6.0000000132695708e-01   8.7284401237944193e-10   0.0000000000000000e+00   0.0000000000000000e+00
0068   2.5976562500000000e-01   1.0000000636111863e+00   6.0000000221045457e-01   8.7179179941829930e-10   0.0000000000000000e+00   0.0000000000000000e+00
0069   2.6367187500000000e-01   1.0000000890021599e+00   6.0000000309291213e-01   8.7016261280177092e-10   0.0000000000000000e+00   0.0000000000000000e+00
0070   2.6757812500000000e-01   1.0000001143394266e+00   6.0000000397338937e-01   8.6803247645734791e-10   0.0000000000000000e+00   0.0000000000000000e+00
0071   2.7148437500000000e-01   1.0000001396078364e+00   6.0000000485151483e-01   8.6537989675573936e-10   0.0000000000000000e+00   0.0000000000000000e+00
0072   2.7539062500000000e-01   1.0000001647921757e+00   6.0000000572670342e-01   8.6220911461941942e-10   0.0000000000000000e+00   0.0000000000000000e+00
0073   2.7929687500000000e-01   1.0000001898772330e+00   6.0000000659844777e-01   8.5852245689734525e-10   0.0000000000000000e+00   0.0000000000000000e+00
0074   2.8320312500000000e-01   1.0000002148478915e+00   6.0000000746621673e-01   8.5432114735056889e-10   0.0000000000000000e+00   0.0000000000000000e+00
0075   2.8710937500000000e-01   1.0000002396891634e+00   6.0000000832949019e-01   8.4960852960537353e-10   0.0000000000000000e+00   0.0000000000000000e+00
0076   2.9101562500000000e-01   1.0000002643860044e+00   6.0000000918774876e-01   8.4438702414928279e-10   0.0000000000000000e+00   0.0000000000000000e+00
0077   2.9492187500000000e-01   1.0000002889236430e+00   6.0000001004047643e-01   8.3866021859369776e-10   0.0000000000000000e+00   0.0000000000000000e+00
0078   2.9882812500000000e-01   1.0000003132872808e+00   6.0000001088716115e-01   8.3243170912691144e-10   0.0000000000000000e+00   0.0000000000000000e+00
0079   3.0273437500000000e-01   1.0000003374621420e+00   6.0000001172729422e-01   8.2570546176174930e-10   0.0000000000000000e+00   0.0000000000000000e+00
0080   3.0664062500000000e-01   1.0000003614337702e+00   6.0000001256037128e-01   8.1848530914625275e-10   0.0000000000000000e+00   0.0000000000000000e+00
0081   3.1054687500000000e-01   1.0000003851877342e+00   6.0000001338589204e-01   8.1077622810727575e-10   0.0000000000000000e+00   0.0000000000000000e+00
0082   3.1445312500000000e-01   1.0000004087096304e+00   6.0000001420336135e-01   8.0258266653350664e-10   0.0000000000000000e+00   0.0000000000000000e+00
0083   3.1835937500000000e-01   1.0000004319853382e+00   6.0000001501228872e-01   7.9391002958612352e-10   0.0000000000000000e+00   0.0000000000000000e+00
0084   3.2226562500000000e-01   1.0000004550008768e+00   6.0000001581218865e-01   7.8476291733615217e-10   0.0000000000000000e+00   0.0000000000000000e+00
0085   3.2617187500000000e-01   1.0000004777423748e+00   6.0000001660258129e-01   7.7514674541407538e-10   0.0000000000000000e+00   0.0000000000000000e+00
0086   3.3007812500000000e-01   1.0000005001961014e+00   6.0000001738299258e-01   7.6506663881060811e-10   0.0000000000000000e+00   0.0000000000000000e+00
0087   3.3398437500000000e-01   1.0000005223485633e+00   6.0000001815295390e-01   7.5452896373601004e-10   0.0000000000000000e+00   0.0000000000000000e+00
0088   3.3789062500000000e-01   1.0000005441863369e+00   6.0000001891200305e-01   7.4353871709335100e-10   0.0000000000000000e+00   0.0000000000000000e+00
0089   3.4179687500000000e-01   1.0000005656964057e+00   6.0000001965968452e-01   7.3210171501030561e-10   0.0000000000000000e+00   0.0000000000000000e+00
0090   3.4570312500000000e-01   1.0000005868657273e+00   6.0000002039554845e-01   7.2022435294037268e-10   0.0000000000000000e+00   0.0000000000000000e+00
0091   3.4960937500000000e-01   1.0000006076815680e+00   6.0000002111915240e-01   7.0791242763462933e-10   0.0000000000000000e+00   0.0000000000000000e+00
0092   3.5351562500000000e-01   1.0000006281314104e+00   6.0000002183006018e-01   6.9517259766561772e-10   0.0000000000000000e+00   0.0000000000000000e+00
0093   3.5742187500000000e-01   1.0000006482028960e+00   6.0000002252784335e-01   6.8201055891994037e-10   0.0000000000000000e+00   0.0000000000000000e+00
0094   3.6132812500000000e-01   1.0000006678839268e+00   6.0000002321208024e-01   6.6843312555886659e-10   0.0000000000000000e+00   0.0000000000000000e+00
0095   3.6523437500000000e-01   1.0000006871627063e+00   6.0000002388235651e-01   6.5444698892253344e-10   0.0000000000000000e+00   0.0000000000000000e+00
0096   3.6914062500000000e-01   1.0000007060275649e+00   6.0000002453826584e-01   6.4005862520401607e-10   0.0000000000000000e+00   0.0000000000000000e+00
0097   3.7304687500000000e-01   1.0000007244671827e+00   6.0000002517940987e-01   6.2527456963454017e-10   0.0000000000000000e+00   0.0000000000000000e+00
0098   3.7695312500000000e-01   1.0000007424703892e+00   6.0000002580539735e-01   6.1010287694159254e-10   0.0000000000000000e+00   0.0000000000000000e+00
0099   3.8085937500000000e-01   1.0000007600263949e+00   6.0000002641584615e-01   5.9455014258258421e-10   0.0000000000000000e+00   0.0000000000000000e+00
0100   3.8476562500000000e-01   1.0000007771245738e+00   6.0000002701038191e-01   5.7862406943964164e-10   0.0000000000000000e+00   0.0000000000000000e+00
0101   3.8867187500000000e-01   1.0000007937546092e+00   6.0000002758863891e-01   5.6233263871917662e-10   0.0000000000000000e+00   0.0000000000000000e+00
0102   3.9257812500000000e-01   1.0000008099065405e+00   6.0000002815026099e-01   5.4568331274068903e-10   0.0000000000000000e+00   0.0000000000000000e+00
0103   3.9648437500000000e-01   1.0000008255705193e+00   6.0000002869490043e-01   5.2868521294846867e-10   0.0000000000000000e+00   0.0000000000000000e+00
0104   4.0039062500000000e-01   1.0000008407372187e+00   6.0000002922221862e-01   5.1134719470995978e-10   0.0000000000000000e+00   0.0000000000000000e+00
0105   4.0429687500000000e-01   1.0000008553974418e+00   6.0000002973188782e-01   4.9367863684966199e-10   0.0000000000000000e+00   0.0000000000000000e+00
0106   4.0820312500000000e-01   1.0000008695423495e+00   6.0000003022358883e-01   4.7568989109873249e-10   0.0000000000000000e+00   0.0000000000000000e+00
0107   4.1210937500000000e-01   1.0000008831634102e+00   6.0000003069701380e-01   4.5739142296841541e-10   0.0000000000000000e+00   0.0000000000000000e+00
0108   4.1601562500000000e-01   1.0000008962523830e+00   6.0000003115186484e-01   4.3879402857433054e-10   0.0000000000000000e+00   0.0000000000000000e+00
0109   4.1992187500000000e-01   1.0000009088014454e+00   6.0000003158785564e-01   4.1991042561518677e-10   0.0000000000000000e+00   0.0000000000000000e+00
0110   4.2382812500000000e-01   1.0000009208029181e+00   6.0000003200471175e-01   4.0075307737909013e-10   0.0000000000000000e+00   0.0000000000000000e+00
0111   4.2773437500000000e-01   1.0000009322496100e+00   6.0000003240216959e-01   3.8133637169727805e-10   0.0000000000000000e+00   0.0000000000000000e+00
0112   4.3164062500000000e-01   1.0000009431346122e+00   6.0000003277997860e-01   3.6167462344499204e-10   0.0000000000000000e+00   0.0000000000000000e+00
0113   4.3554687500000000e-01   1.0000009534513836e+00   6.0000003313790029e-01   3.4178331465671737e-10   0.0000000000000000e+00   0.0000000000000000e+00
0114   4.3945312500000000e-01   1.0000009631937068e+00   6.0000003347570940e-01   3.2167831936902501e-10   0.0000000000000000e+00   0.0000000000000000e+00
0115   4.4335937500000000e-01   1.0000009723556595e+00   6.0000003379319400e-01   3.0137732325974984e-10   0.0000000000000000e+00   0.0000000000000000e+00
0116   4.4726562500000000e-01   1.0000009809317081e+00   6.0000003409015801e-01   2.8089948916246410e-10   0.0000000000000000e+00   0.0000000000000000e+00
0117   4.5117187500000000e-01   1.0000009889167589e+00   6.0000003436642269e-01   2.6026791382293361e-10   0.0000000000000000e+00   0.0000000000000000e+00
0118   4.5507812500000000e-01   1.0000009963059526e+00   6.0000003462182505e-01   2.3950396015826680e-10   0.0000000000000000e+00   0.0000000000000000e+00
0119   4.5898437500000000e-01   1.0000010030947937e+00   6.0000003485621589e-01   2.1863149696948539e-10   0.0000000000000000e+00   0.0000000000000000e+00
0120   4.6289062500000000e-01   1.0000010092793383e+00   6.0000003506946065e-01   1.9767010857159332e-10   0.0000000000000000e+00   0.0000000000000000e+00
0121   4.6679687500000000e-01   1.0000010148557446e+00   6.0000003526143775e-01   1.7664342805923015e-10   0.0000000000000000e+00   0.0000000000000000e+00
0122   4.7070312500000000e-01   1.0000010198207168e+00   6.0000003543204994e-01   1.5557308783405892e-10   0.0000000000000000e+00   0.0000000000000000e+00
0123   4.7460937500000000e-01   1.0000010241712949e+00   6.0000003558121573e-01   1.3451640657677347e-10   0.0000000000000000e+00   0.0000000000000000e+00
0124   4.7851562500000000e-01   1.0000010279049181e+00   6.0000003570892746e-01   1.1347900697733625e-10   0.0000000000000000e+00   0.0000000000000000e+00
0125   4.8242187500000000e-01   1.0000010310193699e+00   6.0000003581513561e-01   9.2703938783714209e-11   0.0000000000000000e+00   0.0000000000000000e+00
0126   4.8632812500000000e-01   1.0000010335130518e+00   6.0000003590002760e-01   7.1746560747835796e-11   0.0000000000000000e+00   0.0000000000000000e+00
0127   4.9023437500000000e-01   1.0000010353843174e+00   6.0000003596342433e-01   5.2380021695216234e-11   0.0000000000000000e+00   0.0000000000000000e+00
0128   4.9414062500000000e-01   1.0000010366324070e+00   6.0000003600566743e-01   2.9711304482867494e-11   0.0000000000000000e+00   0.0000000000000000e+00
0129   4.9804687500000000e-01   1.0000010372566117e+00   6.0000003602681085e-01   1.8540992601422992e-11   0.0000000000000000e+00   0.0000000000000000e+00
0130   5.0195312500000000e-01   1.0000010372566028e+00   6.0000003602681085e-01  -1.8542594600745787e-11   0.0000000000000000e+00   0.0000000000000000e+00
0131   5.0585937500000000e-01   1.0000010366324141e+00   6.0000003600566698e-01  -2.9713465318412382e-11   0.0000000000000000e+00   0.0000000000000000e+00
0132   5.0976562500000000e-01   1.0000010353842850e+00   6.0000003596342355e-01  -5.2381698205975387e-11   0.0000000000000000e+00   0.0000000000000000e+00
0133   5.1367187500000000e-01   1.0000010335130358e+00   6.0000003590002637e-01  -7.1748647071891739e-11   0.0000000000000000e+00   0.0000000000000000e+00
0134   5.1757812500000000e-01   1.0000010310193648e+00   6.0000003581513439e-01  -9.2705652550290413e-11   0.0000000000000000e+00   0.0000000000000000e+00
0135   5.2148437500000000e-01   1.0000010279048968e+00   6.0000003570892646e-01  -1.1348034818645912e-10   0.0000000000000000e+00   0.0000000000000000e+00
0136   5.2539062500000000e-01   1.0000010241712589e+00   6.0000003558121462e-01  -1.3451800857613789e-10   0.0000000000000000e+00   0.0000000000000000e+00
0137   5.2929687500000000e-01   1.0000010198206977e+00   6.0000003543204883e-01  -1.5557468983337919e-10   0.0000000000000000e+00   0.0000000000000000e+00
0138   5.3320312500000000e-01   1.0000010148557361e+00   6.0000003526143686e-01  -1.7664521633736810e-10   0.0000000000000000e+00   0.0000000000000000e+00
0139   5.3710937500000000e-01   1.0000010092793319e+00   6.0000003506945976e-01  -1.9767193410546588e-10   0.0000000000000000e+00   0.0000000000000000e+00
0140   5.4101562500000000e-01   1.0000010030948103e+00   6.0000003485621500e-01  -2.1863347152638679e-10   0.0000000000000000e+00   0.0000000000000000e+00
0141   5.4492187500000000e-01   1.0000009963059255e+00   6.0000003462182427e-01  -2.3950630727264752e-10   0.0000000000000000e+00   0.0000000000000000e+00
0142   5.4882812500000000e-01   1.0000009889167389e+00   6.0000003436642235e-01  -2.6027037270463981e-10   0.0000000000000000e+00   0.0000000000000000e+00
0143   5.5273437500000000e-01   1.0000009809317307e+00   6.0000003409015790e-01  -2.8090250688001834e-10   0.0000000000000000e+00   0.0000000000000000e+00
0144   5.5664062500000000e-01   1.0000009723556529e+00   6.0000003379319389e-01  -3.0138000567603948e-10   0.0000000000000000e+00   0.0000000000000000e+00
0145   5.6054687500000000e-01   1.0000009631937050e+00   6.0000003347570974e-01  -3.2168100178492050e-10   0.0000000000000000e+00   0.0000000000000000e+00
0146   5.6445312500000000e-01   1.0000009534514087e+00   6.0000003313790129e-01  -3.4178599707288252e-10   0.0000000000000000e+00   0.0000000000000000e+00
0147   5.6835937500000000e-01   1.0000009431346129e+00   6.0000003277997982e-01  -3.6167749213986121e-10   0.0000000000000000e+00   0.0000000000000000e+00
0148   5.7226562500000000e-01   1.0000009322496028e+00   6.0000003240217104e-01  -3.8133920313666439e-10   0.0000000000000000e+00   0.0000000000000000e+00
0149   5.7617187500000000e-01   1.0000009208028569e+00   6.0000003200471341e-01  -4.0075572253949187e-10   0.0000000000000000e+00   0.0000000000000000e+00
0150   5.8007812500000000e-01   1.0000009088014288e+00   6.0000003158785731e-01  -4.1991262370664558e-10   0.0000000000000000e+00   0.0000000000000000e+00
0151   5.8398437500000000e-01   1.0000008962523701e+00   6.0000003115186640e-01  -4.3879648745612618e-10   0.0000000000000000e+00   0.0000000000000000e+00
0152   5.8789062500000000e-01   1.0000008831634040e+00   6.0000003069701535e-01  -4.5739354654824386e-10   0.0000000000000000e+00   0.0000000000000000e+00
0153   5.9179687500000000e-01   1.0000008695423472e+00   6.0000003022359050e-01  -4.7569201467849529e-10   0.0000000000000000e+00   0.0000000000000000e+00
0154   5.9570312500000000e-01   1.0000008553974129e+00   6.0000002973188948e-01  -4.9368098396415733e-10   0.0000000000000000e+00   0.0000000000000000e+00
0155   5.9960937500000000e-01   1.0000008407372252e+00   6.0000002922222040e-01  -5.1134931829002615e-10   0.0000000000000000e+00   0.0000000000000000e+00
0156   6.0351562500000000e-01   1.0000008255705499e+00   6.0000002869490210e-01  -5.2868688945957402e-10   0.0000000000000000e+00   0.0000000000000000e+00
0157   6.0742187500000000e-01   1.0000008099064965e+00   6.0000002815026277e-01  -5.4568491473990587e-10   0.0000000000000000e+00   0.0000000000000000e+00
0158   6.1132812500000000e-01   1.0000007937546089e+00   6.0000002758864091e-01  -5.6233371913789850e-10   0.0000000000000000e+00   0.0000000000000000e+00
0159   6.1523437500000000e-01   1.0000007771245560e+00   6.0000002701038369e-01  -5.7862514985804836e-10   0.0000000000000000e+00   0.0000000000000000e+00
0160   6.1914062500000000e-01   1.0000007600263685e+00   6.0000002641584815e-01  -5.9455070142118262e-10   0.0000000000000000e+00   0.0000000000000000e+00
0161   6.2304687500000000e-01   1.0000007424703952e+00   6.0000002580539946e-01  -6.1010324950073704e-10   0.0000000000000000e+00   0.0000000000000000e+00
0162   6.2695312500000000e-01   1.0000007244671840e+00   6.0000002517941187e-01  -6.2527468140342091e-10   0.0000000000000000e+00   0.0000000000000000e+00
0163   6.3085937500000000e-01   1.0000007060276006e+00   6.0000002453826784e-01  -6.4005840167100923e-10   0.0000000000000000e+00   0.0000000000000000e+00
0164   6.3476562500000000e-01   1.0000006871627347e+00   6.0000002388235807e-01  -6.5444669087803639e-10   0.0000000000000000e+00   0.0000000000000000e+00
0165   6.3867187500000000e-01   1.0000006678839424e+00   6.0000002321208135e-01  -6.6843271574672565e-10   0.0000000000000000e+00   0.0000000000000000e+00
0166   6.4257812500000000e-01   1.0000006482028787e+00   6.0000002252784412e-01  -6.8200981380592643e-10   0.0000000000000000e+00   0.0000000000000000e+00
0167   6.4648437500000000e-01   1.0000006281314111e+00   6.0000002183006051e-01  -6.9517188980753403e-10   0.0000000000000000e+00   0.0000000000000000e+00
0168   6.5039062500000000e-01   1.0000006076815675e+00   6.0000002111915240e-01  -7.0791179428849235e-10   0.0000000000000000e+00   0.0000000000000000e+00
0169   6.5429687500000000e-01   1.0000005868657491e+00   6.0000002039554823e-01  -7.2022357057068349e-10   0.0000000000000000e+00   0.0000000000000000e+00
0170   6.5820312500000000e-01   1.0000005656964150e+00   6.0000001965968386e-01  -7.3210108166392027e-10   0.0000000000000000e+00   0.0000000000000000e+00
0171   6.6210937500000000e-01   1.0000005441863686e+00   6.0000001891200205e-01  -7.4353804649090535e-10   0.0000000000000000e+00   0.0000000000000000e+00
0172   6.6601562500000000e-01   1.0000005223485540e+00   6.0000001815295256e-01  -7.5452829313388037e-10   0.0000000000000000e+00   0.0000000000000000e+00
0173   6.6992187500000000e-01   1.0000005001960983e+00   6.0000001738299080e-01  -7.6506637802138949e-10   0.0000000000000000e+00   0.0000000000000000e+00
0174   6.7382812500000000e-01   1.0000004777423646e+00   6.0000001660257973e-01  -7.7514659639250654e-10   0.0000000000000000e+00   0.0000000000000000e+00
0175   6.7773437500000000e-01   1.0000004550008808e+00   6.0000001581218698e-01  -7.8476254477946471e-10   0.0000000000000000e+00   0.0000000000000000e+00
0176   6.8164062500000000e-01   1.0000004319853448e+00   6.0000001501228739e-01  -7.9390980605203142e-10   0.0000000000000000e+00   0.0000000000000000e+00
0177   6.8554687500000000e-01   1.0000004087096104e+00   6.0000001420336024e-01  -8.0258289006897134e-10   0.0000000000000000e+00   0.0000000000000000e+00
0178   6.8945312500000000e-01   1.0000003851877044e+00   6.0000001338589104e-01  -8.1077648889848798e-10   0.0000000000000000e+00   0.0000000000000000e+00
0179   6.9335937500000000e-01   1.0000003614337913e+00   6.0000001256037028e-01  -8.1848545817027346e-10   0.0000000000000000e+00   0.0000000000000000e+00
0180   6.9726562500000000e-01   1.0000003374621396e+00   6.0000001172729356e-01  -8.2570549901870473e-10   0.0000000000000000e+00   0.0000000000000000e+00
0181   7.0117187500000000e-01   1.0000003132872637e+00   6.0000001088716093e-01  -8.3243193266224761e-10   0.0000000000000000e+00   0.0000000000000000e+00
0182   7.0507812500000000e-01   1.0000002889236639e+00   6.0000001004047654e-01  -8.3866070291926534e-10   0.0000000000000000e+00   0.0000000000000000e+00
0183   7.0898437500000000e-01   1.0000002643860275e+00   6.0000000918774898e-01  -8.4438735945111618e-10   0.0000000000000000e+00   0.0000000000000000e+00
0184   7.1289062500000000e-01   1.0000002396891459e+00   6.0000000832949063e-01  -8.4960893942010685e-10   0.0000000000000000e+00   0.0000000000000000e+00
0185   7.1679687500000000e-01   1.0000002148479108e+00   6.0000000746621718e-01  -8.5432118460704393e-10   0.0000000000000000e+00   0.0000000000000000e+00
0186   7.2070312500000000e-01   1.0000001898772368e+00   6.0000000659844843e-01  -8.5852253140955107e-10   0.0000000000000000e+00   0.0000000000000000e+00
0187   7.2460937500000000e-01   1.0000001647921617e+00   6.0000000572670442e-01  -8.6220937541016999e-10   0.0000000000000000e+00   0.0000000000000000e+00
0188   7.2851562500000000e-01   1.0000001396078599e+00   6.0000000485151594e-01  -8.6538026931316674e-10   0.0000000000000000e+00   0.0000000000000000e+00
0189   7.3242187500000000e-01   1.0000001143394113e+00   6.0000000397339093e-01  -8.6803247645750725e-10   0.0000000000000000e+00   0.0000000000000000e+00
0190   7.3632812500000000e-01   1.0000000890021925e+00   6.0000000309291368e-01  -8.7016268731287164e-10   0.0000000000000000e+00   0.0000000000000000e+00
0191   7.4023437500000000e-01   1.0000000636111939e+00   6.0000000221045668e-01  -8.7179161313977110e-10   0.0000000000000000e+00   0.0000000000000000e+00
0192   7.4414062500000000e-01   1.0000000381821863e+00   6.0000000132695963e-01  -8.7284412414739426e-10   0.0000000000000000e+00   0.0000000000000000e+00
0193   7.4804687500000000e-01   1.0000000127295123e+00   6.0000000044197499e-01  -8.7354787285750315e-10   0.0000000000000000e+00   0.0000000000000000e+00
0194   7.5195312500000000e-01   9.9999998727038297e-01   5.9999999955793992e-01  -8.7356448146148135e-10   0.0000000000000000e+00   0.0000000000000000e+00
0195   7.5585937500000000e-01   9.9999996181766526e-01   5.9999999867295628e-01  -8.7289357947178758e-10   0.0000000000000000e+00   0.0000000000000000e+00
0196   7.5976562500000000e-01   9.9999993638865403e-01   5.9999999778945978e-01  -8.7187354887481134e-10   0.0000000000000000e+00   0.0000000000000000e+00
0197   7.6367187500000000e-01   9.9999991099768037e-01   5.9999999690700290e-01  -8.7027703932643041e-10   0.0000000000000000e+00   0.0000000000000000e+00
0198   7.6757812500000000e-01   9.9999988566043230e-01   5.9999999602652687e-01  -8.6817903572184789e-10   0.0000000000000000e+00   0.0000000000000000e+00
0199   7.7148437500000000e-01   9.9999986039203093e-01   5.9999999514840285e-01  -8.6555920344210203e-10   0.0000000000000000e+00   0.0000000000000000e+00
0200   7.7539062500000000e-01   9.9999983520771030e-01   5.9999999427321582e-01  -8.6242011094185657e-10   0.0000000000000000e+00   0.0000000000000000e+00
0201   7.7929687500000000e-01   9.9999981012266115e-01   5.9999999340147359e-01  -8.5876475965672609e-10   0.0000000000000000e+00   0.0000000000000000e+00
0202   7.8320312500000000e-01   9.9999978515200461e-01   5.9999999253370684e-01  -8.5459430275927369e-10   0.0000000000000000e+00   0.0000000000000000e+00
0203   7.8710937500000000e-01   9.9999976031074955e-01   5.9999999167043538e-01  -8.4991119358509998e-10   0.0000000000000000e+00   0.0000000000000000e+00
0204   7.9101562500000000e-01   9.9999973561384647e-01   5.9999999081217881e-01  -8.4471845247885937e-10   0.0000000000000000e+00   0.0000000000000000e+00
0205   7.9492187500000000e-01   9.9999971107621299e-01   5.9999998995945336e-01  -8.3901948444871653e-10   0.0000000000000000e+00   0.0000000000000000e+00
0206   7.9882812500000000e-01   9.9999968671263029e-01   5.9999998911277086e-01  -8.3281766571760561e-10   0.0000000000000000e+00   0.0000000000000000e+00
0207   8.0273437500000000e-01   9.9999966253773276e-01   5.9999998827264012e-01  -8.2611700302015740e-10   0.0000000000000000e+00   0.0000000000000000e+00
0208   8.0664062500000000e-01   9.9999963856611696e-01   5.9999998743956551e-01  -8.1892129509278255e-10   0.0000000000000000e+00   0.0000000000000000e+00
0209   8.1054687500000000e-01   9.9999961481218835e-01   5.9999998661404697e-01  -8.1123503765781857e-10   0.0000000000000000e+00   0.0000000000000000e+00
0210   8.1445312500000000e-01   9.9999959129029037e-01   5.9999998579658020e-01  -8.0306335229347845e-10   0.0000000000000000e+00   0.0000000000000000e+00
0211   8.1835937500000000e-01   9.9999956801456535e-01   5.9999998498765550e-01  -7.9441056668859201e-10   0.0000000000000000e+00   0.0000000000000000e+00
0212   8.2226562500000000e-01   9.9999954499904053e-01   5.9999998418775813e-01  -7.8528251315401446e-10   0.0000000000000000e+00   0.0000000000000000e+00
0213   8.2617187500000000e-01   9.9999952225756472e-01   5.9999998339736782e-01  -7.7568367856608448e-10   0.0000000000000000e+00   0.0000000000000000e+00
0214   8.3007812500000000e-01   9.9999949980383118e-01   5.9999998261695897e-01  -7.6562012178946144e-10   0.0000000000000000e+00   0.0000000000000000e+00
0215   8.3398437500000000e-01   9.9999947765141206e-01   5.9999998184699976e-01  -7.5509653484141312e-10   0.0000000000000000e+00   0.0000000000000000e+00
0216   8.3789062500000000e-01   9.9999945581357752e-01   5.9999998108795261e-01  -7.4411940699418816e-10   0.0000000000000000e+00   0.0000000000000000e+00
0217   8.4179687500000000e-01   9.9999943430353155e-01   5.9999998034027302e-01  -7.3269466810683701e-10   0.0000000000000000e+00   0.0000000000000000e+00
0218   8.4570312500000000e-01   9.9999941313423313e-01   5.9999997960441098e-01  -7.2082789578336931e-10   0.0000000000000000e+00   0.0000000000000000e+00
0219   8.4960937500000000e-01   9.9999939231837165e-01   5.9999997888080892e-01  -7.0852593153197572e-10   0.0000000000000000e+00   0.0000000000000000e+00
0220   8.5351562500000000e-01   9.9999937186856869e-01   5.9999997816990269e-01  -6.9579416862712596e-10   0.0000000000000000e+00   0.0000000000000000e+00
0221   8.5742187500000000e-01   9.9999935179706778e-01   5.9999997747212142e-01  -6.8263916104580033e-10   0.0000000000000000e+00   0.0000000000000000e+00
0222   8.6132812500000000e-01   9.9999933211603254e-01   5.9999997678788664e-01  -6.6906764944773857e-10   0.0000000000000000e+00   0.0000000000000000e+00
0223   8.6523437500000000e-01   9.9999931283726029e-01   5.9999997611761213e-01  -6.5508565537800173e-10   0.0000000000000000e+00   0.0000000000000000e+00
0224   8.6914062500000000e-01   9.9999929397240239e-01   5.9999997546170503e-01  -6.4069995368423076e-10   0.0000000000000000e+00   0.0000000000000000e+00
0225   8.7304687500000000e-01   9.9999927553282253e-01   5.9999997482056366e-01  -6.2591804865227488e-10   0.0000000000000000e+00   0.0000000000000000e+00
0226   8.7695312500000000e-01   9.9999925752961183e-01   5.9999997419457851e-01  -6.1074631870023066e-10   0.0000000000000000e+00   0.0000000000000000e+00
0227   8.8085937500000000e-01   9.9999923997362417e-01   5.9999997358413215e-01  -5.9519214165220074e-10   0.0000000000000000e+00   0.0000000000000000e+00
0228   8.8476562500000000e-01   9.9999922287547216e-01   5.9999997298959873e-01  -5.7926281036795199e-10   0.0000000000000000e+00   0.0000000000000000e+00
0229   8.8867187500000000e-01   9.9999920624541017e-01   5.9999997241134428e-01  -5.6296641740863458e-10   0.0000000000000000e+00   0.0000000000000000e+00
0230   8.9257812500000000e-01   9.9999919009353311e-01   5.9999997184972487e-01  -5.4631120684970710e-10   0.0000000000000000e+00   0.0000000000000000e+00
0231   8.9648437500000000e-01   9.9999917442951169e-01   5.9999997130508842e-01  -5.2930555420428581e-10   0.0000000000000000e+00   0.0000000000000000e+00
0232   9.0039062500000000e-01   9.9999915926281679e-01   5.9999997077777278e-01  -5.1195831382372259e-10   0.0000000000000000e+00   0.0000000000000000e+00
0233   9.0429687500000000e-01   9.9999914460261707e-01   5.9999997026810648e-01  -4.9427953392438982e-10   0.0000000000000000e+00   0.0000000000000000e+00
0234   9.0820312500000000e-01   9.9999913045770417e-01   5.9999996977640790e-01  -4.7627855892566137e-10   0.0000000000000000e+00   0.0000000000000000e+00
0235   9.1210937500000000e-01   9.9999911683663556e-01   5.9999996930298571e-01  -4.5796652334826166e-10   0.0000000000000000e+00   0.0000000000000000e+00
0236   9.1601562500000000e-01   9.9999910374766188e-01   5.9999996884813711e-01  -4.3935422152559885e-10   0.0000000000000000e+00   0.0000000000000000e+00
0237   9.1992187500000000e-01   9.9999909119867392e-01   5.9999996841214887e-01  -4.2045377310101644e-10   0.0000000000000000e+00   0.0000000000000000e+00
0238   9.2382812500000000e-01   9.9999907919719677e-01   5.9999996799529554e-01  -4.0127909220017988e-10   0.0000000000000000e+00   0.0000000000000000e+00
0239   9.2773437500000000e-01   9.9999906775048952e-01   5.9999996759784047e-01  -3.8184277606681417e-10   0.0000000000000000e+00   0.0000000000000000e+00
0240   9.3164062500000000e-01   9.9999905686546475e-01   5.9999996722003390e-01  -3.6216059007697692e-10   0.0000000000000000e+00   0.0000000000000000e+00
0241   9.3554687500000000e-01   9.9999904654868310e-01   5.9999996686211476e-01  -3.4224752930501695e-10   0.0000000000000000e+00   0.0000000000000000e+00
0242   9.3945312500000000e-01   9.9999903680639990e-01   5.9999996652430820e-01  -3.2211983755644812e-10   0.0000000000000000e+00   0.0000000000000000e+00
0243   9.4335937500000000e-01   9.9999902764448068e-01   5.9999996620682572e-01  -3.0179560739119350e-10   0.0000000000000000e+00   0.0000000000000000e+00
0244   9.4726562500000000e-01   9.9999901906838584e-01   5.9999996590986282e-01  -2.8129362601283296e-10   0.0000000000000000e+00   0.0000000000000000e+00
0245   9.5117187500000000e-01   9.9999901108336586e-01   5.9999996563359947e-01  -2.6063657715768319e-10   0.0000000000000000e+00   0.0000000000000000e+00
0246   9.5507812500000000e-01   9.9999900369419925e-01   5.9999996537819855e-01  -2.3984742241766720e-10   0.0000000000000000e+00   0.0000000000000000e+00
0247   9.5898437500000000e-01   9.9999899690529992e-01   5.9999996514380871e-01  -2.1894861143498190e-10   0.0000000000000000e+00   0.0000000000000000e+00
0248   9.6289062500000000e-01   9.9999899072081333e-01   5.9999996493056484e-01  -1.9796043282989234e-10   0.0000000000000000e+00   0.0000000000000000e+00
0249   9.6679687500000000e-01   9.9999898514438779e-01   5.9999996473858841e-01  -1.7690621800291448e-10   0.0000000000000000e+00   0.0000000000000000e+00
0250   9.7070312500000000e-01   9.9999898017940891e-01   5.9999996456797711e-01  -1.5580793091382890e-10   0.0000000000000000e+00   0.0000000000000000e+00
0251   9.7460937500000000e-01   9.9999897582882591e-01   5.9999996441881165e-01  -1.3472243941948236e-10   0.0000000000000000e+00   0.0000000000000000e+00
0252   9.7851562500000000e-01   9.9999897209521771e-01   5.9999996429110036e-01  -1.1365528776502002e-10   0.0000000000000000e+00   0.0000000000000000e+00
0253   9.8242187500000000e-01   9.9999896898074270e-01   5.9999996418489288e-01  -9.2849708468790079e-11   0.0000000000000000e+00   0.0000000000000000e+00
0254   9.8632812500000000e-01   9.9999896648706443e-01   5.9999996410000123e-01  -7.1861502371788992e-11   0.0000000000000000e+00   0.0000000000000000e+00
0255   9.9023437500000000e-01   9.9999896461581539e-01   5.9999996403660472e-01  -5.2462662926122818e-11   0.0000000000000000e+00   0.0000000000000000e+00
0256   9.9414062500000000e-01   9.9999896336773264e-01   5.9999996399436140e-01  -2.9761872476936551e-11   0.0000000000000000e+00   0.0000000000000000e+00
0257   9.9804687500000000e-01   9.9999896274348221e-01   5.9999996397321709e-01  -1.8558101771554856e-11   0.0000000000000000e+00   0.0000000000000000e+00
