# Athena++ data at time=5.325193e+01  cycle=27265  variables=prim 
# i       x1v         rho          press          vel1         vel2         vel3     
0002   1.9531250000000000e-03   9.9999896268742994e-01   5.9999996391715837e-01   1.8611797367561752e-11   0.0000000000000000e+00   0.0000000000000000e+00
0003   5.8593750000000000e-03   9.9999896331177607e-01   5.9999996393840671e-01   2.9794501668641750e-11   0.0000000000000000e+00   0.0000000000000000e+00
0004   9.7656250000000000e-03   9.9999896456007464e-01   5.9999996398086342e-01   5.2524667261624021e-11   0.0000000000000000e+00   0.0000000000000000e+00
0005   1.3671875000000000e-02   9.9999896643164332e-01   5.9999996404457501e-01   7.1930786468689226e-11   0.0000000000000000e+00   0.0000000000000000e+00
0006   1.7578125000000000e-02   9.9999896892573492e-01   5.9999996412988288e-01   9.2923659787584446e-11   0.0000000000000000e+00   0.0000000000000000e+00
0007   2.1484375000000000e-02   9.9999897204071708e-01   5.9999996423660107e-01   1.1371955719145886e-10   0.0000000000000000e+00   0.0000000000000000e+00
0008   2.5390625000000000e-02   9.9999897577493913e-01   5.9999996436491199e-01   1.3476319805759902e-10   0.0000000000000000e+00   0.0000000000000000e+00
0009   2.9296875000000000e-02   9.9999898012618016e-01   5.9999996451475823e-01   1.5580807013510293e-10   0.0000000000000000e+00   0.0000000000000000e+00
0010   3.3203125000000000e-02   9.9999898509193463e-01   5.9999996468612404e-01   1.7684628079912592e-10   0.0000000000000000e+00   0.0000000000000000e+00
0011   3.7109375000000000e-02   9.9999899066916320e-01   5.9999996487891871e-01   1.9781913541715695e-10   0.0000000000000000e+00   0.0000000000000000e+00
0012   4.1015625000000000e-02   9.9999899685454074e-01   5.9999996509303510e-01   2.1870459427816821e-10   0.0000000000000000e+00   0.0000000000000000e+00
0013   4.4921875000000000e-02   9.9999900364432714e-01   5.9999996532834177e-01   2.3947902670567572e-10   0.0000000000000000e+00   0.0000000000000000e+00
0014   4.8828125000000000e-02   9.9999901103445965e-01   5.9999996558469337e-01   2.6012229188021430e-10   0.0000000000000000e+00   0.0000000000000000e+00
0015   5.2734375000000000e-02   9.9999901902046029e-01   5.9999996586193183e-01   2.8061246052761863e-10   0.0000000000000000e+00   0.0000000000000000e+00
0016   5.6640625000000000e-02   9.9999902759752690e-01   5.9999996615988493e-01   3.0092809734109785e-10   0.0000000000000000e+00   0.0000000000000000e+00
0017   6.0546875000000000e-02   9.9999903676045410e-01   5.9999996647836407e-01   3.2104856646050438e-10   0.0000000000000000e+00   0.0000000000000000e+00
0018   6.4453125000000000e-02   9.9999904650374061e-01   5.9999996681716528e-01   3.4095675601054520e-10   0.0000000000000000e+00   0.0000000000000000e+00
0019   6.8359375000000000e-02   9.9999905682148782e-01   5.9999996717606985e-01   3.6063624877185263e-10   0.0000000000000000e+00   0.0000000000000000e+00
0020   7.2265625000000000e-02   9.9999906770748725e-01   5.9999996755484630e-01   3.8007448810607590e-10   0.0000000000000000e+00   0.0000000000000000e+00
0021   7.6171875000000000e-02   9.9999907915513175e-01   5.9999996795325095e-01   3.9925852686236232e-10   0.0000000000000000e+00   0.0000000000000000e+00
0022   8.0078125000000000e-02   9.9999909115753549e-01   5.9999996837102898e-01   4.1817613783450094e-10   0.0000000000000000e+00   0.0000000000000000e+00
0023   8.3984375000000000e-02   9.9999910370744760e-01   5.9999996880791451e-01   4.3681625014972268e-10   0.0000000000000000e+00   0.0000000000000000e+00
0024   8.7890625000000000e-02   9.9999911679729070e-01   5.9999996926363086e-01   4.5516856239293253e-10   0.0000000000000000e+00   0.0000000000000000e+00
0025   9.1796875000000000e-02   9.9999913041917454e-01   5.9999996973789094e-01   4.7322397155394641e-10   0.0000000000000000e+00   0.0000000000000000e+00
0026   9.5703125000000000e-02   9.9999914456488082e-01   5.9999997023039775e-01   4.9097324697220164e-10   0.0000000000000000e+00   0.0000000000000000e+00
0027   9.9609375000000000e-02   9.9999915922588500e-01   5.9999997074084455e-01   5.0840771195581328e-10   0.0000000000000000e+00   0.0000000000000000e+00
0028   1.0351562500000000e-01   9.9999917439334018e-01   5.9999997126891480e-01   5.2552010737409398e-10   0.0000000000000000e+00   0.0000000000000000e+00
0029   1.0742187500000000e-01   9.9999919005807836e-01   5.9999997181428333e-01   5.4230187422397116e-10   0.0000000000000000e+00   0.0000000000000000e+00
0030   1.1132812500000000e-01   9.9999920621068494e-01   5.9999997237661595e-01   5.5874557287428789e-10   0.0000000000000000e+00   0.0000000000000000e+00
0031   1.1523437500000000e-01   9.9999922284143550e-01   5.9999997295556906e-01   5.7484401901719205e-10   0.0000000000000000e+00   0.0000000000000000e+00
0032   1.1914062500000000e-01   9.9999923994028772e-01   5.9999997355079082e-01   5.9058893036199142e-10   0.0000000000000000e+00   0.0000000000000000e+00
0033   1.2304687500000000e-01   9.9999925749695906e-01   5.9999997416192030e-01   6.0597374089292631e-10   0.0000000000000000e+00   0.0000000000000000e+00
0034   1.2695312500000000e-01   9.9999927550084977e-01   5.9999997478858791e-01   6.2099003915736353e-10   0.0000000000000000e+00   0.0000000000000000e+00
0035   1.3085937500000000e-01   9.9999929394113263e-01   5.9999997543041650e-01   6.3563111703690270e-10   0.0000000000000000e+00   0.0000000000000000e+00
0036   1.3476562500000000e-01   9.9999931280668419e-01   5.9999997608701994e-01   6.4988895598201064e-10   0.0000000000000000e+00   0.0000000000000000e+00
0037   1.3867187500000000e-01   9.9999933208615321e-01   5.9999997675800354e-01   6.6375616262009361e-10   0.0000000000000000e+00   0.0000000000000000e+00
0038   1.4257812500000000e-01   9.9999935176793764e-01   5.9999997744296485e-01   6.7722588676387872e-10   0.0000000000000000e+00   0.0000000000000000e+00
0039   1.4648437500000000e-01   9.9999937184015031e-01   5.9999997814149364e-01   6.9028987071219697e-10   0.0000000000000000e+00   0.0000000000000000e+00
0040   1.5039062500000000e-01   9.9999939229075141e-01   5.9999997885317102e-01   7.0294103772310020e-10   0.0000000000000000e+00   0.0000000000000000e+00
0041   1.5429687500000000e-01   9.9999941310737750e-01   5.9999997957757067e-01   7.1517152910883895e-10   0.0000000000000000e+00   0.0000000000000000e+00
0042   1.5820312500000000e-01   9.9999943427751814e-01   5.9999998031425872e-01   7.2697442337461779e-10   0.0000000000000000e+00   0.0000000000000000e+00
0043   1.6210937500000000e-01   9.9999945578842209e-01   5.9999998106279406e-01   7.3834231947087836e-10   0.0000000000000000e+00   0.0000000000000000e+00
0044   1.6601562500000000e-01   9.9999947762712715e-01   5.9999998182272773e-01   7.4926833516112689e-10   0.0000000000000000e+00   0.0000000000000000e+00
0045   1.6992187500000000e-01   9.9999949978049596e-01   5.9999998259360410e-01   7.5974564579278647e-10   0.0000000000000000e+00   0.0000000000000000e+00
0046   1.7382812500000000e-01   9.9999952223515665e-01   5.9999998337496108e-01   7.6976712811867671e-10   0.0000000000000000e+00   0.0000000000000000e+00
0047   1.7773437500000000e-01   9.9999954497760879e-01   5.9999998416632927e-01   7.7932700910703160e-10   0.0000000000000000e+00   0.0000000000000000e+00
0048   1.8164062500000000e-01   9.9999956799414402e-01   5.9999998496723350e-01   7.8841900578569633e-10   0.0000000000000000e+00   0.0000000000000000e+00
0049   1.8554687500000000e-01   9.9999959127092364e-01   5.9999998577719271e-01   7.9703699148014169e-10   0.0000000000000000e+00   0.0000000000000000e+00
0050   1.8945312500000000e-01   9.9999961479388522e-01   5.9999998659571985e-01   8.0517625103988623e-10   0.0000000000000000e+00   0.0000000000000000e+00
0051   1.9335937500000000e-01   9.9999963854887675e-01   5.9999998742232308e-01   8.1283096605841040e-10   0.0000000000000000e+00   0.0000000000000000e+00
0052   1.9726562500000000e-01   9.9999966252160066e-01   5.9999998825650447e-01   8.1999661059264519e-10   0.0000000000000000e+00   0.0000000000000000e+00
0053   2.0117187500000000e-01   9.9999968669761430e-01   5.9999998909776198e-01   8.2666827867825284e-10   0.0000000000000000e+00   0.0000000000000000e+00
0054   2.0507812500000000e-01   9.9999971106236407e-01   5.9999998994558923e-01   8.3284280453007443e-10   0.0000000000000000e+00   0.0000000000000000e+00
0055   2.0898437500000000e-01   9.9999973560115385e-01   5.9999999079947586e-01   8.3851569671931772e-10   0.0000000000000000e+00   0.0000000000000000e+00
0056   2.1289062500000000e-01   9.9999976029920801e-01   5.9999999165890705e-01   8.4368458459121177e-10   0.0000000000000000e+00   0.0000000000000000e+00
0057   2.1679687500000000e-01   9.9999978514165833e-01   5.9999999252336556e-01   8.4834546673232438e-10   0.0000000000000000e+00   0.0000000000000000e+00
0058   2.2070312500000000e-01   9.9999981011350858e-01   5.9999999339232957e-01   8.5249621666696735e-10   0.0000000000000000e+00   0.0000000000000000e+00
0059   2.2460937500000000e-01   9.9999983519976055e-01   5.9999999426527750e-01   8.5613419450701575e-10   0.0000000000000000e+00   0.0000000000000000e+00
0060   2.2851562500000000e-01   9.9999986038530064e-01   5.9999999514167690e-01   8.5925929008493194e-10   0.0000000000000000e+00   0.0000000000000000e+00
0061   2.3242187500000000e-01   9.9999988565493225e-01   5.9999999602101894e-01   8.6186824082511520e-10   0.0000000000000000e+00   0.0000000000000000e+00
0062   2.3632812500000000e-01   9.9999991099340679e-01   5.9999999690271655e-01   8.6395844118941609e-10   0.0000000000000000e+00   0.0000000000000000e+00
0063   2.4023437500000000e-01   9.9999993638560480e-01   5.9999999778639956e-01   8.6555152897173723e-10   0.0000000000000000e+00   0.0000000000000000e+00
0064   2.4414062500000000e-01   9.9999996181584039e-01   5.9999999867112086e-01   8.6657147668317119e-10   0.0000000000000000e+00   0.0000000000000000e+00
0065   2.4804687500000000e-01   9.9999998726976091e-01   5.9999999955734151e-01   8.6724828172597797e-10   0.0000000000000000e+00   0.0000000000000000e+00
0066   2.5195312500000000e-01   1.0000000127301312e+00   6.0000000044259261e-01   8.6724087546412429e-10   0.0000000000000000e+00   0.0000000000000000e+00
0067   2.5585937500000000e-01   1.0000000381840370e+00   6.0000000132881370e-01   8.6655018722121483e-10   0.0000000000000000e+00   0.0000000000000000e+00
0068   2.5976562500000000e-01   1.0000000636142727e+00   6.0000000221353544e-01   8.6551567945585621e-10   0.0000000000000000e+00   0.0000000000000000e+00
0069   2.6367187500000000e-01   1.0000000890064804e+00   6.0000000309721824e-01   8.6390805849484087e-10   0.0000000000000000e+00   0.0000000000000000e+00
0070   2.6757812500000000e-01   1.0000001143449526e+00   6.0000000397891651e-01   8.6180353397591121e-10   0.0000000000000000e+00   0.0000000000000000e+00
0071   2.7148437500000000e-01   1.0000001396145970e+00   6.0000000485825888e-01   8.5918024048745036e-10   0.0000000000000000e+00   0.0000000000000000e+00
0072   2.7539062500000000e-01   1.0000001648001136e+00   6.0000000573465895e-01   8.5604118934023764e-10   0.0000000000000000e+00   0.0000000000000000e+00
0073   2.7929687500000000e-01   1.0000001898863735e+00   6.0000000660760799e-01   8.5238900577580825e-10   0.0000000000000000e+00   0.0000000000000000e+00
0074   2.8320312500000000e-01   1.0000002148582454e+00   6.0000000747657312e-01   8.4822428036417726e-10   0.0000000000000000e+00   0.0000000000000000e+00
0075   2.8710937500000000e-01   1.0000002397006871e+00   6.0000000834103295e-01   8.4355054328454910e-10   0.0000000000000000e+00   0.0000000000000000e+00
0076   2.9101562500000000e-01   1.0000002643987482e+00   6.0000000920046559e-01   8.3836891134120458e-10   0.0000000000000000e+00   0.0000000000000000e+00
0077   2.9492187500000000e-01   1.0000002889375372e+00   6.0000001005435344e-01   8.3268394110859122e-10   0.0000000000000000e+00   0.0000000000000000e+00
0078   2.9882812500000000e-01   1.0000003133023012e+00   6.0000001090218236e-01   8.2649758985721085e-10   0.0000000000000000e+00   0.0000000000000000e+00
0079   3.0273437500000000e-01   1.0000003374783031e+00   6.0000001174344175e-01   8.1981415927172900e-10   0.0000000000000000e+00   0.0000000000000000e+00
0080   3.0664062500000000e-01   1.0000003614510098e+00   6.0000001257762459e-01   8.1263789221080449e-10   0.0000000000000000e+00   0.0000000000000000e+00
0081   3.1054687500000000e-01   1.0000003852060533e+00   6.0000001340422926e-01   8.0497343062719713e-10   0.0000000000000000e+00   0.0000000000000000e+00
0082   3.1445312500000000e-01   1.0000004087290109e+00   6.0000001422275828e-01   7.9682514835429267e-10   0.0000000000000000e+00   0.0000000000000000e+00
0083   3.1835937500000000e-01   1.0000004320057716e+00   6.0000001503271927e-01   7.8819860006245710e-10   0.0000000000000000e+00   0.0000000000000000e+00
0084   3.2226562500000000e-01   1.0000004550223178e+00   6.0000001583362506e-01   7.7909898242935805e-10   0.0000000000000000e+00   0.0000000000000000e+00
0085   3.2617187500000000e-01   1.0000004777647811e+00   6.0000001662499491e-01   7.6953223320833533e-10   0.0000000000000000e+00   0.0000000000000000e+00
0086   3.3007812500000000e-01   1.0000005002194623e+00   6.0000001740635300e-01   7.5950440935408879e-10   0.0000000000000000e+00   0.0000000000000000e+00
0087   3.3398437500000000e-01   1.0000005223728328e+00   6.0000001817723092e-01   7.4902150511816921e-10   0.0000000000000000e+00   0.0000000000000000e+00
0088   3.3789062500000000e-01   1.0000005442115074e+00   6.0000001893716615e-01   7.3809045532846954e-10   0.0000000000000000e+00   0.0000000000000000e+00
0089   3.4179687500000000e-01   1.0000005657224285e+00   6.0000001968570305e-01   7.2671771011312376e-10   0.0000000000000000e+00   0.0000000000000000e+00
0090   3.4570312500000000e-01   1.0000005868925936e+00   6.0000002042239242e-01   7.1491048523035063e-10   0.0000000000000000e+00   0.0000000000000000e+00
0091   3.4960937500000000e-01   1.0000006077092134e+00   6.0000002114679363e-01   7.0267610562348068e-10   0.0000000000000000e+00   0.0000000000000000e+00
0092   3.5351562500000000e-01   1.0000006281598179e+00   6.0000002185847245e-01   6.9002197570964080e-10   0.0000000000000000e+00   0.0000000000000000e+00
0093   3.5742187500000000e-01   1.0000006482320465e+00   6.0000002255700291e-01   6.7695498431611985e-10   0.0000000000000000e+00   0.0000000000000000e+00
0094   3.6132812500000000e-01   1.0000006679138238e+00   6.0000002324196600e-01   6.6348298954513591e-10   0.0000000000000000e+00   0.0000000000000000e+00
0095   3.6523437500000000e-01   1.0000006871933169e+00   6.0000002391295115e-01   6.4961342865718195e-10   0.0000000000000000e+00   0.0000000000000000e+00
0096   3.6914062500000000e-01   1.0000007060588623e+00   6.0000002456955615e-01   6.3535423164830948e-10   0.0000000000000000e+00   0.0000000000000000e+00
0097   3.7304687500000000e-01   1.0000007244991553e+00   6.0000002521138629e-01   6.2071208362475619e-10   0.0000000000000000e+00   0.0000000000000000e+00
0098   3.7695312500000000e-01   1.0000007425030470e+00   6.0000002583805589e-01   6.0569518921223099e-10   0.0000000000000000e+00   0.0000000000000000e+00
0099   3.8085937500000000e-01   1.0000007600597167e+00   6.0000002644918693e-01   5.9031077811260148e-10   0.0000000000000000e+00   0.0000000000000000e+00
0100   3.8476562500000000e-01   1.0000007771585728e+00   6.0000002704441036e-01   5.7456640510350462e-10   0.0000000000000000e+00   0.0000000000000000e+00
0101   3.8867187500000000e-01   1.0000007937893234e+00   6.0000002762336524e-01   5.5846938172815449e-10   0.0000000000000000e+00   0.0000000000000000e+00
0102   3.9257812500000000e-01   1.0000008099419522e+00   6.0000002818569942e-01   5.4202750656745741e-10   0.0000000000000000e+00   0.0000000000000000e+00
0103   3.9648437500000000e-01   1.0000008256067017e+00   6.0000002873106995e-01   5.2524807651428142e-10   0.0000000000000000e+00   0.0000000000000000e+00
0104   4.0039062500000000e-01   1.0000008407741414e+00   6.0000002925914220e-01   5.0813894203070524e-10   0.0000000000000000e+00   0.0000000000000000e+00
0105   4.0429687500000000e-01   1.0000008554351605e+00   6.0000002976959077e-01   4.9070776919525123e-10   0.0000000000000000e+00   0.0000000000000000e+00
0106   4.0820312500000000e-01   1.0000008695808627e+00   6.0000003026209947e-01   4.7296301073286119e-10   0.0000000000000000e+00   0.0000000000000000e+00
0107   4.1210937500000000e-01   1.0000008832027609e+00   6.0000003073636132e-01   4.5491330767851709e-10   0.0000000000000000e+00   0.0000000000000000e+00
0108   4.1601562500000000e-01   1.0000008962926059e+00   6.0000003119207945e-01   4.3656684931668559e-10   0.0000000000000000e+00   0.0000000000000000e+00
0109   4.1992187500000000e-01   1.0000009088425392e+00   6.0000003162896687e-01   4.1793382104386696e-10   0.0000000000000000e+00   0.0000000000000000e+00
0110   4.2382812500000000e-01   1.0000009208449436e+00   6.0000003204674668e-01   3.9902415386153595e-10   0.0000000000000000e+00   0.0000000000000000e+00
0111   4.2773437500000000e-01   1.0000009322925829e+00   6.0000003244515288e-01   3.7984895821413873e-10   0.0000000000000000e+00   0.0000000000000000e+00
0112   4.3164062500000000e-01   1.0000009431785706e+00   6.0000003282393111e-01   3.6042031476589030e-10   0.0000000000000000e+00   0.0000000000000000e+00
0113   4.3554687500000000e-01   1.0000009534963357e+00   6.0000003318283746e-01   3.4075072623969896e-10   0.0000000000000000e+00   0.0000000000000000e+00
0114   4.3945312500000000e-01   1.0000009632396532e+00   6.0000003352164011e-01   3.2085383248705126e-10   0.0000000000000000e+00   0.0000000000000000e+00
0115   4.4335937500000000e-01   1.0000009724025554e+00   6.0000003384012024e-01   3.0074456343447322e-10   0.0000000000000000e+00   0.0000000000000000e+00
0116   4.4726562500000000e-01   1.0000009809796306e+00   6.0000003413807435e-01   2.8044096542707916e-10   0.0000000000000000e+00   0.0000000000000000e+00
0117   4.5117187500000000e-01   1.0000009889656425e+00   6.0000003441531402e-01   2.5996289515668618e-10   0.0000000000000000e+00   0.0000000000000000e+00
0118   4.5507812500000000e-01   1.0000009963557812e+00   6.0000003467166663e-01   2.3933220107014157e-10   0.0000000000000000e+00   0.0000000000000000e+00
0119   4.5898437500000000e-01   1.0000010031455726e+00   6.0000003490697373e-01   2.1857040607140783e-10   0.0000000000000000e+00   0.0000000000000000e+00
0120   4.6289062500000000e-01   1.0000010093309486e+00   6.0000003512109090e-01   1.9769806434831182e-10   0.0000000000000000e+00   0.0000000000000000e+00
0121   4.6679687500000000e-01   1.0000010149081984e+00   6.0000003531388602e-01   1.7673806511175961e-10   0.0000000000000000e+00   0.0000000000000000e+00
0122   4.7070312500000000e-01   1.0000010198739107e+00   6.0000003548525238e-01   1.5571315967603219e-10   0.0000000000000000e+00   0.0000000000000000e+00
0123   4.7460937500000000e-01   1.0000010242251665e+00   6.0000003563509907e-01   1.3468148758946708e-10   0.0000000000000000e+00   0.0000000000000000e+00
0124   4.7851562500000000e-01   1.0000010279594012e+00   6.0000003576341032e-01   1.1365075912715472e-10   0.0000000000000000e+00   0.0000000000000000e+00
0125   4.8242187500000000e-01   1.0000010310743614e+00   6.0000003587012862e-01   9.2867452786286781e-11   0.0000000000000000e+00   0.0000000000000000e+00
0126   4.8632812500000000e-01   1.0000010335684637e+00   6.0000003595543694e-01   7.1887263984305832e-11   0.0000000000000000e+00   0.0000000000000000e+00
0127   4.9023437500000000e-01   1.0000010354400399e+00   6.0000003601914864e-01   5.2493252565398022e-11   0.0000000000000000e+00   0.0000000000000000e+00
0128   4.9414062500000000e-01   1.0000010366883454e+00   6.0000003606160524e-01   2.9775377463942780e-11   0.0000000000000000e+00   0.0000000000000000e+00
0129   4.9804687500000000e-01   1.0000010373126658e+00   6.0000003608285324e-01   1.8604896161715168e-11   0.0000000000000000e+00   0.0000000000000000e+00
0130   5.0195312500000000e-01   1.0000010373126604e+00   6.0000003608285346e-01  -1.8606013834560912e-11   0.0000000000000000e+00   0.0000000000000000e+00
0131   5.0585937500000000e-01   1.0000010366883396e+00   6.0000003606160546e-01  -2.9776979461514715e-11   0.0000000000000000e+00   0.0000000000000000e+00
0132   5.0976562500000000e-01   1.0000010354400324e+00   6.0000003601914920e-01  -5.2494742795714147e-11   0.0000000000000000e+00   0.0000000000000000e+00
0133   5.1367187500000000e-01   1.0000010335684577e+00   6.0000003595543794e-01  -7.1888828726147692e-11   0.0000000000000000e+00   0.0000000000000000e+00
0134   5.1757812500000000e-01   1.0000010310743592e+00   6.0000003587012996e-01  -9.2868905760841703e-11   0.0000000000000000e+00   0.0000000000000000e+00
0135   5.2148437500000000e-01   1.0000010279594009e+00   6.0000003576341154e-01  -1.1365213759031034e-10   0.0000000000000000e+00   0.0000000000000000e+00
0136   5.2539062500000000e-01   1.0000010242251594e+00   6.0000003563510018e-01  -1.3468271702955672e-10   0.0000000000000000e+00   0.0000000000000000e+00
0137   5.2929687500000000e-01   1.0000010198738865e+00   6.0000003548525316e-01  -1.5571397930290493e-10   0.0000000000000000e+00   0.0000000000000000e+00
0138   5.3320312500000000e-01   1.0000010149081837e+00   6.0000003531388668e-01  -1.7673888473870202e-10   0.0000000000000000e+00   0.0000000000000000e+00
0139   5.3710937500000000e-01   1.0000010093309526e+00   6.0000003512109135e-01  -1.9769925653274791e-10   0.0000000000000000e+00   0.0000000000000000e+00
0140   5.4101562500000000e-01   1.0000010031455591e+00   6.0000003490697396e-01  -2.1857130020980922e-10   0.0000000000000000e+00   0.0000000000000000e+00
0141   5.4492187500000000e-01   1.0000009963557592e+00   6.0000003467166640e-01  -2.3933279716266343e-10   0.0000000000000000e+00   0.0000000000000000e+00
0142   5.4882812500000000e-01   1.0000009889656343e+00   6.0000003441531391e-01  -2.5996378929510742e-10   0.0000000000000000e+00   0.0000000000000000e+00
0143   5.5273437500000000e-01   1.0000009809796302e+00   6.0000003413807412e-01  -2.8044204584410015e-10   0.0000000000000000e+00   0.0000000000000000e+00
0144   5.5664062500000000e-01   1.0000009724025691e+00   6.0000003384012013e-01  -3.0074594189771950e-10   0.0000000000000000e+00   0.0000000000000000e+00
0145   5.6054687500000000e-01   1.0000009632396267e+00   6.0000003352163966e-01  -3.2085528546156518e-10   0.0000000000000000e+00   0.0000000000000000e+00
0146   5.6445312500000000e-01   1.0000009534963348e+00   6.0000003318283712e-01  -3.4075255177193908e-10   0.0000000000000000e+00   0.0000000000000000e+00
0147   5.6835937500000000e-01   1.0000009431785564e+00   6.0000003282393077e-01  -3.6042202853098372e-10   0.0000000000000000e+00   0.0000000000000000e+00
0148   5.7226562500000000e-01   1.0000009322925802e+00   6.0000003244515265e-01  -3.7985052295615029e-10   0.0000000000000000e+00   0.0000000000000000e+00
0149   5.7617187500000000e-01   1.0000009208449154e+00   6.0000003204674679e-01  -3.9902556958051596e-10   0.0000000000000000e+00   0.0000000000000000e+00
0150   5.8007812500000000e-01   1.0000009088425375e+00   6.0000003162896731e-01  -4.1793527401864388e-10   0.0000000000000000e+00   0.0000000000000000e+00
0151   5.8398437500000000e-01   1.0000008962925961e+00   6.0000003119208023e-01  -4.3656863759330903e-10   0.0000000000000000e+00   0.0000000000000000e+00
0152   5.8789062500000000e-01   1.0000008832027294e+00   6.0000003073636210e-01  -4.5491453711869335e-10   0.0000000000000000e+00   0.0000000000000000e+00
0153   5.9179687500000000e-01   1.0000008695808653e+00   6.0000003026210025e-01  -4.7296450096334403e-10   0.0000000000000000e+00   0.0000000000000000e+00
0154   5.9570312500000000e-01   1.0000008554351290e+00   6.0000002976959188e-01  -4.9070888686814652e-10   0.0000000000000000e+00   0.0000000000000000e+00
0155   5.9960937500000000e-01   1.0000008407741554e+00   6.0000002925914309e-01  -5.0813950086757888e-10   0.0000000000000000e+00   0.0000000000000000e+00
0156   6.0351562500000000e-01   1.0000008256067061e+00   6.0000002873107094e-01  -5.2524844907223778e-10   0.0000000000000000e+00   0.0000000000000000e+00
0157   6.0742187500000000e-01   1.0000008099419591e+00   6.0000002818570064e-01  -5.4202754382352579e-10   0.0000000000000000e+00   0.0000000000000000e+00
0158   6.1132812500000000e-01   1.0000007937893252e+00   6.0000002762336624e-01  -5.5846904642670822e-10   0.0000000000000000e+00   0.0000000000000000e+00
0159   6.1523437500000000e-01   1.0000007771585770e+00   6.0000002704441113e-01  -5.7456603254607372e-10   0.0000000000000000e+00   0.0000000000000000e+00
0160   6.1914062500000000e-01   1.0000007600596945e+00   6.0000002644918760e-01  -5.9031048006707263e-10   0.0000000000000000e+00   0.0000000000000000e+00
0161   6.2304687500000000e-01   1.0000007425030448e+00   6.0000002583805623e-01  -6.0569444409726115e-10   0.0000000000000000e+00   0.0000000000000000e+00
0162   6.2695312500000000e-01   1.0000007244991442e+00   6.0000002521138662e-01  -6.2071178557910440e-10   0.0000000000000000e+00   0.0000000000000000e+00
0163   6.3085937500000000e-01   1.0000007060588876e+00   6.0000002456955626e-01  -6.3535408262558662e-10   0.0000000000000000e+00   0.0000000000000000e+00
0164   6.3476562500000000e-01   1.0000006871933009e+00   6.0000002391295115e-01  -6.4961327963444100e-10   0.0000000000000000e+00   0.0000000000000000e+00
0165   6.3867187500000000e-01   1.0000006679138338e+00   6.0000002324196577e-01  -6.6348291503375013e-10   0.0000000000000000e+00   0.0000000000000000e+00
0166   6.4257812500000000e-01   1.0000006482320418e+00   6.0000002255700258e-01  -6.7695487254888696e-10   0.0000000000000000e+00   0.0000000000000000e+00
0167   6.4648437500000000e-01   1.0000006281598199e+00   6.0000002185847245e-01  -6.9002149138509675e-10   0.0000000000000000e+00   0.0000000000000000e+00
0168   6.5039062500000000e-01   1.0000006077092096e+00   6.0000002114679341e-01  -7.0267580757792154e-10   0.0000000000000000e+00   0.0000000000000000e+00
0169   6.5429687500000000e-01   1.0000005868925852e+00   6.0000002042239198e-01  -7.1491022444043334e-10   0.0000000000000000e+00   0.0000000000000000e+00
0170   6.5820312500000000e-01   1.0000005657224293e+00   6.0000001968570238e-01  -7.2671730029988773e-10   0.0000000000000000e+00   0.0000000000000000e+00
0171   6.6210937500000000e-01   1.0000005442115365e+00   6.0000001893716581e-01  -7.3808971021315383e-10   0.0000000000000000e+00   0.0000000000000000e+00
0172   6.6601562500000000e-01   1.0000005223728254e+00   6.0000001817723081e-01  -7.4902079725925472e-10   0.0000000000000000e+00   0.0000000000000000e+00
0173   6.6992187500000000e-01   1.0000005002194534e+00   6.0000001740635300e-01  -7.5950336619261785e-10   0.0000000000000000e+00   0.0000000000000000e+00
0174   6.7382812500000000e-01   1.0000004777647882e+00   6.0000001662499447e-01  -7.6953182339547257e-10   0.0000000000000000e+00   0.0000000000000000e+00
0175   6.7773437500000000e-01   1.0000004550223149e+00   6.0000001583362483e-01  -7.7909860987170267e-10   0.0000000000000000e+00   0.0000000000000000e+00
0176   6.8164062500000000e-01   1.0000004320057814e+00   6.0000001503271894e-01  -7.8819863731828332e-10   0.0000000000000000e+00   0.0000000000000000e+00
0177   6.8554687500000000e-01   1.0000004087290091e+00   6.0000001422275795e-01  -7.9682522286586839e-10   0.0000000000000000e+00   0.0000000000000000e+00
0178   6.8945312500000000e-01   1.0000003852060435e+00   6.0000001340422882e-01  -8.0497395220790964e-10   0.0000000000000000e+00   0.0000000000000000e+00
0179   6.9335937500000000e-01   1.0000003614510342e+00   6.0000001257762392e-01  -8.1263830202455978e-10   0.0000000000000000e+00   0.0000000000000000e+00
0180   6.9726562500000000e-01   1.0000003374782973e+00   6.0000001174344086e-01  -8.1981460634125312e-10   0.0000000000000000e+00   0.0000000000000000e+00
0181   7.0117187500000000e-01   1.0000003133022977e+00   6.0000001090218169e-01  -8.2649788790354341e-10   0.0000000000000000e+00   0.0000000000000000e+00
0182   7.0507812500000000e-01   1.0000002889375497e+00   6.0000001005435288e-01  -8.3268379208553159e-10   0.0000000000000000e+00   0.0000000000000000e+00
0183   7.0898437500000000e-01   1.0000002643987536e+00   6.0000000920046503e-01  -8.3836928389850840e-10   0.0000000000000000e+00   0.0000000000000000e+00
0184   7.1289062500000000e-01   1.0000002397006851e+00   6.0000000834103251e-01  -8.4355054328504676e-10   0.0000000000000000e+00   0.0000000000000000e+00
0185   7.1679687500000000e-01   1.0000002148582641e+00   6.0000000747657301e-01  -8.4822457841039464e-10   0.0000000000000000e+00   0.0000000000000000e+00
0186   7.2070312500000000e-01   1.0000001898863740e+00   6.0000000660760811e-01  -8.5238908028730829e-10   0.0000000000000000e+00   0.0000000000000000e+00
0187   7.2460937500000000e-01   1.0000001648001304e+00   6.0000000573465939e-01  -8.5604122659626363e-10   0.0000000000000000e+00   0.0000000000000000e+00
0188   7.2851562500000000e-01   1.0000001396145928e+00   6.0000000485825944e-01  -8.5917990518511890e-10   0.0000000000000000e+00   0.0000000000000000e+00
0189   7.3242187500000000e-01   1.0000001143449269e+00   6.0000000397891740e-01  -8.6180327318547869e-10   0.0000000000000000e+00   0.0000000000000000e+00
0190   7.3632812500000000e-01   1.0000000890064933e+00   6.0000000309721957e-01  -8.6390783495986534e-10   0.0000000000000000e+00   0.0000000000000000e+00
0191   7.4023437500000000e-01   1.0000000636142756e+00   6.0000000221353655e-01  -8.6551471080535569e-10   0.0000000000000000e+00   0.0000000000000000e+00
0192   7.4414062500000000e-01   1.0000000381840419e+00   6.0000000132881548e-01  -8.6654895778023197e-10   0.0000000000000000e+00   0.0000000000000000e+00
0193   7.4804687500000000e-01   1.0000000127301276e+00   6.0000000044259449e-01  -8.6723960876755663e-10   0.0000000000000000e+00   0.0000000000000000e+00
0194   7.5195312500000000e-01   9.9999998726977490e-01   5.9999999955734362e-01  -8.6724686600587341e-10   0.0000000000000000e+00   0.0000000000000000e+00
0195   7.5585937500000000e-01   9.9999996181583428e-01   5.9999999867112286e-01  -8.6657009821929714e-10   0.0000000000000000e+00   0.0000000000000000e+00
0196   7.5976562500000000e-01   9.9999993638560403e-01   5.9999999778640178e-01  -8.6554955441422777e-10   0.0000000000000000e+00   0.0000000000000000e+00
0197   7.6367187500000000e-01   9.9999991099339147e-01   5.9999999690271866e-01  -8.6395683919013617e-10   0.0000000000000000e+00   0.0000000000000000e+00
0198   7.6757812500000000e-01   9.9999988565492892e-01   5.9999999602102083e-01  -8.6186645254684469e-10   0.0000000000000000e+00   0.0000000000000000e+00
0199   7.7148437500000000e-01   9.9999986038529942e-01   5.9999999514167890e-01  -8.5925709199316381e-10   0.0000000000000000e+00   0.0000000000000000e+00
0200   7.7539062500000000e-01   9.9999983519978031e-01   5.9999999426527906e-01  -8.5613277878726295e-10   0.0000000000000000e+00   0.0000000000000000e+00
0201   7.7929687500000000e-01   9.9999981011352579e-01   5.9999999339233090e-01  -8.5249431662118002e-10   0.0000000000000000e+00   0.0000000000000000e+00
0202   7.8320312500000000e-01   9.9999978514164811e-01   5.9999999252336678e-01  -8.4834345491949131e-10   0.0000000000000000e+00   0.0000000000000000e+00
0203   7.8710937500000000e-01   9.9999976029921389e-01   5.9999999165890816e-01  -8.4368272180109929e-10   0.0000000000000000e+00   0.0000000000000000e+00
0204   7.9101562500000000e-01   9.9999973560115207e-01   5.9999999079947663e-01  -8.3851431825497083e-10   0.0000000000000000e+00   0.0000000000000000e+00
0205   7.9492187500000000e-01   9.9999971106236352e-01   5.9999998994558978e-01  -8.3284094174051430e-10   0.0000000000000000e+00   0.0000000000000000e+00
0206   7.9882812500000000e-01   9.9999968669762995e-01   5.9999998909776220e-01  -8.2666671393487514e-10   0.0000000000000000e+00   0.0000000000000000e+00
0207   8.0273437500000000e-01   9.9999966252159944e-01   5.9999998825650436e-01  -8.1999512036022717e-10   0.0000000000000000e+00   0.0000000000000000e+00
0208   8.0664062500000000e-01   9.9999963854887874e-01   5.9999998742232286e-01  -8.1282947582609268e-10   0.0000000000000000e+00   0.0000000000000000e+00
0209   8.1054687500000000e-01   9.9999961479387578e-01   5.9999998659571963e-01  -8.0517535690098026e-10   0.0000000000000000e+00   0.0000000000000000e+00
0210   8.1445312500000000e-01   9.9999959127090920e-01   5.9999998577719249e-01  -7.9703654441036600e-10   0.0000000000000000e+00   0.0000000000000000e+00
0211   8.1835937500000000e-01   9.9999956799414702e-01   5.9999998496723317e-01  -7.8841878225080094e-10   0.0000000000000000e+00   0.0000000000000000e+00
0212   8.2226562500000000e-01   9.9999954497761667e-01   5.9999998416632871e-01  -7.7932667380458506e-10   0.0000000000000000e+00   0.0000000000000000e+00
0213   8.2617187500000000e-01   9.9999952223515953e-01   5.9999998337496074e-01  -7.6976709086299834e-10   0.0000000000000000e+00   0.0000000000000000e+00
0214   8.3007812500000000e-01   9.9999949978048275e-01   5.9999998259360410e-01  -7.5974545951319524e-10   0.0000000000000000e+00   0.0000000000000000e+00
0215   8.3398437500000000e-01   9.9999947762714048e-01   5.9999998182272773e-01  -7.4926829790483931e-10   0.0000000000000000e+00   0.0000000000000000e+00
0216   8.3789062500000000e-01   9.9999945578841809e-01   5.9999998106279417e-01  -7.3834246849421365e-10   0.0000000000000000e+00   0.0000000000000000e+00
0217   8.4179687500000000e-01   9.9999943427752169e-01   5.9999998031425905e-01  -7.2697438611882249e-10   0.0000000000000000e+00   0.0000000000000000e+00
0218   8.4570312500000000e-01   9.9999941310739093e-01   5.9999997957757090e-01  -7.1517171538759255e-10   0.0000000000000000e+00   0.0000000000000000e+00
0219   8.4960937500000000e-01   9.9999939229074053e-01   5.9999997885317125e-01  -7.0294118674619085e-10   0.0000000000000000e+00   0.0000000000000000e+00
0220   8.5351562500000000e-01   9.9999937184015897e-01   5.9999997814149408e-01  -6.9029031778192158e-10   0.0000000000000000e+00   0.0000000000000000e+00
0221   8.5742187500000000e-01   9.9999935176791344e-01   5.9999997744296529e-01  -6.7722644560084656e-10   0.0000000000000000e+00   0.0000000000000000e+00
0222   8.6132812500000000e-01   9.9999933208615233e-01   5.9999997675800409e-01  -6.6375687048033128e-10   0.0000000000000000e+00   0.0000000000000000e+00
0223   8.6523437500000000e-01   9.9999931280666976e-01   5.9999997608702027e-01  -6.4988940305126355e-10   0.0000000000000000e+00   0.0000000000000000e+00
0224   8.6914062500000000e-01   9.9999929394112830e-01   5.9999997543041694e-01  -6.3563167587349758e-10   0.0000000000000000e+00   0.0000000000000000e+00
0225   8.7304687500000000e-01   9.9999927550085110e-01   5.9999997478858824e-01  -6.2099044897095721e-10   0.0000000000000000e+00   0.0000000000000000e+00
0226   8.7695312500000000e-01   9.9999925749694951e-01   5.9999997416192019e-01  -6.0597403893914079e-10   0.0000000000000000e+00   0.0000000000000000e+00
0227   8.8085937500000000e-01   9.9999923994027884e-01   5.9999997355079093e-01  -5.9058941468699620e-10   0.0000000000000000e+00   0.0000000000000000e+00
0228   8.8476562500000000e-01   9.9999922284144782e-01   5.9999997295556939e-01  -5.7484401901720456e-10   0.0000000000000000e+00   0.0000000000000000e+00
0229   8.8867187500000000e-01   9.9999920621068028e-01   5.9999997237661640e-01  -5.5874564738552633e-10   0.0000000000000000e+00   0.0000000000000000e+00
0230   8.9257812500000000e-01   9.9999919005808635e-01   5.9999997181428377e-01  -5.4230172520015539e-10   0.0000000000000000e+00   0.0000000000000000e+00
0231   8.9648437500000000e-01   9.9999917439332919e-01   5.9999997126891502e-01  -5.2551984658298659e-10   0.0000000000000000e+00   0.0000000000000000e+00
0232   9.0039062500000000e-01   9.9999915922589133e-01   5.9999997074084443e-01  -5.0840778646708046e-10   0.0000000000000000e+00   0.0000000000000000e+00
0233   9.0429687500000000e-01   9.9999914456489214e-01   5.9999997023039786e-01  -4.9097302343712955e-10   0.0000000000000000e+00   0.0000000000000000e+00
0234   9.0820312500000000e-01   9.9999913041918509e-01   5.9999996973789116e-01  -4.7322378527463384e-10   0.0000000000000000e+00   0.0000000000000000e+00
0235   9.1210937500000000e-01   9.9999911679729836e-01   5.9999996926363131e-01  -4.5516852513692035e-10   0.0000000000000000e+00   0.0000000000000000e+00
0236   9.1601562500000000e-01   9.9999910370744749e-01   5.9999996880791506e-01  -4.3681569131210049e-10   0.0000000000000000e+00   0.0000000000000000e+00
0237   9.1992187500000000e-01   9.9999909115755237e-01   5.9999996837103009e-01  -4.1817565350858641e-10   0.0000000000000000e+00   0.0000000000000000e+00
0238   9.2382812500000000e-01   9.9999907915514608e-01   5.9999996795325206e-01  -3.9925793076894266e-10   0.0000000000000000e+00   0.0000000000000000e+00
0239   9.2773437500000000e-01   9.9999906770749103e-01   5.9999996755484741e-01  -3.8007422731495243e-10   0.0000000000000000e+00   0.0000000000000000e+00
0240   9.3164062500000000e-01   9.9999905682149770e-01   5.9999996717607096e-01  -3.6063621151555471e-10   0.0000000000000000e+00   0.0000000000000000e+00
0241   9.3554687500000000e-01   9.9999904650374205e-01   5.9999996681716627e-01  -3.4095664424261376e-10   0.0000000000000000e+00   0.0000000000000000e+00
0242   9.3945312500000000e-01   9.9999903676045387e-01   5.9999996647836518e-01  -3.2104875273909999e-10   0.0000000000000000e+00   0.0000000000000000e+00
0243   9.4335937500000000e-01   9.9999902759752834e-01   5.9999996615988616e-01  -3.0092835813155378e-10   0.0000000000000000e+00   0.0000000000000000e+00
0244   9.4726562500000000e-01   9.9999901902046906e-01   5.9999996586193316e-01  -2.8061272131809219e-10   0.0000000000000000e+00   0.0000000000000000e+00
0245   9.5117187500000000e-01   9.9999901103445643e-01   5.9999996558469415e-01  -2.6012240364738179e-10   0.0000000000000000e+00   0.0000000000000000e+00
0246   9.5507812500000000e-01   9.9999900364434391e-01   5.9999996532834232e-01  -2.3947939926360060e-10   0.0000000000000000e+00   0.0000000000000000e+00
0247   9.5898437500000000e-01   9.9999899685453808e-01   5.9999996509303599e-01  -2.1870485506861225e-10   0.0000000000000000e+00   0.0000000000000000e+00
0248   9.6289062500000000e-01   9.9999899066916209e-01   5.9999996487891949e-01  -1.9781950797504962e-10   0.0000000000000000e+00   0.0000000000000000e+00
0249   9.6679687500000000e-01   9.9999898509192930e-01   5.9999996468612482e-01  -1.7684642982213984e-10   0.0000000000000000e+00   0.0000000000000000e+00
0250   9.7070312500000000e-01   9.9999898012619870e-01   5.9999996451475890e-01  -1.5580799562316271e-10   0.0000000000000000e+00   0.0000000000000000e+00
0251   9.7460937500000000e-01   9.9999897577493124e-01   5.9999996436491243e-01  -1.3476342159225215e-10   0.0000000000000000e+00   0.0000000000000000e+00
0252   9.7851562500000000e-01   9.9999897204071064e-01   5.9999996423660129e-01  -1.1371966895863105e-10   0.0000000000000000e+00   0.0000000000000000e+00
0253   9.8242187500000000e-01   9.9999896892573015e-01   5.9999996412988310e-01  -9.2923659787232377e-11   0.0000000000000000e+00   0.0000000000000000e+00
0254   9.8632812500000000e-01   9.9999896643164132e-01   5.9999996404457501e-01  -7.1930786468326184e-11   0.0000000000000000e+00   0.0000000000000000e+00
0255   9.9023437500000000e-01   9.9999896456008430e-01   5.9999996398086353e-01  -5.2524518237973937e-11   0.0000000000000000e+00   0.0000000000000000e+00
0256   9.9414062500000000e-01   9.9999896331177907e-01   5.9999996393840693e-01  -2.9794278133318156e-11   0.0000000000000000e+00   0.0000000000000000e+00
0257   9.9804687500000000e-01   9.9999896268742205e-01   5.9999996391715849e-01  -1.8611424808937647e-11   0.0000000000000000e+00   0.0000000000000000e+00
