# Athena++ data at time=6.725192e+01  cycle=34433  variables=prim 
# i       x1v         rho          press          vel1         vel2         vel3     
0002   1.9531250000000000e-03   9.9999896270014832e-01   5.9999996392987542e-01   1.8589731176969176e-11   0.0000000000000000e+00   0.0000000000000000e+00
0003   5.8593750000000000e-03   9.9999896332446714e-01   5.9999996395109456e-01   2.9765596068601618e-11   0.0000000000000000e+00   0.0000000000000000e+00
0004   9.7656250000000000e-03   9.9999896457270465e-01   5.9999996399349176e-01   5.2475697065740722e-11   0.0000000000000000e+00   0.0000000000000000e+00
0005   1.3671875000000000e-02   9.9999896644418751e-01   5.9999996405711620e-01   7.1869203437947704e-11   0.0000000000000000e+00   0.0000000000000000e+00
0006   1.7578125000000000e-02   9.9999896893816043e-01   5.9999996414230916e-01   9.2850843417964137e-11   0.0000000000000000e+00   0.0000000000000000e+00
0007   2.1484375000000000e-02   9.9999897205299937e-01   5.9999996424888680e-01   1.1364079906083497e-10   0.0000000000000000e+00   0.0000000000000000e+00
0008   2.5390625000000000e-02   9.9999897578706187e-01   5.9999996437703385e-01   1.3468364102386134e-10   0.0000000000000000e+00   0.0000000000000000e+00
0009   2.9296875000000000e-02   9.9999898013811994e-01   5.9999996452669502e-01   1.5573334165317647e-10   0.0000000000000000e+00   0.0000000000000000e+00
0010   3.3203125000000000e-02   9.9999898510366969e-01   5.9999996469785755e-01   1.7678323804718174e-10   0.0000000000000000e+00   0.0000000000000000e+00
0011   3.7109375000000000e-02   9.9999899068068288e-01   5.9999996489043361e-01   1.9777444957003341e-10   0.0000000000000000e+00   0.0000000000000000e+00
0012   4.1015625000000000e-02   9.9999899686582550e-01   5.9999996510431941e-01   2.1868538385622812e-10   0.0000000000000000e+00   0.0000000000000000e+00
0013   4.4921875000000000e-02   9.9999900365537298e-01   5.9999996533938638e-01   2.3949121831645675e-10   0.0000000000000000e+00   0.0000000000000000e+00
0014   4.8828125000000000e-02   9.9999901104525946e-01   5.9999996559549296e-01   2.6017259477538223e-10   0.0000000000000000e+00   0.0000000000000000e+00
0015   5.2734375000000000e-02   9.9999901903101451e-01   5.9999996587248383e-01   2.8070750971735603e-10   0.0000000000000000e+00   0.0000000000000000e+00
0016   5.6640625000000000e-02   9.9999902760782289e-01   5.9999996617018903e-01   3.0107300061419148e-10   0.0000000000000000e+00   0.0000000000000000e+00
0017   6.0546875000000000e-02   9.9999903677051416e-01   5.9999996648842313e-01   3.2124835735990779e-10   0.0000000000000000e+00   0.0000000000000000e+00
0018   6.4453125000000000e-02   9.9999904651355564e-01   5.9999996682698431e-01   3.4121490359781620e-10   0.0000000000000000e+00   0.0000000000000000e+00
0019   6.8359375000000000e-02   9.9999905683107615e-01   5.9999996718565618e-01   3.6095711650890331e-10   0.0000000000000000e+00   0.0000000000000000e+00
0020   7.2265625000000000e-02   9.9999906771685454e-01   5.9999996756420837e-01   3.8045986906095054e-10   0.0000000000000000e+00   0.0000000000000000e+00
0021   7.6171875000000000e-02   9.9999907916427833e-01   5.9999996796239830e-01   3.9970984179983057e-10   0.0000000000000000e+00   0.0000000000000000e+00
0022   8.0078125000000000e-02   9.9999909116648344e-01   5.9999996837997205e-01   4.1869436070189978e-10   0.0000000000000000e+00   0.0000000000000000e+00
0023   8.3984375000000000e-02   9.9999910371620415e-01   5.9999996881666418e-01   4.3740108844483190e-10   0.0000000000000000e+00   0.0000000000000000e+00
0024   8.7890625000000000e-02   9.9999911680585307e-01   5.9999996927219812e-01   4.5581923953360792e-10   0.0000000000000000e+00   0.0000000000000000e+00
0025   9.1796875000000000e-02   9.9999913042757482e-01   5.9999996974628644e-01   4.7393814645562501e-10   0.0000000000000000e+00   0.0000000000000000e+00
0026   9.5703125000000000e-02   9.9999914457311090e-01   5.9999997023863161e-01   4.9174820623067885e-10   0.0000000000000000e+00   0.0000000000000000e+00
0027   9.9609375000000000e-02   9.9999915923397042e-01   5.9999997074892575e-01   5.0924111495972405e-10   0.0000000000000000e+00   0.0000000000000000e+00
0028   1.0351562500000000e-01   9.9999917440127195e-01   5.9999997127685101e-01   5.2640782546365332e-10   0.0000000000000000e+00   0.0000000000000000e+00
0029   1.0742187500000000e-01   9.9999919006587812e-01   5.9999997182208087e-01   5.4324041231526359e-10   0.0000000000000000e+00   0.0000000000000000e+00
0030   1.1132812500000000e-01   9.9999920621834815e-01   5.9999997238427938e-01   5.5973087726848892e-10   0.0000000000000000e+00   0.0000000000000000e+00
0031   1.1523437500000000e-01   9.9999922284896881e-01   5.9999997296310137e-01   5.7587140288503612e-10   0.0000000000000000e+00   0.0000000000000000e+00
0032   1.1914062500000000e-01   9.9999923994769069e-01   5.9999997355819357e-01   5.9165478750681958e-10   0.0000000000000000e+00   0.0000000000000000e+00
0033   1.2304687500000000e-01   9.9999925750422602e-01   5.9999997416919315e-01   6.0707312411790433e-10   0.0000000000000000e+00   0.0000000000000000e+00
0034   1.2695312500000000e-01   9.9999927550799006e-01   5.9999997479572964e-01   6.2211926816826114e-10   0.0000000000000000e+00   0.0000000000000000e+00
0035   1.3085937500000000e-01   9.9999929394814413e-01   5.9999997543742356e-01   6.3678662350681460e-10   0.0000000000000000e+00   0.0000000000000000e+00
0036   1.3476562500000000e-01   9.9999931281355359e-01   5.9999997609388733e-01   6.5106728354574670e-10   0.0000000000000000e+00   0.0000000000000000e+00
0037   1.3867187500000000e-01   9.9999933209287994e-01   5.9999997676472538e-01   6.6495448845214584e-10   0.0000000000000000e+00   0.0000000000000000e+00
0038   1.4257812500000000e-01   9.9999935177450983e-01   5.9999997744953459e-01   6.7844082938546432e-10   0.0000000000000000e+00   0.0000000000000000e+00
0039   1.4648437500000000e-01   9.9999937184656607e-01   5.9999997814790329e-01   6.9151909198662415e-10   0.0000000000000000e+00   0.0000000000000000e+00
0040   1.5039062500000000e-01   9.9999939229699519e-01   5.9999997885941203e-01   7.0418287029233432e-10   0.0000000000000000e+00   0.0000000000000000e+00
0041   1.5429687500000000e-01   9.9999941311344254e-01   5.9999997958363449e-01   7.1642441755027001e-10   0.0000000000000000e+00   0.0000000000000000e+00
0042   1.5820312500000000e-01   9.9999943428339710e-01   5.9999998032013646e-01   7.2823740852141672e-10   0.0000000000000000e+00   0.0000000000000000e+00
0043   1.6210937500000000e-01   9.9999945579410454e-01   5.9999998106847674e-01   7.3961444231326747e-10   0.0000000000000000e+00   0.0000000000000000e+00
0044   1.6601562500000000e-01   9.9999947763261121e-01   5.9999998182820646e-01   7.5054886037495564e-10   0.0000000000000000e+00   0.0000000000000000e+00
0045   1.6992187500000000e-01   9.9999949978576563e-01   5.9999998259887022e-01   7.6103394996683515e-10   0.0000000000000000e+00   0.0000000000000000e+00
0046   1.7382812500000000e-01   9.9999952224019673e-01   5.9999998338000637e-01   7.7106374291079567e-10   0.0000000000000000e+00   0.0000000000000000e+00
0047   1.7773437500000000e-01   9.9999954498242549e-01   5.9999998417114608e-01   7.8063168393603147e-10   0.0000000000000000e+00   0.0000000000000000e+00
0048   1.8164062500000000e-01   9.9999956799872136e-01   5.9999998497181539e-01   7.8973141568585341e-10   0.0000000000000000e+00   0.0000000000000000e+00
0049   1.8554687500000000e-01   9.9999959127525806e-01   5.9999998578153324e-01   7.9835811555990150e-10   0.0000000000000000e+00   0.0000000000000000e+00
0050   1.8945312500000000e-01   9.9999961479798249e-01   5.9999998659981346e-01   8.0650572731272691e-10   0.0000000000000000e+00   0.0000000000000000e+00
0051   1.9335937500000000e-01   9.9999963855271867e-01   5.9999998742616523e-01   8.1416887971552407e-10   0.0000000000000000e+00   0.0000000000000000e+00
0052   1.9726562500000000e-01   9.9999966252518913e-01   5.9999998826009093e-01   8.2134327046191571e-10   0.0000000000000000e+00   0.0000000000000000e+00
0053   2.0117187500000000e-01   9.9999968670094275e-01   5.9999998910108976e-01   8.2802380740337905e-10   0.0000000000000000e+00   0.0000000000000000e+00
0054   2.0507812500000000e-01   9.9999971106542662e-01   5.9999998994865555e-01   8.3420702679741688e-10   0.0000000000000000e+00   0.0000000000000000e+00
0055   2.0898437500000000e-01   9.9999973560396094e-01   5.9999999080227828e-01   8.3988862357582045e-10   0.0000000000000000e+00   0.0000000000000000e+00
0056   2.1289062500000000e-01   9.9999976030174209e-01   5.9999999166144424e-01   8.4506503497383138e-10   0.0000000000000000e+00   0.0000000000000000e+00
0057   2.1679687500000000e-01   9.9999978514393184e-01   5.9999999252563618e-01   8.4973348908815885e-10   0.0000000000000000e+00   0.0000000000000000e+00
0058   2.2070312500000000e-01   9.9999981011550321e-01   5.9999999339433330e-01   8.5389133792268500e-10   0.0000000000000000e+00   0.0000000000000000e+00
0059   2.2460937500000000e-01   9.9999983520149427e-01   5.9999999426701367e-01   8.5753601616164722e-10   0.0000000000000000e+00   0.0000000000000000e+00
0060   2.2851562500000000e-01   9.9999986038676769e-01   5.9999999514314528e-01   8.6066607246397216e-10   0.0000000000000000e+00   0.0000000000000000e+00
0061   2.3242187500000000e-01   9.9999988565613285e-01   5.9999999602221943e-01   8.6327958554014713e-10   0.0000000000000000e+00   0.0000000000000000e+00
0062   2.3632812500000000e-01   9.9999991099434415e-01   5.9999999690364991e-01   8.6537286939564835e-10   0.0000000000000000e+00   0.0000000000000000e+00
0063   2.4023437500000000e-01   9.9999993638626627e-01   5.9999999778706570e-01   8.6696748748637259e-10   0.0000000000000000e+00   0.0000000000000000e+00
0064   2.4414062500000000e-01   9.9999996181624040e-01   5.9999999867152021e-01   8.6798812005642211e-10   0.0000000000000000e+00   0.0000000000000000e+00
0065   2.4804687500000000e-01   9.9999998726989392e-01   5.9999999955747219e-01   8.6866375818016334e-10   0.0000000000000000e+00   0.0000000000000000e+00
0066   2.5195312500000000e-01   1.0000000127300059e+00   6.0000000044245894e-01   8.6865452634816035e-10   0.0000000000000000e+00   0.0000000000000000e+00
0067   2.5585937500000000e-01   1.0000000381836387e+00   6.0000000132841136e-01   8.6796019895507694e-10   0.0000000000000000e+00   0.0000000000000000e+00
0068   2.5976562500000000e-01   1.0000000636136042e+00   6.0000000221286631e-01   8.6692090812179022e-10   0.0000000000000000e+00   0.0000000000000000e+00
0069   2.6367187500000000e-01   1.0000000890055389e+00   6.0000000309628176e-01   8.6530773315607051e-10   0.0000000000000000e+00   0.0000000000000000e+00
0070   2.6757812500000000e-01   1.0000001143437436e+00   6.0000000397771247e-01   8.6319591517077297e-10   0.0000000000000000e+00   0.0000000000000000e+00
0071   2.7148437500000000e-01   1.0000001396131184e+00   6.0000000485678706e-01   8.6056433369755972e-10   0.0000000000000000e+00   0.0000000000000000e+00
0072   2.7539062500000000e-01   1.0000001647983843e+00   6.0000000573291967e-01   8.5741648441088443e-10   0.0000000000000000e+00   0.0000000000000000e+00
0073   2.7929687500000000e-01   1.0000001898843651e+00   6.0000000660560115e-01   8.5375424735959842e-10   0.0000000000000000e+00   0.0000000000000000e+00
0074   2.8320312500000000e-01   1.0000002148559786e+00   6.0000000747429916e-01   8.4957936800740003e-10   0.0000000000000000e+00   0.0000000000000000e+00
0075   2.8710937500000000e-01   1.0000002396981460e+00   6.0000000833849254e-01   8.4489396075357149e-10   0.0000000000000000e+00   0.0000000000000000e+00
0076   2.9101562500000000e-01   1.0000002643959371e+00   6.0000000919765994e-01   8.3970134043283671e-10   0.0000000000000000e+00   0.0000000000000000e+00
0077   2.9492187500000000e-01   1.0000002889344628e+00   6.0000001005128445e-01   8.3400401448274919e-10   0.0000000000000000e+00   0.0000000000000000e+00
0078   2.9882812500000000e-01   1.0000003132989765e+00   6.0000001089885191e-01   8.2780624995721708e-10   0.0000000000000000e+00   0.0000000000000000e+00
0079   3.0273437500000000e-01   1.0000003374747171e+00   6.0000001173985240e-01   8.2111123078497369e-10   0.0000000000000000e+00   0.0000000000000000e+00
0080   3.0664062500000000e-01   1.0000003614471695e+00   6.0000001257378011e-01   8.1392353503848732e-10   0.0000000000000000e+00   0.0000000000000000e+00
0081   3.1054687500000000e-01   1.0000003852019641e+00   6.0000001340013343e-01   8.0624739476178631e-10   0.0000000000000000e+00   0.0000000000000000e+00
0082   3.1445312500000000e-01   1.0000004087246714e+00   6.0000001421841587e-01   7.9808807782541590e-10   0.0000000000000000e+00   0.0000000000000000e+00
0083   3.1835937500000000e-01   1.0000004320011842e+00   6.0000001502813582e-01   7.8945050544309809e-10   0.0000000000000000e+00   0.0000000000000000e+00
0084   3.2226562500000000e-01   1.0000004550174875e+00   6.0000001582880680e-01   7.8034024673595253e-10   0.0000000000000000e+00   0.0000000000000000e+00
0085   3.2617187500000000e-01   1.0000004777597382e+00   6.0000001661994828e-01   7.7076316482521350e-10   0.0000000000000000e+00   0.0000000000000000e+00
0086   3.3007812500000000e-01   1.0000005002141923e+00   6.0000001740108588e-01   7.6072494398123644e-10   0.0000000000000000e+00   0.0000000000000000e+00
0087   3.3398437500000000e-01   1.0000005223673540e+00   6.0000001817175141e-01   7.5023239794875994e-10   0.0000000000000000e+00   0.0000000000000000e+00
0088   3.3789062500000000e-01   1.0000005442058224e+00   6.0000001893148258e-01   7.3929112020920707e-10   0.0000000000000000e+00   0.0000000000000000e+00
0089   3.4179687500000000e-01   1.0000005657165474e+00   6.0000001967982408e-01   7.2790763525724669e-10   0.0000000000000000e+00   0.0000000000000000e+00
0090   3.4570312500000000e-01   1.0000005868865269e+00   6.0000002041632783e-01   7.1608956851326734e-10   0.0000000000000000e+00   0.0000000000000000e+00
0091   3.4960937500000000e-01   1.0000006077029682e+00   6.0000002114055195e-01   7.0384260551017372e-10   0.0000000000000000e+00   0.0000000000000000e+00
0092   3.5351562500000000e-01   1.0000006281533966e+00   6.0000002185206258e-01   6.9117459757188992e-10   0.0000000000000000e+00   0.0000000000000000e+00
0093   3.5742187500000000e-01   1.0000006482254831e+00   6.0000002255043283e-01   6.7809206079992176e-10   0.0000000000000000e+00   0.0000000000000000e+00
0094   3.6132812500000000e-01   1.0000006679071021e+00   6.0000002323524382e-01   6.6460270409987045e-10   0.0000000000000000e+00   0.0000000000000000e+00
0095   3.6523437500000000e-01   1.0000006871864442e+00   6.0000002390608353e-01   6.5071273511298543e-10   0.0000000000000000e+00   0.0000000000000000e+00
0096   3.6914062500000000e-01   1.0000007060518519e+00   6.0000002456254919e-01   6.3642993462813554e-10   0.0000000000000000e+00   0.0000000000000000e+00
0097   3.7304687500000000e-01   1.0000007244920184e+00   6.0000002520424456e-01   6.2176121109650239e-10   0.0000000000000000e+00   0.0000000000000000e+00
0098   3.7695312500000000e-01   1.0000007424957815e+00   6.0000002583078260e-01   6.0671465718184926e-10   0.0000000000000000e+00   0.0000000000000000e+00
0099   3.8085937500000000e-01   1.0000007600523260e+00   6.0000002644178396e-01   5.9129679452732347e-10   0.0000000000000000e+00   0.0000000000000000e+00
0100   3.8476562500000000e-01   1.0000007771510453e+00   6.0000002703687805e-01   5.7551473063696163e-10   0.0000000000000000e+00   0.0000000000000000e+00
0101   3.8867187500000000e-01   1.0000007937816633e+00   6.0000002761570215e-01   5.5937611214681093e-10   0.0000000000000000e+00   0.0000000000000000e+00
0102   3.9257812500000000e-01   1.0000008099341631e+00   6.0000002817790243e-01   5.4288829035519488e-10   0.0000000000000000e+00   0.0000000000000000e+00
0103   3.9648437500000000e-01   1.0000008255987674e+00   6.0000002872313407e-01   5.2605926979623263e-10   0.0000000000000000e+00   0.0000000000000000e+00
0104   4.0039062500000000e-01   1.0000008407660637e+00   6.0000002925106122e-01   5.0889671443091868e-10   0.0000000000000000e+00   0.0000000000000000e+00
0105   4.0429687500000000e-01   1.0000008554269333e+00   6.0000002976135725e-01   4.9140925876073390e-10   0.0000000000000000e+00   0.0000000000000000e+00
0106   4.0820312500000000e-01   1.0000008695724647e+00   6.0000003025370441e-01   4.7360531802435357e-10   0.0000000000000000e+00   0.0000000000000000e+00
0107   4.1210937500000000e-01   1.0000008831941922e+00   6.0000003072779506e-01   4.5549342125451507e-10   0.0000000000000000e+00   0.0000000000000000e+00
0108   4.1601562500000000e-01   1.0000008962838569e+00   6.0000003118333112e-01   4.3708324772739577e-10   0.0000000000000000e+00   0.0000000000000000e+00
0109   4.1992187500000000e-01   1.0000009088335962e+00   6.0000003162002546e-01   4.1838569045687354e-10   0.0000000000000000e+00   0.0000000000000000e+00
0110   4.2382812500000000e-01   1.0000009208358065e+00   6.0000003203760155e-01   3.9941138805769018e-10   0.0000000000000000e+00   0.0000000000000000e+00
0111   4.2773437500000000e-01   1.0000009322832235e+00   6.0000003243579336e-01   3.8017279193285165e-10   0.0000000000000000e+00   0.0000000000000000e+00
0112   4.3164062500000000e-01   1.0000009431689840e+00   6.0000003281434722e-01   3.6068205700535742e-10   0.0000000000000000e+00   0.0000000000000000e+00
0113   4.3554687500000000e-01   1.0000009534865129e+00   6.0000003317302042e-01   3.4095284067095859e-10   0.0000000000000000e+00   0.0000000000000000e+00
0114   4.3945312500000000e-01   1.0000009632295905e+00   6.0000003351158326e-01   3.2100001196295902e-10   0.0000000000000000e+00   0.0000000000000000e+00
0115   4.4335937500000000e-01   1.0000009723922532e+00   6.0000003382981870e-01   3.0083924566172507e-10   0.0000000000000000e+00   0.0000000000000000e+00
0116   4.4726562500000000e-01   1.0000009809690780e+00   6.0000003412752501e-01   2.8048873687172623e-10   0.0000000000000000e+00   0.0000000000000000e+00
0117   4.5117187500000000e-01   1.0000009889548447e+00   6.0000003440451699e-01   2.5996990676028612e-10   0.0000000000000000e+00   0.0000000000000000e+00
0118   4.5507812500000000e-01   1.0000009963447463e+00   6.0000003466062457e-01   2.3930430546011202e-10   0.0000000000000000e+00   0.0000000000000000e+00
0119   4.5898437500000000e-01   1.0000010031342803e+00   6.0000003489569231e-01   2.1851464778874603e-10   0.0000000000000000e+00   0.0000000000000000e+00
0120   4.6289062500000000e-01   1.0000010093194325e+00   6.0000003510957878e-01   1.9762036998936929e-10   0.0000000000000000e+00   0.0000000000000000e+00
0121   4.6679687500000000e-01   1.0000010148964722e+00   6.0000003530215540e-01   1.7664614927496587e-10   0.0000000000000000e+00   0.0000000000000000e+00
0122   4.7070312500000000e-01   1.0000010198619773e+00   6.0000003547331837e-01   1.5561279938486071e-10   0.0000000000000000e+00   0.0000000000000000e+00
0123   4.7460937500000000e-01   1.0000010242130473e+00   6.0000003562298010e-01   1.3457968903105433e-10   0.0000000000000000e+00   0.0000000000000000e+00
0124   4.7851562500000000e-01   1.0000010279471103e+00   6.0000003575112759e-01   1.1355352230230401e-10   0.0000000000000000e+00   0.0000000000000000e+00
0125   4.8242187500000000e-01   1.0000010310619394e+00   6.0000003585770556e-01   9.2779771519171955e-11   0.0000000000000000e+00   0.0000000000000000e+00
0126   4.8632812500000000e-01   1.0000010335559220e+00   6.0000003594289886e-01   7.1814169051413597e-11   0.0000000000000000e+00   0.0000000000000000e+00
0127   4.9023437500000000e-01   1.0000010354274254e+00   6.0000003600652319e-01   5.2436570528721607e-11   0.0000000000000000e+00   0.0000000000000000e+00
0128   4.9414062500000000e-01   1.0000010366756591e+00   6.0000003604892038e-01   2.9741777698015801e-11   0.0000000000000000e+00   0.0000000000000000e+00
0129   4.9804687500000000e-01   1.0000010372999555e+00   6.0000003607013930e-01   1.8581228019228214e-11   0.0000000000000000e+00   0.0000000000000000e+00
0130   5.0195312500000000e-01   1.0000010372999433e+00   6.0000003607013919e-01  -1.8583761410822478e-11   0.0000000000000000e+00   0.0000000000000000e+00
0131   5.0585937500000000e-01   1.0000010366756535e+00   6.0000003604892027e-01  -2.9744050299355834e-11   0.0000000000000000e+00   0.0000000000000000e+00
0132   5.0976562500000000e-01   1.0000010354274016e+00   6.0000003600652319e-01  -5.2438507828304511e-11   0.0000000000000000e+00   0.0000000000000000e+00
0133   5.1367187500000000e-01   1.0000010335559189e+00   6.0000003594289886e-01  -7.1816106351015700e-11   0.0000000000000000e+00   0.0000000000000000e+00
0134   5.1757812500000000e-01   1.0000010310619289e+00   6.0000003585770589e-01  -9.2781485284244836e-11   0.0000000000000000e+00   0.0000000000000000e+00
0135   5.2148437500000000e-01   1.0000010279471161e+00   6.0000003575112804e-01  -1.1355523606749035e-10   0.0000000000000000e+00   0.0000000000000000e+00
0136   5.2539062500000000e-01   1.0000010242130337e+00   6.0000003562298077e-01  -1.3458121651743448e-10   0.0000000000000000e+00   0.0000000000000000e+00
0137   5.2929687500000000e-01   1.0000010198619542e+00   6.0000003547331893e-01  -1.5561384254653229e-10   0.0000000000000000e+00   0.0000000000000000e+00
0138   5.3320312500000000e-01   1.0000010148964458e+00   6.0000003530215584e-01  -1.7664704341368451e-10   0.0000000000000000e+00   0.0000000000000000e+00
0139   5.3710937500000000e-01   1.0000010093194573e+00   6.0000003510957922e-01  -1.9762163668552965e-10   0.0000000000000000e+00   0.0000000000000000e+00
0140   5.4101562500000000e-01   1.0000010031342856e+00   6.0000003489569265e-01  -2.1851587722918065e-10   0.0000000000000000e+00   0.0000000000000000e+00
0141   5.4492187500000000e-01   1.0000009963447178e+00   6.0000003466062501e-01  -2.3930568392358851e-10   0.0000000000000000e+00   0.0000000000000000e+00
0142   5.4882812500000000e-01   1.0000009889548409e+00   6.0000003440451755e-01  -2.5997147150254005e-10   0.0000000000000000e+00   0.0000000000000000e+00
0143   5.5273437500000000e-01   1.0000009809690791e+00   6.0000003412752556e-01  -2.8049056240397106e-10   0.0000000000000000e+00   0.0000000000000000e+00
0144   5.5664062500000000e-01   1.0000009723922734e+00   6.0000003382981915e-01  -3.0084114570572961e-10   0.0000000000000000e+00   0.0000000000000000e+00
0145   5.6054687500000000e-01   1.0000009632295661e+00   6.0000003351158349e-01  -3.2100198651829516e-10   0.0000000000000000e+00   0.0000000000000000e+00
0146   5.6445312500000000e-01   1.0000009534865171e+00   6.0000003317302075e-01  -3.4095451718045388e-10   0.0000000000000000e+00   0.0000000000000000e+00
0147   5.6835937500000000e-01   1.0000009431689756e+00   6.0000003281434755e-01  -3.6068358449183936e-10   0.0000000000000000e+00   0.0000000000000000e+00
0148   5.7226562500000000e-01   1.0000009322832248e+00   6.0000003243579381e-01  -3.8017420765207661e-10   0.0000000000000000e+00   0.0000000000000000e+00
0149   5.7617187500000000e-01   1.0000009208357656e+00   6.0000003203760188e-01  -3.9941299005572380e-10   0.0000000000000000e+00   0.0000000000000000e+00
0150   5.8007812500000000e-01   1.0000009088335988e+00   6.0000003162002624e-01  -4.1838706892038828e-10   0.0000000000000000e+00   0.0000000000000000e+00
0151   5.8398437500000000e-01   1.0000008962838420e+00   6.0000003118333189e-01  -4.3708470070258840e-10   0.0000000000000000e+00   0.0000000000000000e+00
0152   5.8789062500000000e-01   1.0000008831941629e+00   6.0000003072779606e-01  -4.5549442716032720e-10   0.0000000000000000e+00   0.0000000000000000e+00
0153   5.9179687500000000e-01   1.0000008695724643e+00   6.0000003025370552e-01  -4.7360613765144528e-10   0.0000000000000000e+00   0.0000000000000000e+00
0154   5.9570312500000000e-01   1.0000008554268980e+00   6.0000002976135824e-01  -4.9141033917821780e-10   0.0000000000000000e+00   0.0000000000000000e+00
0155   5.9960937500000000e-01   1.0000008407660714e+00   6.0000002925106255e-01  -5.0889764582557446e-10   0.0000000000000000e+00   0.0000000000000000e+00
0156   6.0351562500000000e-01   1.0000008255987745e+00   6.0000002872313529e-01  -5.2605982863331225e-10   0.0000000000000000e+00   0.0000000000000000e+00
0157   6.0742187500000000e-01   1.0000008099341604e+00   6.0000002817790377e-01  -5.4288862565751796e-10   0.0000000000000000e+00   0.0000000000000000e+00
0158   6.1132812500000000e-01   1.0000007937816606e+00   6.0000002761570326e-01  -5.5937622391467599e-10   0.0000000000000000e+00   0.0000000000000000e+00
0159   6.1523437500000000e-01   1.0000007771510553e+00   6.0000002703687916e-01  -5.7551454435851750e-10   0.0000000000000000e+00   0.0000000000000000e+00
0160   6.1914062500000000e-01   1.0000007600522860e+00   6.0000002644178496e-01  -5.9129668276083370e-10   0.0000000000000000e+00   0.0000000000000000e+00
0161   6.2304687500000000e-01   1.0000007424957704e+00   6.0000002583078338e-01  -6.0671439639204592e-10   0.0000000000000000e+00   0.0000000000000000e+00
0162   6.2695312500000000e-01   1.0000007244920055e+00   6.0000002520424511e-01  -6.2176136012022211e-10   0.0000000000000000e+00   0.0000000000000000e+00
0163   6.3085937500000000e-01   1.0000007060518796e+00   6.0000002456254942e-01  -6.3642963658260628e-10   0.0000000000000000e+00   0.0000000000000000e+00
0164   6.3476562500000000e-01   1.0000006871864446e+00   6.0000002390608365e-01  -6.5071225078856039e-10   0.0000000000000000e+00   0.0000000000000000e+00
0165   6.3867187500000000e-01   1.0000006679071063e+00   6.0000002323524371e-01  -6.6460140014849918e-10   0.0000000000000000e+00   0.0000000000000000e+00
0166   6.4257812500000000e-01   1.0000006482254808e+00   6.0000002255043305e-01  -6.7809139019643686e-10   0.0000000000000000e+00   0.0000000000000000e+00
0167   6.4648437500000000e-01   1.0000006281534113e+00   6.0000002185206258e-01  -6.9117359166684738e-10   0.0000000000000000e+00   0.0000000000000000e+00
0168   6.5039062500000000e-01   1.0000006077029653e+00   6.0000002114055206e-01  -7.0384133881504485e-10   0.0000000000000000e+00   0.0000000000000000e+00
0169   6.5429687500000000e-01   1.0000005868865143e+00   6.0000002041632805e-01  -7.1608807828315405e-10   0.0000000000000000e+00   0.0000000000000000e+00
0170   6.5820312500000000e-01   1.0000005657165547e+00   6.0000001967982441e-01  -7.2790636856158821e-10   0.0000000000000000e+00   0.0000000000000000e+00
0171   6.6210937500000000e-01   1.0000005442058484e+00   6.0000001893148258e-01  -7.3928985351340322e-10   0.0000000000000000e+00   0.0000000000000000e+00
0172   6.6601562500000000e-01   1.0000005223673507e+00   6.0000001817175130e-01  -7.5023116850917863e-10   0.0000000000000000e+00   0.0000000000000000e+00
0173   6.6992187500000000e-01   1.0000005002141890e+00   6.0000001740108566e-01  -7.6072412435440973e-10   0.0000000000000000e+00   0.0000000000000000e+00
0174   6.7382812500000000e-01   1.0000004777597400e+00   6.0000001661994762e-01  -7.7076230794340399e-10   0.0000000000000000e+00   0.0000000000000000e+00
0175   6.7773437500000000e-01   1.0000004550175017e+00   6.0000001582880580e-01  -7.8033931534180113e-10   0.0000000000000000e+00   0.0000000000000000e+00
0176   6.8164062500000000e-01   1.0000004320011939e+00   6.0000001502813483e-01  -7.8944964856039925e-10   0.0000000000000000e+00   0.0000000000000000e+00
0177   6.8554687500000000e-01   1.0000004087246630e+00   6.0000001421841509e-01  -7.9808714643120008e-10   0.0000000000000000e+00   0.0000000000000000e+00
0178   6.8945312500000000e-01   1.0000003852019554e+00   6.0000001340013276e-01  -8.0624705945977653e-10   0.0000000000000000e+00   0.0000000000000000e+00
0179   6.9335937500000000e-01   1.0000003614471895e+00   6.0000001257377966e-01  -8.1392319973680540e-10   0.0000000000000000e+00   0.0000000000000000e+00
0180   6.9726562500000000e-01   1.0000003374747022e+00   6.0000001173985218e-01  -8.2111108176245494e-10   0.0000000000000000e+00   0.0000000000000000e+00
0181   7.0117187500000000e-01   1.0000003132989601e+00   6.0000001089885169e-01  -8.2780610093428670e-10   0.0000000000000000e+00   0.0000000000000000e+00
0182   7.0507812500000000e-01   1.0000002889344874e+00   6.0000001005128401e-01  -8.3400442429652205e-10   0.0000000000000000e+00   0.0000000000000000e+00
0183   7.0898437500000000e-01   1.0000002643959482e+00   6.0000000919765972e-01  -8.3970163847871691e-10   0.0000000000000000e+00   0.0000000000000000e+00
0184   7.1289062500000000e-01   1.0000002396981431e+00   6.0000000833849276e-01  -8.4489444507906887e-10   0.0000000000000000e+00   0.0000000000000000e+00
0185   7.1679687500000000e-01   1.0000002148559919e+00   6.0000000747429960e-01  -8.4957959154236698e-10   0.0000000000000000e+00   0.0000000000000000e+00
0186   7.2070312500000000e-01   1.0000001898843645e+00   6.0000000660560149e-01  -8.5375476894056798e-10   0.0000000000000000e+00   0.0000000000000000e+00
0187   7.2460937500000000e-01   1.0000001647983925e+00   6.0000000573292012e-01  -8.5741689422480412e-10   0.0000000000000000e+00   0.0000000000000000e+00
0188   7.2851562500000000e-01   1.0000001396131191e+00   6.0000000485678762e-01  -8.6056470625511242e-10   0.0000000000000000e+00   0.0000000000000000e+00
0189   7.3242187500000000e-01   1.0000001143437176e+00   6.0000000397771303e-01  -8.6319651126336209e-10   0.0000000000000000e+00   0.0000000000000000e+00
0190   7.3632812500000000e-01   1.0000000890055518e+00   6.0000000309628232e-01  -8.6530791943447473e-10   0.0000000000000000e+00   0.0000000000000000e+00
0191   7.4023437500000000e-01   1.0000000636136137e+00   6.0000000221286676e-01  -8.6692113165682706e-10   0.0000000000000000e+00   0.0000000000000000e+00
0192   7.4414062500000000e-01   1.0000000381836385e+00   6.0000000132841225e-01  -8.6796016169937501e-10   0.0000000000000000e+00   0.0000000000000000e+00
0193   7.4804687500000000e-01   1.0000000127299939e+00   6.0000000044245971e-01  -8.6865400476744391e-10   0.0000000000000000e+00   0.0000000000000000e+00
0194   7.5195312500000000e-01   9.9999998726990791e-01   5.9999999955747374e-01  -8.6866290129675633e-10   0.0000000000000000e+00   0.0000000000000000e+00
0195   7.5585937500000000e-01   9.9999996181623230e-01   5.9999999867152154e-01  -8.6798703963890450e-10   0.0000000000000000e+00   0.0000000000000000e+00
0196   7.5976562500000000e-01   9.9999993638626783e-01   5.9999999778706692e-01  -8.6696618353297701e-10   0.0000000000000000e+00   0.0000000000000000e+00
0197   7.6367187500000000e-01   9.9999991099432517e-01   5.9999999690365124e-01  -8.6537115562899605e-10   0.0000000000000000e+00   0.0000000000000000e+00
0198   7.6757812500000000e-01   9.9999988565612596e-01   5.9999999602222087e-01  -8.6327742470396152e-10   0.0000000000000000e+00   0.0000000000000000e+00
0199   7.7148437500000000e-01   9.9999986038677136e-01   5.9999999514314650e-01  -8.6066391162783235e-10   0.0000000000000000e+00   0.0000000000000000e+00
0200   7.7539062500000000e-01   9.9999983520151181e-01   5.9999999426701478e-01  -8.5753389258160235e-10   0.0000000000000000e+00   0.0000000000000000e+00
0201   7.7929687500000000e-01   9.9999981011552941e-01   5.9999999339433419e-01  -8.5388958690016327e-10   0.0000000000000000e+00   0.0000000000000000e+00
0202   7.8320312500000000e-01   9.9999978514392662e-01   5.9999999252563707e-01  -8.4973192434486935e-10   0.0000000000000000e+00   0.0000000000000000e+00
0203   7.8710937500000000e-01   9.9999976030174720e-01   5.9999999166144502e-01  -8.4506373102046154e-10   0.0000000000000000e+00   0.0000000000000000e+00
0204   7.9101562500000000e-01   9.9999973560395017e-01   5.9999999080227917e-01  -8.3988720785560267e-10   0.0000000000000000e+00   0.0000000000000000e+00
0205   7.9492187500000000e-01   9.9999971106543051e-01   5.9999998994865633e-01  -8.3420587186799526e-10   0.0000000000000000e+00   0.0000000000000000e+00
0206   7.9882812500000000e-01   9.9999968670095973e-01   5.9999998910109043e-01  -8.2802272698510344e-10   0.0000000000000000e+00   0.0000000000000000e+00
0207   8.0273437500000000e-01   9.9999966252518691e-01   5.9999998826009171e-01  -8.2134215278734973e-10   0.0000000000000000e+00   0.0000000000000000e+00
0208   8.0664062500000000e-01   9.9999963855272633e-01   5.9999998742616600e-01  -8.1416779929683787e-10   0.0000000000000000e+00   0.0000000000000000e+00
0209   8.1054687500000000e-01   9.9999961479796939e-01   5.9999998659981446e-01  -8.0650479591767398e-10   0.0000000000000000e+00   0.0000000000000000e+00
0210   8.1445312500000000e-01   9.9999959127524551e-01   5.9999998578153402e-01  -7.9835733318776147e-10   0.0000000000000000e+00   0.0000000000000000e+00
0211   8.1835937500000000e-01   9.9999956799872469e-01   5.9999998497181617e-01  -7.8973059605782544e-10   0.0000000000000000e+00   0.0000000000000000e+00
0212   8.2226562500000000e-01   9.9999954498243404e-01   5.9999998417114708e-01  -7.8063064077317283e-10   0.0000000000000000e+00   0.0000000000000000e+00
0213   8.2617187500000000e-01   9.9999952224020772e-01   5.9999998338000726e-01  -7.7106299779467078e-10   0.0000000000000000e+00   0.0000000000000000e+00
0214   8.3007812500000000e-01   9.9999949978575042e-01   5.9999998259887122e-01  -7.6103331661736112e-10   0.0000000000000000e+00   0.0000000000000000e+00
0215   8.3398437500000000e-01   9.9999947763261587e-01   5.9999998182820713e-01  -7.5054822702570329e-10   0.0000000000000000e+00   0.0000000000000000e+00
0216   8.3789062500000000e-01   9.9999945579410210e-01   5.9999998106847729e-01  -7.3961384622035451e-10   0.0000000000000000e+00   0.0000000000000000e+00
0217   8.4179687500000000e-01   9.9999943428339622e-01   5.9999998032013691e-01  -7.2823692419590518e-10   0.0000000000000000e+00   0.0000000000000000e+00
0218   8.4570312500000000e-01   9.9999941311345364e-01   5.9999997958363482e-01  -7.1642415675907360e-10   0.0000000000000000e+00   0.0000000000000000e+00
0219   8.4960937500000000e-01   9.9999939229697599e-01   5.9999997885941225e-01  -7.0418305657105556e-10   0.0000000000000000e+00   0.0000000000000000e+00
0220   8.5351562500000000e-01   9.9999937184656507e-01   5.9999997814790296e-01  -6.9151916649808810e-10   0.0000000000000000e+00   0.0000000000000000e+00
0221   8.5742187500000000e-01   9.9999935177447985e-01   5.9999997744953426e-01  -6.7844097840824695e-10   0.0000000000000000e+00   0.0000000000000000e+00
0222   8.6132812500000000e-01   9.9999933209287428e-01   5.9999997676472516e-01  -6.6495452570750563e-10   0.0000000000000000e+00   0.0000000000000000e+00
0223   8.6523437500000000e-01   9.9999931281353549e-01   5.9999997609388700e-01  -6.5106717177763793e-10   0.0000000000000000e+00   0.0000000000000000e+00
0224   8.6914062500000000e-01   9.9999929394813325e-01   5.9999997543742334e-01  -6.3678658624999131e-10   0.0000000000000000e+00   0.0000000000000000e+00
0225   8.7304687500000000e-01   9.9999927550799306e-01   5.9999997479572964e-01  -6.2211911914443037e-10   0.0000000000000000e+00   0.0000000000000000e+00
0226   8.7695312500000000e-01   9.9999925750422491e-01   5.9999997416919348e-01  -6.0707278881496717e-10   0.0000000000000000e+00   0.0000000000000000e+00
0227   8.8085937500000000e-01   9.9999923994768081e-01   5.9999997355819368e-01  -5.9165422866877506e-10   0.0000000000000000e+00   0.0000000000000000e+00
0228   8.8476562500000000e-01   9.9999922284898013e-01   5.9999997296310159e-01  -5.7587103032680048e-10   0.0000000000000000e+00   0.0000000000000000e+00
0229   8.8867187500000000e-01   9.9999920621834426e-01   5.9999997238427938e-01  -5.5973020666320996e-10   0.0000000000000000e+00   0.0000000000000000e+00
0230   8.9257812500000000e-01   9.9999919006588300e-01   5.9999997182208087e-01  -5.4323989073288347e-10   0.0000000000000000e+00   0.0000000000000000e+00
0231   8.9648437500000000e-01   9.9999917440127084e-01   5.9999997127685101e-01  -5.2640737839326645e-10   0.0000000000000000e+00   0.0000000000000000e+00
0232   9.0039062500000000e-01   9.9999915923397220e-01   5.9999997074892564e-01  -5.0924063063348842e-10   0.0000000000000000e+00   0.0000000000000000e+00
0233   9.0429687500000000e-01   9.9999914457313199e-01   5.9999997023863161e-01  -4.9174764739290141e-10   0.0000000000000000e+00   0.0000000000000000e+00
0234   9.0820312500000000e-01   9.9999913042758071e-01   5.9999996974628655e-01  -4.7393725231550681e-10   0.0000000000000000e+00   0.0000000000000000e+00
0235   9.1210937500000000e-01   9.9999911680585674e-01   5.9999996927219812e-01  -4.5581823362601721e-10   0.0000000000000000e+00   0.0000000000000000e+00
0236   9.1601562500000000e-01   9.9999910371619705e-01   5.9999996881666418e-01  -4.3740038058365238e-10   0.0000000000000000e+00   0.0000000000000000e+00
0237   9.1992187500000000e-01   9.9999909116649555e-01   5.9999996837997227e-01  -4.1869342930588499e-10   0.0000000000000000e+00   0.0000000000000000e+00
0238   9.2382812500000000e-01   9.9999907916429664e-01   5.9999996796239863e-01  -3.9970898491545509e-10   0.0000000000000000e+00   0.0000000000000000e+00
0239   9.2773437500000000e-01   9.9999906771685332e-01   5.9999996756420859e-01  -3.8045931022295575e-10   0.0000000000000000e+00   0.0000000000000000e+00
0240   9.3164062500000000e-01   9.9999905683108625e-01   5.9999996718565662e-01  -3.6095625962424338e-10   0.0000000000000000e+00   0.0000000000000000e+00
0241   9.3554687500000000e-01   9.9999904651356408e-01   5.9999996682698498e-01  -3.4121471731796399e-10   0.0000000000000000e+00   0.0000000000000000e+00
0242   9.3945312500000000e-01   9.9999903677050761e-01   5.9999996648842380e-01  -3.2124817108002788e-10   0.0000000000000000e+00   0.0000000000000000e+00
0243   9.4335937500000000e-01   9.9999902760782899e-01   5.9999996617018969e-01  -3.0107292610200380e-10   0.0000000000000000e+00   0.0000000000000000e+00
0244   9.4726562500000000e-01   9.9999901903101907e-01   5.9999996587248450e-01  -2.8070758422844299e-10   0.0000000000000000e+00   0.0000000000000000e+00
0245   9.5117187500000000e-01   9.9999901104526190e-01   5.9999996559549384e-01  -2.6017315361227050e-10   0.0000000000000000e+00   0.0000000000000000e+00
0246   9.5507812500000000e-01   9.9999900365538896e-01   5.9999996533938738e-01  -2.3949151636250781e-10   0.0000000000000000e+00   0.0000000000000000e+00
0247   9.5898437500000000e-01   9.9999899686582272e-01   5.9999996510432041e-01  -2.1868560739057974e-10   0.0000000000000000e+00   0.0000000000000000e+00
0248   9.6289062500000000e-01   9.9999899068067721e-01   5.9999996489043483e-01  -1.9777530645335089e-10   0.0000000000000000e+00   0.0000000000000000e+00
0249   9.6679687500000000e-01   9.9999898510366048e-01   5.9999996469785899e-01  -1.7678413218637360e-10   0.0000000000000000e+00   0.0000000000000000e+00
0250   9.7070312500000000e-01   9.9999898013813093e-01   5.9999996452669657e-01  -1.5573442207160644e-10   0.0000000000000000e+00   0.0000000000000000e+00
0251   9.7460937500000000e-01   9.9999897578705288e-01   5.9999996437703518e-01  -1.3468483320972442e-10   0.0000000000000000e+00   0.0000000000000000e+00
0252   9.7851562500000000e-01   9.9999897205300192e-01   5.9999996424888813e-01  -1.1364154417677272e-10   0.0000000000000000e+00   0.0000000000000000e+00
0253   9.8242187500000000e-01   9.9999896893816032e-01   5.9999996414231049e-01  -9.2851737557138657e-11   0.0000000000000000e+00   0.0000000000000000e+00
0254   9.8632812500000000e-01   9.9999896644418218e-01   5.9999996405711731e-01  -7.1870060321283789e-11   0.0000000000000000e+00   0.0000000000000000e+00
0255   9.9023437500000000e-01   9.9999896457270976e-01   5.9999996399349276e-01  -5.2476926507376431e-11   0.0000000000000000e+00   0.0000000000000000e+00
0256   9.9414062500000000e-01   9.9999896332446592e-01   5.9999996395109534e-01  -2.9766900021876715e-11   0.0000000000000000e+00   0.0000000000000000e+00
0257   9.9804687500000000e-01   9.9999896270013811e-01   5.9999996392987576e-01  -1.8590662571985556e-11   0.0000000000000000e+00   0.0000000000000000e+00
