# Athena++ data at time=1.752519e+02  cycle=89729  variables=prim 
# i       x1v         rho          press          vel1         vel2         vel3     
0002   1.9531250000000000e-03   9.9999896279434974e-01   5.9999996402406175e-01   1.8569710632723357e-11   0.0000000000000000e+00   0.0000000000000000e+00
0003   5.8593750000000000e-03   9.9999896341849981e-01   5.9999996404514000e-01   2.9874600521468903e-11   0.0000000000000000e+00   0.0000000000000000e+00
0004   9.7656250000000000e-03   9.9999896466644955e-01   5.9999996408724543e-01   5.2638996190154290e-11   0.0000000000000000e+00   0.0000000000000000e+00
0005   1.3671875000000000e-02   9.9999896653752074e-01   5.9999996415043788e-01   7.2110422009777761e-11   0.0000000000000000e+00   0.0000000000000000e+00
0006   1.7578125000000000e-02   9.9999896903090424e-01   5.9999996423505952e-01   9.3165742199749549e-11   0.0000000000000000e+00   0.0000000000000000e+00
0007   2.1484375000000000e-02   9.9999897214504951e-01   5.9999996434093406e-01   1.1403885065238610e-10   0.0000000000000000e+00   0.0000000000000000e+00
0008   2.5390625000000000e-02   9.9999897587827635e-01   5.9999996446825132e-01   1.3517454389368289e-10   0.0000000000000000e+00   0.0000000000000000e+00
0009   2.9296875000000000e-02   9.9999898022839639e-01   5.9999996461696470e-01   1.5633212394080210e-10   0.0000000000000000e+00   0.0000000000000000e+00
0010   3.3203125000000000e-02   9.9999898519288200e-01   5.9999996478706963e-01   1.7750757521684733e-10   0.0000000000000000e+00   0.0000000000000000e+00
0011   3.7109375000000000e-02   9.9999899076873522e-01   5.9999996497848895e-01   1.9864526046572648e-10   0.0000000000000000e+00   0.0000000000000000e+00
0012   4.1015625000000000e-02   9.9999899695263628e-01   5.9999996519112897e-01   2.1972474437409175e-10   0.0000000000000000e+00   0.0000000000000000e+00
0013   4.4921875000000000e-02   9.9999900374086659e-01   5.9999996542487255e-01   2.4072336729512125e-10   0.0000000000000000e+00   0.0000000000000000e+00
0014   4.8828125000000000e-02   9.9999901112935563e-01   5.9999996567958946e-01   2.6162121430925891e-10   0.0000000000000000e+00   0.0000000000000000e+00
0015   5.2734375000000000e-02   9.9999901911365763e-01   5.9999996595513549e-01   2.8239661927988842e-10   0.0000000000000000e+00   0.0000000000000000e+00
0016   5.6640625000000000e-02   9.9999902768898907e-01   5.9999996625135232e-01   3.0302624918149572e-10   0.0000000000000000e+00   0.0000000000000000e+00
0017   6.0546875000000000e-02   9.9999903685014313e-01   5.9999996656806498e-01   3.2348839004545047e-10   0.0000000000000000e+00   0.0000000000000000e+00
0018   6.4453125000000000e-02   9.9999904659164751e-01   5.9999996690508195e-01   3.4376254200483124e-10   0.0000000000000000e+00   0.0000000000000000e+00
0019   6.8359375000000000e-02   9.9999905690761903e-01   5.9999996726219607e-01   3.6383079987387752e-10   0.0000000000000000e+00   0.0000000000000000e+00
0020   7.2265625000000000e-02   9.9999906779183867e-01   5.9999996763918617e-01   3.8367658562794729e-10   0.0000000000000000e+00   0.0000000000000000e+00
0021   7.6171875000000000e-02   9.9999907923769338e-01   5.9999996803581745e-01   4.0328259540274711e-10   0.0000000000000000e+00   0.0000000000000000e+00
0022   8.0078125000000000e-02   9.9999909123835740e-01   5.9999996845184211e-01   4.2263444334586927e-10   0.0000000000000000e+00   0.0000000000000000e+00
0023   8.3984375000000000e-02   9.9999910378653578e-01   5.9999996888700069e-01   4.4171636651293644e-10   0.0000000000000000e+00   0.0000000000000000e+00
0024   8.7890625000000000e-02   9.9999911687468934e-01   5.9999996934102040e-01   4.6051422827595358e-10   0.0000000000000000e+00   0.0000000000000000e+00
0025   9.1796875000000000e-02   9.9999913049489519e-01   5.9999996981361714e-01   4.7901445702887539e-10   0.0000000000000000e+00   0.0000000000000000e+00
0026   9.5703125000000000e-02   9.9999914463896944e-01   5.9999997030449492e-01   4.9720454567236743e-10   0.0000000000000000e+00   0.0000000000000000e+00
0027   9.9609375000000000e-02   9.9999915929837790e-01   5.9999997081334711e-01   5.1507313713588236e-10   0.0000000000000000e+00   0.0000000000000000e+00
0028   1.0351562500000000e-01   9.9999917446427844e-01   5.9999997133985539e-01   5.3260828006160652e-10   0.0000000000000000e+00   0.0000000000000000e+00
0029   1.0742187500000000e-01   9.9999919012748995e-01   5.9999997188369181e-01   5.4979988992890282e-10   0.0000000000000000e+00   0.0000000000000000e+00
0030   1.1132812500000000e-01   9.9999920627858396e-01   5.9999997244451808e-01   5.6663754857511456e-10   0.0000000000000000e+00   0.0000000000000000e+00
0031   1.1523437500000000e-01   9.9999922290786591e-01   5.9999997302198660e-01   5.8311161470630924e-10   0.0000000000000000e+00   0.0000000000000000e+00
0032   1.1914062500000000e-01   9.9999924000524232e-01   5.9999997361573987e-01   5.9921358435473810e-10   0.0000000000000000e+00   0.0000000000000000e+00
0033   1.2304687500000000e-01   9.9999925756045449e-01   5.9999997422541140e-01   6.1493413639303500e-10   0.0000000000000000e+00   0.0000000000000000e+00
0034   1.2695312500000000e-01   9.9999927556288015e-01   5.9999997485062562e-01   6.3026478663663554e-10   0.0000000000000000e+00   0.0000000000000000e+00
0035   1.3085937500000000e-01   9.9999929400171661e-01   5.9999997549099804e-01   6.4519860516788147e-10   0.0000000000000000e+00   0.0000000000000000e+00
0036   1.3476562500000000e-01   9.9999931286579902e-01   5.9999997614613632e-01   6.5972731434012544e-10   0.0000000000000000e+00   0.0000000000000000e+00
0037   1.3867187500000000e-01   9.9999933214379755e-01   5.9999997681564010e-01   6.7384408126952558e-10   0.0000000000000000e+00   0.0000000000000000e+00
0038   1.4257812500000000e-01   9.9999935182405553e-01   5.9999997749910094e-01   6.8754168481359169e-10   0.0000000000000000e+00   0.0000000000000000e+00
0039   1.4648437500000000e-01   9.9999937189475419e-01   5.9999997819610285e-01   7.0081343357391331e-10   0.0000000000000000e+00   0.0000000000000000e+00
0040   1.5039062500000000e-01   9.9999939234381396e-01   5.9999997890622192e-01   7.1365322097131092e-10   0.0000000000000000e+00   0.0000000000000000e+00
0041   1.5429687500000000e-01   9.9999941315885399e-01   5.9999997962902774e-01   7.2605471726882563e-10   0.0000000000000000e+00   0.0000000000000000e+00
0042   1.5820312500000000e-01   9.9999943432733218e-01   5.9999998036408198e-01   7.3801197103763377e-10   0.0000000000000000e+00   0.0000000000000000e+00
0043   1.6210937500000000e-01   9.9999945583657401e-01   5.9999998111094077e-01   7.4951884928947900e-10   0.0000000000000000e+00   0.0000000000000000e+00
0044   1.6601562500000000e-01   9.9999947767355635e-01   5.9999998186915271e-01   7.6057037114912167e-10   0.0000000000000000e+00   0.0000000000000000e+00
0045   1.6992187500000000e-01   9.9999949982514258e-01   5.9999998263826038e-01   7.7115956420326995e-10   0.0000000000000000e+00   0.0000000000000000e+00
0046   1.7382812500000000e-01   9.9999952227799938e-01   5.9999998341780036e-01   7.8128228687949596e-10   0.0000000000000000e+00   0.0000000000000000e+00
0047   1.7773437500000000e-01   9.9999954501858213e-01   5.9999998420730327e-01   7.9093291632758625e-10   0.0000000000000000e+00   0.0000000000000000e+00
0048   1.8164062500000000e-01   9.9999956803322165e-01   5.9999998500629403e-01   8.0010695895690048e-10   0.0000000000000000e+00   0.0000000000000000e+00
0049   1.8554687500000000e-01   9.9999959130801264e-01   5.9999998581429226e-01   8.0879895974900916e-10   0.0000000000000000e+00   0.0000000000000000e+00
0050   1.8945312500000000e-01   9.9999961482899069e-01   5.9999998663081200e-01   8.1700476338569572e-10   0.0000000000000000e+00   0.0000000000000000e+00
0051   1.9335937500000000e-01   9.9999963858192786e-01   5.9999998745536332e-01   8.2471959556215171e-10   0.0000000000000000e+00   0.0000000000000000e+00
0052   1.9726562500000000e-01   9.9999966255254713e-01   5.9999998828745083e-01   8.3193945280035829e-10   0.0000000000000000e+00   0.0000000000000000e+00
0053   2.0117187500000000e-01   9.9999968672642914e-01   5.9999998912657460e-01   8.3866028684781903e-10   0.0000000000000000e+00   0.0000000000000000e+00
0054   2.0507812500000000e-01   9.9999971108899399e-01   5.9999998997223092e-01   8.4487833659616577e-10   0.0000000000000000e+00   0.0000000000000000e+00
0055   2.0898437500000000e-01   9.9999973562558597e-01   5.9999999082391187e-01   8.5059011723691811e-10   0.0000000000000000e+00   0.0000000000000000e+00
0056   2.1289062500000000e-01   9.9999976032140081e-01   5.9999999168110596e-01   8.5579284895700587e-10   0.0000000000000000e+00   0.0000000000000000e+00
0057   2.1679687500000000e-01   9.9999978516160903e-01   5.9999999254329894e-01   8.6048301526867829e-10   0.0000000000000000e+00   0.0000000000000000e+00
0058   2.2070312500000000e-01   9.9999981013114481e-01   5.9999999340997234e-01   8.6465856473448547e-10   0.0000000000000000e+00   0.0000000000000000e+00
0059   2.2460937500000000e-01   9.9999983521509650e-01   5.9999999428060768e-01   8.6831667171333911e-10   0.0000000000000000e+00   0.0000000000000000e+00
0060   2.2851562500000000e-01   9.9999986039830180e-01   5.9999999515467572e-01   8.7145629495135438e-10   0.0000000000000000e+00   0.0000000000000000e+00
0061   2.3242187500000000e-01   9.9999988566559450e-01   5.9999999603167031e-01   8.7407536473036691e-10   0.0000000000000000e+00   0.0000000000000000e+00
0062   2.3632812500000000e-01   9.9999991100169083e-01   5.9999999691100936e-01   8.7616989671431283e-10   0.0000000000000000e+00   0.0000000000000000e+00
0063   2.4023437500000000e-01   9.9999993639151308e-01   5.9999999779232127e-01   8.7776179099258457e-10   0.0000000000000000e+00   0.0000000000000000e+00
0064   2.4414062500000000e-01   9.9999996181939599e-01   5.9999999867467235e-01   8.7877576409083875e-10   0.0000000000000000e+00   0.0000000000000000e+00
0065   2.4804687500000000e-01   9.9999998727091999e-01   5.9999999955849426e-01   8.7943823319430051e-10   0.0000000000000000e+00   0.0000000000000000e+00
0066   2.5195312500000000e-01   1.0000000127289270e+00   6.0000000044139157e-01   8.7941272030582892e-10   0.0000000000000000e+00   0.0000000000000000e+00
0067   2.5585937500000000e-01   1.0000000381804299e+00   6.0000000132521569e-01   8.7869933512373331e-10   0.0000000000000000e+00   0.0000000000000000e+00
0068   2.5976562500000000e-01   1.0000000636082946e+00   6.0000000220756788e-01   8.7763458872089833e-10   0.0000000000000000e+00   0.0000000000000000e+00
0069   2.6367187500000000e-01   1.0000000889981413e+00   6.0000000308888024e-01   8.7599194801621016e-10   0.0000000000000000e+00   0.0000000000000000e+00
0070   2.6757812500000000e-01   1.0000001143342647e+00   6.0000000396822095e-01   8.7384699040128710e-10   0.0000000000000000e+00   0.0000000000000000e+00
0071   2.7148437500000000e-01   1.0000001396015368e+00   6.0000000484521776e-01   8.7117784896248785e-10   0.0000000000000000e+00   0.0000000000000000e+00
0072   2.7539062500000000e-01   1.0000001647847572e+00   6.0000000571928835e-01   8.6798910008569409e-10   0.0000000000000000e+00   0.0000000000000000e+00
0073   2.7929687500000000e-01   1.0000001898686981e+00   6.0000000658992658e-01   8.6428254871467488e-10   0.0000000000000000e+00   0.0000000000000000e+00
0074   2.8320312500000000e-01   1.0000002148382774e+00   6.0000000745660320e-01   8.6005967925378346e-10   0.0000000000000000e+00   0.0000000000000000e+00
0075   2.8710937500000000e-01   1.0000002396784866e+00   6.0000000831879974e-01   8.5532327623673698e-10   0.0000000000000000e+00   0.0000000000000000e+00
0076   2.9101562500000000e-01   1.0000002643742341e+00   6.0000000917599727e-01   8.5007538734121617e-10   0.0000000000000000e+00   0.0000000000000000e+00
0077   2.9492187500000000e-01   1.0000002889108501e+00   6.0000001002768133e-01   8.4431993519046336e-10   0.0000000000000000e+00   0.0000000000000000e+00
0078   2.9882812500000000e-01   1.0000003132734661e+00   6.0000001087334065e-01   8.3806003133168471e-10   0.0000000000000000e+00   0.0000000000000000e+00
0079   3.0273437500000000e-01   1.0000003374473141e+00   6.0000001171246764e-01   8.3129904534224246e-10   0.0000000000000000e+00   0.0000000000000000e+00
0080   3.0664062500000000e-01   1.0000003614179558e+00   6.0000001254455859e-01   8.2404107028754855e-10   0.0000000000000000e+00   0.0000000000000000e+00
0081   3.1054687500000000e-01   1.0000003851709580e+00   6.0000001336911335e-01   8.1629003943389615e-10   0.0000000000000000e+00   0.0000000000000000e+00
0082   3.1445312500000000e-01   1.0000004086919065e+00   6.0000001418563709e-01   8.0805047475703375e-10   0.0000000000000000e+00   0.0000000000000000e+00
0083   3.1835937500000000e-01   1.0000004319666798e+00   6.0000001499363875e-01   7.9932625347612056e-10   0.0000000000000000e+00   0.0000000000000000e+00
0084   3.2226562500000000e-01   1.0000004549813355e+00   6.0000001579263296e-01   7.9012264578710459e-10   0.0000000000000000e+00   0.0000000000000000e+00
0085   3.2617187500000000e-01   1.0000004777219496e+00   6.0000001658213908e-01   7.8044439620995056e-10   0.0000000000000000e+00   0.0000000000000000e+00
0086   3.3007812500000000e-01   1.0000005001747916e+00   6.0000001736168218e-01   7.7029640566862315e-10   0.0000000000000000e+00   0.0000000000000000e+00
0087   3.3398437500000000e-01   1.0000005223264163e+00   6.0000001813079318e-01   7.5968407116408904e-10   0.0000000000000000e+00   0.0000000000000000e+00
0088   3.3789062500000000e-01   1.0000005441633455e+00   6.0000001888900811e-01   7.4861186743647579e-10   0.0000000000000000e+00   0.0000000000000000e+00
0089   3.4179687500000000e-01   1.0000005656725857e+00   6.0000001963586946e-01   7.3708628060689824e-10   0.0000000000000000e+00   0.0000000000000000e+00
0090   3.4570312500000000e-01   1.0000005868411095e+00   6.0000002037092670e-01   7.2511273684561042e-10   0.0000000000000000e+00   0.0000000000000000e+00
0091   3.4960937500000000e-01   1.0000006076561510e+00   6.0000002109373507e-01   7.1269654792082266e-10   0.0000000000000000e+00   0.0000000000000000e+00
0092   3.5351562500000000e-01   1.0000006281051841e+00   6.0000002180385692e-01   6.9984474428061671e-10   0.0000000000000000e+00   0.0000000000000000e+00
0093   3.5742187500000000e-01   1.0000006481759167e+00   6.0000002250086160e-01   6.8656235050172204e-10   0.0000000000000000e+00   0.0000000000000000e+00
0094   3.6132812500000000e-01   1.0000006678561675e+00   6.0000002318432544e-01   6.7285655257478828e-10   0.0000000000000000e+00   0.0000000000000000e+00
0095   3.6523437500000000e-01   1.0000006871341942e+00   6.0000002385383222e-01   6.5873396657630168e-10   0.0000000000000000e+00   0.0000000000000000e+00
0096   3.6914062500000000e-01   1.0000007059982714e+00   6.0000002450897405e-01   6.4420151499532006e-10   0.0000000000000000e+00   0.0000000000000000e+00
0097   3.7304687500000000e-01   1.0000007244371341e+00   6.0000002514934958e-01   6.2926655189261817e-10   0.0000000000000000e+00   0.0000000000000000e+00
0098   3.7695312500000000e-01   1.0000007424395725e+00   6.0000002577456679e-01   6.1393586448325648e-10   0.0000000000000000e+00   0.0000000000000000e+00
0099   3.8085937500000000e-01   1.0000007599947836e+00   6.0000002638424099e-01   5.9821839449878998e-10   0.0000000000000000e+00   0.0000000000000000e+00
0100   3.8476562500000000e-01   1.0000007770922039e+00   6.0000002697799737e-01   5.8212203024246173e-10   0.0000000000000000e+00   0.0000000000000000e+00
0101   3.8867187500000000e-01   1.0000007937214481e+00   6.0000002755546911e-01   5.6565505008827295e-10   0.0000000000000000e+00   0.0000000000000000e+00
0102   3.9257812500000000e-01   1.0000008098725974e+00   6.0000002811629882e-01   5.4882685275750737e-10   0.0000000000000000e+00   0.0000000000000000e+00
0103   3.9648437500000000e-01   1.0000008255357378e+00   6.0000002866013835e-01   5.3164674505806270e-10   0.0000000000000000e+00   0.0000000000000000e+00
0104   4.0039062500000000e-01   1.0000008407016285e+00   6.0000002918664985e-01   5.1412533244361917e-10   0.0000000000000000e+00   0.0000000000000000e+00
0105   4.0429687500000000e-01   1.0000008553610604e+00   6.0000002969550470e-01   4.9627292417954187e-10   0.0000000000000000e+00   0.0000000000000000e+00
0106   4.0820312500000000e-01   1.0000008695051554e+00   6.0000003018638570e-01   4.7810039260893573e-10   0.0000000000000000e+00   0.0000000000000000e+00
0107   4.1210937500000000e-01   1.0000008831254008e+00   6.0000003065898555e-01   4.5961999053388658e-10   0.0000000000000000e+00   0.0000000000000000e+00
0108   4.1601562500000000e-01   1.0000008962135363e+00   6.0000003111300837e-01   4.4084411506507195e-10   0.0000000000000000e+00   0.0000000000000000e+00
0109   4.1992187500000000e-01   1.0000009087617487e+00   6.0000003154816972e-01   4.2178648878997045e-10   0.0000000000000000e+00   0.0000000000000000e+00
0110   4.2382812500000000e-01   1.0000009207623914e+00   6.0000003196419749e-01   4.0246069163765305e-10   0.0000000000000000e+00   0.0000000000000000e+00
0111   4.2773437500000000e-01   1.0000009322082755e+00   6.0000003236083133e-01   3.8288196727530130e-10   0.0000000000000000e+00   0.0000000000000000e+00
0112   4.3164062500000000e-01   1.0000009430924541e+00   6.0000003273782410e-01   3.6306593347105787e-10   0.0000000000000000e+00   0.0000000000000000e+00
0113   4.3554687500000000e-01   1.0000009534084349e+00   6.0000003309494099e-01   3.4302892806922892e-10   0.0000000000000000e+00   0.0000000000000000e+00
0114   4.3945312500000000e-01   1.0000009631499491e+00   6.0000003343196051e-01   3.2278745736977548e-10   0.0000000000000000e+00   0.0000000000000000e+00
0115   4.4335937500000000e-01   1.0000009723111409e+00   6.0000003374867539e-01   3.0235957851271713e-10   0.0000000000000000e+00   0.0000000000000000e+00
0116   4.4726562500000000e-01   1.0000009808864361e+00   6.0000003404489399e-01   2.8176568266476631e-10   0.0000000000000000e+00   0.0000000000000000e+00
0117   4.5117187500000000e-01   1.0000009888707875e+00   6.0000003432044213e-01   2.6102733796943364e-10   0.0000000000000000e+00   0.0000000000000000e+00
0118   4.5507812500000000e-01   1.0000009962592826e+00   6.0000003457516082e-01   2.4016806705165656e-10   0.0000000000000000e+00   0.0000000000000000e+00
0119   4.5898437500000000e-01   1.0000010030474971e+00   6.0000003480890618e-01   2.1920987479051281e-10   0.0000000000000000e+00   0.0000000000000000e+00
0120   4.6289062500000000e-01   1.0000010092314222e+00   6.0000003502154786e-01   1.9817200905673315e-10   0.0000000000000000e+00   0.0000000000000000e+00
0121   4.6679687500000000e-01   1.0000010148072902e+00   6.0000003521296852e-01   1.7707735668011193e-10   0.0000000000000000e+00   0.0000000000000000e+00
0122   4.7070312500000000e-01   1.0000010197717486e+00   6.0000003538307523e-01   1.5594617044174517e-10   0.0000000000000000e+00   0.0000000000000000e+00
0123   4.7460937500000000e-01   1.0000010241218591e+00   6.0000003553178993e-01   1.3483457567903675e-10   0.0000000000000000e+00   0.0000000000000000e+00
0124   4.7851562500000000e-01   1.0000010278551126e+00   6.0000003565910853e-01   1.1374651739356997e-10   0.0000000000000000e+00   0.0000000000000000e+00
0125   4.8242187500000000e-01   1.0000010309691942e+00   6.0000003576498451e-01   9.2923032383140489e-11   0.0000000000000000e+00   0.0000000000000000e+00
0126   4.8632812500000000e-01   1.0000010334626339e+00   6.0000003584960748e-01   7.1918919289634989e-11   0.0000000000000000e+00   0.0000000000000000e+00
0127   4.9023437500000000e-01   1.0000010353336970e+00   6.0000003591280082e-01   5.2500470956639050e-11   0.0000000000000000e+00   0.0000000000000000e+00
0128   4.9414062500000000e-01   1.0000010365816603e+00   6.0000003595490725e-01   2.9790278574249816e-11   0.0000000000000000e+00   0.0000000000000000e+00
0129   4.9804687500000000e-01   1.0000010372057757e+00   6.0000003597598495e-01   1.8540008988484040e-11   0.0000000000000000e+00   0.0000000000000000e+00
0130   5.0195312500000000e-01   1.0000010372057579e+00   6.0000003597598506e-01  -1.8542095316019841e-11   0.0000000000000000e+00   0.0000000000000000e+00
0131   5.0585937500000000e-01   1.0000010365816832e+00   6.0000003595490747e-01  -2.9792066855768923e-11   0.0000000000000000e+00   0.0000000000000000e+00
0132   5.0976562500000000e-01   1.0000010353336681e+00   6.0000003591280093e-01  -5.2502371005384350e-11   0.0000000000000000e+00   0.0000000000000000e+00
0133   5.1367187500000000e-01   1.0000010334626035e+00   6.0000003584960726e-01  -7.1920744826905599e-11   0.0000000000000000e+00   0.0000000000000000e+00
0134   5.1757812500000000e-01   1.0000010309692124e+00   6.0000003576498429e-01  -9.2924522618682191e-11   0.0000000000000000e+00   0.0000000000000000e+00
0135   5.2148437500000000e-01   1.0000010278550868e+00   6.0000003565910853e-01  -1.1374778409464015e-10   0.0000000000000000e+00   0.0000000000000000e+00
0136   5.2539062500000000e-01   1.0000010241218316e+00   6.0000003553178993e-01  -1.3483595414736049e-10   0.0000000000000000e+00   0.0000000000000000e+00
0137   5.2929687500000000e-01   1.0000010197717411e+00   6.0000003538307511e-01  -1.5594717635239320e-10   0.0000000000000000e+00   0.0000000000000000e+00
0138   5.3320312500000000e-01   1.0000010148072676e+00   6.0000003521296874e-01  -1.7707810180062370e-10   0.0000000000000000e+00   0.0000000000000000e+00
0139   5.3710937500000000e-01   1.0000010092314138e+00   6.0000003502154819e-01  -1.9817301496748817e-10   0.0000000000000000e+00   0.0000000000000000e+00
0140   5.4101562500000000e-01   1.0000010030474893e+00   6.0000003480890673e-01  -2.1921069442243598e-10   0.0000000000000000e+00   0.0000000000000000e+00
0141   5.4492187500000000e-01   1.0000009962592591e+00   6.0000003457516160e-01  -2.4016925924099098e-10   0.0000000000000000e+00   0.0000000000000000e+00
0142   5.4882812500000000e-01   1.0000009888707613e+00   6.0000003432044313e-01  -2.6102897722781407e-10   0.0000000000000000e+00   0.0000000000000000e+00
0143   5.5273437500000000e-01   1.0000009808864736e+00   6.0000003404489533e-01  -2.8176735917851636e-10   0.0000000000000000e+00   0.0000000000000000e+00
0144   5.5664062500000000e-01   1.0000009723111338e+00   6.0000003374867650e-01  -3.0236129228275952e-10   0.0000000000000000e+00   0.0000000000000000e+00
0145   5.6054687500000000e-01   1.0000009631499540e+00   6.0000003343196195e-01  -3.2278887309334433e-10   0.0000000000000000e+00   0.0000000000000000e+00
0146   5.6445312500000000e-01   1.0000009534084571e+00   6.0000003309494276e-01  -3.4303082811774977e-10   0.0000000000000000e+00   0.0000000000000000e+00
0147   5.6835937500000000e-01   1.0000009430924826e+00   6.0000003273782587e-01  -3.6306787077520704e-10   0.0000000000000000e+00   0.0000000000000000e+00
0148   5.7226562500000000e-01   1.0000009322082699e+00   6.0000003236083310e-01  -3.8288416537006393e-10   0.0000000000000000e+00   0.0000000000000000e+00
0149   5.7617187500000000e-01   1.0000009207623333e+00   6.0000003196419927e-01  -4.0246277796453134e-10   0.0000000000000000e+00   0.0000000000000000e+00
0150   5.8007812500000000e-01   1.0000009087617463e+00   6.0000003154817172e-01  -4.2178853786146055e-10   0.0000000000000000e+00   0.0000000000000000e+00
0151   5.8398437500000000e-01   1.0000008962134972e+00   6.0000003111301037e-01  -4.4084646218258913e-10   0.0000000000000000e+00   0.0000000000000000e+00
0152   5.8789062500000000e-01   1.0000008831253824e+00   6.0000003065898777e-01  -4.5962248667390266e-10   0.0000000000000000e+00   0.0000000000000000e+00
0153   5.9179687500000000e-01   1.0000008695051481e+00   6.0000003018638792e-01  -4.7810288874930776e-10   0.0000000000000000e+00   0.0000000000000000e+00
0154   5.9570312500000000e-01   1.0000008553610265e+00   6.0000002969550692e-01  -4.9627542031997914e-10   0.0000000000000000e+00   0.0000000000000000e+00
0155   5.9960937500000000e-01   1.0000008407016563e+00   6.0000002918665196e-01  -5.1412790309548275e-10   0.0000000000000000e+00   0.0000000000000000e+00
0156   6.0351562500000000e-01   1.0000008255357884e+00   6.0000002866014046e-01  -5.3164961375634053e-10   0.0000000000000000e+00   0.0000000000000000e+00
0157   6.0742187500000000e-01   1.0000008098725175e+00   6.0000002811630082e-01  -5.4882927438665367e-10   0.0000000000000000e+00   0.0000000000000000e+00
0158   6.1132812500000000e-01   1.0000007937214290e+00   6.0000002755547155e-01  -5.6565735994957788e-10   0.0000000000000000e+00   0.0000000000000000e+00
0159   6.1523437500000000e-01   1.0000007770921766e+00   6.0000002697799981e-01  -5.8212430284779113e-10   0.0000000000000000e+00   0.0000000000000000e+00
0160   6.1914062500000000e-01   1.0000007599947669e+00   6.0000002638424343e-01  -5.9822077887204368e-10   0.0000000000000000e+00   0.0000000000000000e+00
0161   6.2304687500000000e-01   1.0000007424395674e+00   6.0000002577456868e-01  -6.1393772727531098e-10   0.0000000000000000e+00   0.0000000000000000e+00
0162   6.2695312500000000e-01   1.0000007244371150e+00   6.0000002514935169e-01  -6.2926778133673718e-10   0.0000000000000000e+00   0.0000000000000000e+00
0163   6.3085937500000000e-01   1.0000007059983111e+00   6.0000002450897616e-01  -6.4420259541625102e-10   0.0000000000000000e+00   0.0000000000000000e+00
0164   6.3476562500000000e-01   1.0000006871342084e+00   6.0000002385383444e-01  -6.5873493523014504e-10   0.0000000000000000e+00   0.0000000000000000e+00
0165   6.3867187500000000e-01   1.0000006678561855e+00   6.0000002318432710e-01  -6.7285737220531548e-10   0.0000000000000000e+00   0.0000000000000000e+00
0166   6.4257812500000000e-01   1.0000006481758918e+00   6.0000002250086293e-01  -6.8656305836495648e-10   0.0000000000000000e+00   0.0000000000000000e+00
0167   6.4648437500000000e-01   1.0000006281052194e+00   6.0000002180385814e-01  -6.9984500507459845e-10   0.0000000000000000e+00   0.0000000000000000e+00
0168   6.5039062500000000e-01   1.0000006076561472e+00   6.0000002109373607e-01  -7.1269680871524508e-10   0.0000000000000000e+00   0.0000000000000000e+00
0169   6.5429687500000000e-01   1.0000005868411292e+00   6.0000002037092737e-01  -7.2511284861639429e-10   0.0000000000000000e+00   0.0000000000000000e+00
0170   6.5820312500000000e-01   1.0000005656726059e+00   6.0000001963587002e-01  -7.3708631786656940e-10   0.0000000000000000e+00   0.0000000000000000e+00
0171   6.6210937500000000e-01   1.0000005441633744e+00   6.0000001888900822e-01  -7.4861194195102647e-10   0.0000000000000000e+00   0.0000000000000000e+00
0172   6.6601562500000000e-01   1.0000005223263835e+00   6.0000001813079284e-01  -7.5968354958714113e-10   0.0000000000000000e+00   0.0000000000000000e+00
0173   6.6992187500000000e-01   1.0000005001747840e+00   6.0000001736168207e-01  -7.7029588409067166e-10   0.0000000000000000e+00   0.0000000000000000e+00
0174   6.7382812500000000e-01   1.0000004777219187e+00   6.0000001658213875e-01  -7.8044383737674877e-10   0.0000000000000000e+00   0.0000000000000000e+00
0175   6.7773437500000000e-01   1.0000004549813073e+00   6.0000001579263240e-01  -7.9012193793004257e-10   0.0000000000000000e+00   0.0000000000000000e+00
0176   6.8164062500000000e-01   1.0000004319667171e+00   6.0000001499363798e-01  -7.9932539659543601e-10   0.0000000000000000e+00   0.0000000000000000e+00
0177   6.8554687500000000e-01   1.0000004086918806e+00   6.0000001418563631e-01  -8.0804939434227862e-10   0.0000000000000000e+00   0.0000000000000000e+00
0178   6.8945312500000000e-01   1.0000003851709354e+00   6.0000001336911268e-01  -8.1628944334445424e-10   0.0000000000000000e+00   0.0000000000000000e+00
0179   6.9335937500000000e-01   1.0000003614179791e+00   6.0000001254455781e-01  -8.2404069773186021e-10   0.0000000000000000e+00   0.0000000000000000e+00
0180   6.9726562500000000e-01   1.0000003374473059e+00   6.0000001171246686e-01  -8.3129867278676361e-10   0.0000000000000000e+00   0.0000000000000000e+00
0181   7.0117187500000000e-01   1.0000003132734572e+00   6.0000001087333976e-01  -8.3805984505514010e-10   0.0000000000000000e+00   0.0000000000000000e+00
0182   7.0507812500000000e-01   1.0000002889108683e+00   6.0000001002768044e-01  -8.4431986068028392e-10   0.0000000000000000e+00   0.0000000000000000e+00
0183   7.0898437500000000e-01   1.0000002643742687e+00   6.0000000917599650e-01  -8.5007535008652877e-10   0.0000000000000000e+00   0.0000000000000000e+00
0184   7.1289062500000000e-01   1.0000002396784671e+00   6.0000000831879929e-01  -8.5532305270388410e-10   0.0000000000000000e+00   0.0000000000000000e+00
0185   7.1679687500000000e-01   1.0000002148383038e+00   6.0000000745660353e-01  -8.6005949297592663e-10   0.0000000000000000e+00   0.0000000000000000e+00
0186   7.2070312500000000e-01   1.0000001898687041e+00   6.0000000658992714e-01  -8.6428258597211762e-10   0.0000000000000000e+00   0.0000000000000000e+00
0187   7.2460937500000000e-01   1.0000001647847558e+00   6.0000000571928880e-01  -8.6798880204001821e-10   0.0000000000000000e+00   0.0000000000000000e+00
0188   7.2851562500000000e-01   1.0000001396015632e+00   6.0000000484521865e-01  -8.7117751366072291e-10   0.0000000000000000e+00   0.0000000000000000e+00
0189   7.3242187500000000e-01   1.0000001143342538e+00   6.0000000396822195e-01  -8.7384654333272685e-10   0.0000000000000000e+00   0.0000000000000000e+00
0190   7.3632812500000000e-01   1.0000000889981455e+00   6.0000000308888135e-01  -8.7599157545866553e-10   0.0000000000000000e+00   0.0000000000000000e+00
0191   7.4023437500000000e-01   1.0000000636083128e+00   6.0000000220756911e-01  -8.7763395537307101e-10   0.0000000000000000e+00   0.0000000000000000e+00
0192   7.4414062500000000e-01   1.0000000381804277e+00   6.0000000132521725e-01  -8.7869814293941284e-10   0.0000000000000000e+00   0.0000000000000000e+00
0193   7.4804687500000000e-01   1.0000000127289350e+00   6.0000000044139346e-01  -8.7941149086446814e-10   0.0000000000000000e+00   0.0000000000000000e+00
0194   7.5195312500000000e-01   9.9999998727094630e-01   5.9999999955849637e-01  -8.7943704100861116e-10   0.0000000000000000e+00   0.0000000000000000e+00
0195   7.5585937500000000e-01   9.9999996181937689e-01   5.9999999867467457e-01  -8.7877434837177086e-10   0.0000000000000000e+00   0.0000000000000000e+00
0196   7.5976562500000000e-01   9.9999993639152085e-01   5.9999999779232405e-01  -8.7776011448248641e-10   0.0000000000000000e+00   0.0000000000000000e+00
0197   7.6367187500000000e-01   9.9999991100168362e-01   5.9999999691101225e-01  -8.7616840648207647e-10   0.0000000000000000e+00   0.0000000000000000e+00
0198   7.6757812500000000e-01   9.9999988566558451e-01   5.9999999603167342e-01  -8.7407368821870797e-10   0.0000000000000000e+00   0.0000000000000000e+00
0199   7.7148437500000000e-01   9.9999986039829891e-01   5.9999999515467883e-01  -8.7145476746312596e-10   0.0000000000000000e+00   0.0000000000000000e+00
0200   7.7539062500000000e-01   9.9999983521510361e-01   5.9999999428061079e-01  -8.6831518148157332e-10   0.0000000000000000e+00   0.0000000000000000e+00
0201   7.7929687500000000e-01   9.9999981013116901e-01   5.9999999340997545e-01  -8.6465677645548250e-10   0.0000000000000000e+00   0.0000000000000000e+00
0202   7.8320312500000000e-01   9.9999978516160182e-01   5.9999999254330239e-01  -8.6048130150116914e-10   0.0000000000000000e+00   0.0000000000000000e+00
0203   7.8710937500000000e-01   9.9999976032142757e-01   5.9999999168110940e-01  -8.5579128421159093e-10   0.0000000000000000e+00   0.0000000000000000e+00
0204   7.9101562500000000e-01   9.9999973562557287e-01   5.9999999082391520e-01  -8.5058851523708202e-10   0.0000000000000000e+00   0.0000000000000000e+00
0205   7.9492187500000000e-01   9.9999971108898833e-01   5.9999998997223403e-01  -8.4487636203751035e-10   0.0000000000000000e+00   0.0000000000000000e+00
0206   7.9882812500000000e-01   9.9999968672643169e-01   5.9999998912657759e-01  -8.3865812600997760e-10   0.0000000000000000e+00   0.0000000000000000e+00
0207   8.0273437500000000e-01   9.9999966255254280e-01   5.9999998828745360e-01  -8.3193706842746751e-10   0.0000000000000000e+00   0.0000000000000000e+00
0208   8.0664062500000000e-01   9.9999963858191221e-01   5.9999998745536554e-01  -8.2471728570065468e-10   0.0000000000000000e+00   0.0000000000000000e+00
0209   8.1054687500000000e-01   9.9999961482894084e-01   5.9999998663081378e-01  -8.1700222998952249e-10   0.0000000000000000e+00   0.0000000000000000e+00
0210   8.1445312500000000e-01   9.9999959130800853e-01   5.9999998581429337e-01  -8.0879646360893534e-10   0.0000000000000000e+00   0.0000000000000000e+00
0211   8.1835937500000000e-01   9.9999956803321211e-01   5.9999998500629481e-01  -8.0010487262941954e-10   0.0000000000000000e+00   0.0000000000000000e+00
0212   8.2226562500000000e-01   9.9999954501859034e-01   5.9999998420730360e-01  -7.9093082999970589e-10   0.0000000000000000e+00   0.0000000000000000e+00
0213   8.2617187500000000e-01   9.9999952227799094e-01   5.9999998341780081e-01  -7.8128031232030102e-10   0.0000000000000000e+00   0.0000000000000000e+00
0214   8.3007812500000000e-01   9.9999949982513126e-01   5.9999998263826049e-01  -7.7115792494519775e-10   0.0000000000000000e+00   0.0000000000000000e+00
0215   8.3398437500000000e-01   9.9999947767357733e-01   5.9999998186915260e-01  -7.6056850835534571e-10   0.0000000000000000e+00   0.0000000000000000e+00
0216   8.3789062500000000e-01   9.9999945583656780e-01   5.9999998111094055e-01  -7.4951743356619848e-10   0.0000000000000000e+00   0.0000000000000000e+00
0217   8.4179687500000000e-01   9.9999943432733340e-01   5.9999998036408186e-01  -7.3801048080245214e-10   0.0000000000000000e+00   0.0000000000000000e+00
0218   8.4570312500000000e-01   9.9999941315885066e-01   5.9999997962902740e-01  -7.2605363684698900e-10   0.0000000000000000e+00   0.0000000000000000e+00
0219   8.4960937500000000e-01   9.9999939234379109e-01   5.9999997890622181e-01  -7.1365202878200277e-10   0.0000000000000000e+00   0.0000000000000000e+00
0220   8.5351562500000000e-01   9.9999937189477539e-01   5.9999997819610273e-01  -7.0081231589662186e-10   0.0000000000000000e+00   0.0000000000000000e+00
0221   8.5742187500000000e-01   9.9999935182405109e-01   5.9999997749910083e-01  -6.8754052987991568e-10   0.0000000000000000e+00   0.0000000000000000e+00
0222   8.6132812500000000e-01   9.9999933214378978e-01   5.9999997681563988e-01  -6.7384311261474006e-10   0.0000000000000000e+00   0.0000000000000000e+00
0223   8.6523437500000000e-01   9.9999931286579435e-01   5.9999997614613576e-01  -6.5972642019642493e-10   0.0000000000000000e+00   0.0000000000000000e+00
0224   8.6914062500000000e-01   9.9999929400170684e-01   5.9999997549099737e-01  -6.4519786004709603e-10   0.0000000000000000e+00   0.0000000000000000e+00
0225   8.7304687500000000e-01   9.9999927556288293e-01   5.9999997485062484e-01  -6.3026474937636167e-10   0.0000000000000000e+00   0.0000000000000000e+00
0226   8.7695312500000000e-01   9.9999925756044916e-01   5.9999997422541096e-01  -6.1493368931942491e-10   0.0000000000000000e+00   0.0000000000000000e+00
0227   8.8085937500000000e-01   9.9999924000523766e-01   5.9999997361573987e-01  -5.9921328630366849e-10   0.0000000000000000e+00   0.0000000000000000e+00
0228   8.8476562500000000e-01   9.9999922290785936e-01   5.9999997302198671e-01  -5.8311172646992807e-10   0.0000000000000000e+00   0.0000000000000000e+00
0229   8.8867187500000000e-01   9.9999920627858863e-01   5.9999997244451841e-01  -5.6663754857059836e-10   0.0000000000000000e+00   0.0000000000000000e+00
0230   8.9257812500000000e-01   9.9999919012750504e-01   5.9999997188369203e-01  -5.4979948010964234e-10   0.0000000000000000e+00   0.0000000000000000e+00
0231   8.9648437500000000e-01   9.9999917446428510e-01   5.9999997133985594e-01  -5.3260831731240866e-10   0.0000000000000000e+00   0.0000000000000000e+00
0232   9.0039062500000000e-01   9.9999915929839822e-01   5.9999997081334777e-01  -5.1507291359627524e-10   0.0000000000000000e+00   0.0000000000000000e+00
0233   9.0429687500000000e-01   9.9999914463900363e-01   5.9999997030449603e-01  -4.9720435938844188e-10   0.0000000000000000e+00   0.0000000000000000e+00
0234   9.0820312500000000e-01   9.9999913049491629e-01   5.9999996981361836e-01  -4.7901460604740186e-10   0.0000000000000000e+00   0.0000000000000000e+00
0235   9.1210937500000000e-01   9.9999911687466791e-01   5.9999996934102184e-01  -4.6051407924746362e-10   0.0000000000000000e+00   0.0000000000000000e+00
0236   9.1601562500000000e-01   9.9999910378652734e-01   5.9999996888700247e-01  -4.4171644101991619e-10   0.0000000000000000e+00   0.0000000000000000e+00
0237   9.1992187500000000e-01   9.9999909123836506e-01   5.9999996845184433e-01  -4.2263496492216386e-10   0.0000000000000000e+00   0.0000000000000000e+00
0238   9.2382812500000000e-01   9.9999907923772069e-01   5.9999996803581956e-01  -4.0328345228116963e-10   0.0000000000000000e+00   0.0000000000000000e+00
0239   9.2773437500000000e-01   9.9999906779183656e-01   5.9999996763918839e-01  -3.8367703269238451e-10   0.0000000000000000e+00   0.0000000000000000e+00
0240   9.3164062500000000e-01   9.9999905690761703e-01   5.9999996726219806e-01  -3.6383169400806158e-10   0.0000000000000000e+00   0.0000000000000000e+00
0241   9.3554687500000000e-01   9.9999904659165018e-01   5.9999996690508373e-01  -3.4376358516235581e-10   0.0000000000000000e+00   0.0000000000000000e+00
0242   9.3945312500000000e-01   9.9999903685015568e-01   5.9999996656806676e-01  -3.2348954497022375e-10   0.0000000000000000e+00   0.0000000000000000e+00
0243   9.4335937500000000e-01   9.9999902768901161e-01   5.9999996625135410e-01  -3.0302747861829584e-10   0.0000000000000000e+00   0.0000000000000000e+00
0244   9.4726562500000000e-01   9.9999901911366451e-01   5.9999996595513738e-01  -2.8239781146065253e-10   0.0000000000000000e+00   0.0000000000000000e+00
0245   9.5117187500000000e-01   9.9999901112934153e-01   5.9999996567959113e-01  -2.6162229472268042e-10   0.0000000000000000e+00   0.0000000000000000e+00
0246   9.5507812500000000e-01   9.9999900374087358e-01   5.9999996542487410e-01  -2.4072381435956586e-10   0.0000000000000000e+00   0.0000000000000000e+00
0247   9.5898437500000000e-01   9.9999899695262151e-01   5.9999996519113030e-01  -2.1972485613582844e-10   0.0000000000000000e+00   0.0000000000000000e+00
0248   9.6289062500000000e-01   9.9999899076873766e-01   5.9999996497849006e-01  -1.9864540948324024e-10   0.0000000000000000e+00   0.0000000000000000e+00
0249   9.6679687500000000e-01   9.9999898519287067e-01   5.9999996478707085e-01  -1.7750735167609508e-10   0.0000000000000000e+00   0.0000000000000000e+00
0250   9.7070312500000000e-01   9.9999898022840716e-01   5.9999996461696570e-01  -1.5633130430684303e-10   0.0000000000000000e+00   0.0000000000000000e+00
0251   9.7460937500000000e-01   9.9999897587826814e-01   5.9999996446825210e-01  -1.3517353798061512e-10   0.0000000000000000e+00   0.0000000000000000e+00
0252   9.7851562500000000e-01   9.9999897214505640e-01   5.9999996434093483e-01  -1.1403739766934612e-10   0.0000000000000000e+00   0.0000000000000000e+00
0253   9.8242187500000000e-01   9.9999896903091778e-01   5.9999996423506019e-01  -9.3164177449159479e-11   0.0000000000000000e+00   0.0000000000000000e+00
0254   9.8632812500000000e-01   9.9999896653749953e-01   5.9999996415043866e-01  -7.2108708235817613e-11   0.0000000000000000e+00   0.0000000000000000e+00
0255   9.9023437500000000e-01   9.9999896466647142e-01   5.9999996408724632e-01  -5.2637505951212674e-11   0.0000000000000000e+00   0.0000000000000000e+00
0256   9.9414062500000000e-01   9.9999896341851102e-01   5.9999996404514044e-01  -2.9872961259156286e-11   0.0000000000000000e+00   0.0000000000000000e+00
0257   9.9804687500000000e-01   9.9999896279433154e-01   5.9999996402406175e-01  -1.8568145882048636e-11   0.0000000000000000e+00   0.0000000000000000e+00
