# Athena++ data at time=4.001951e+00  cycle=2049  variables=prim 
# i       x1v         rho          press          vel1         vel2         vel3     
0002   1.9531250000000000e-03   9.9999899963244621e-01   6.0000000086221239e-01   4.4308671258482221e-10   0.0000000000000000e+00   0.0000000000000000e+00
0003   5.8593750000000000e-03   9.9999900023486843e-01   6.0000000086153371e-01   1.3302436546811802e-09   0.0000000000000000e+00   0.0000000000000000e+00
0004   9.7656250000000000e-03   9.9999900143969334e-01   6.0000000086051719e-01   2.2158927923769847e-09   0.0000000000000000e+00   0.0000000000000000e+00
0005   1.3671875000000000e-02   9.9999900324597168e-01   6.0000000085893257e-01   3.1005049011398107e-09   0.0000000000000000e+00   0.0000000000000000e+00
0006   1.7578125000000000e-02   9.9999900565267397e-01   6.0000000085685501e-01   3.9831291330018270e-09   0.0000000000000000e+00   0.0000000000000000e+00
0007   2.1484375000000000e-02   9.9999900865833835e-01   6.0000000085426275e-01   4.8633962848617329e-09   0.0000000000000000e+00   0.0000000000000000e+00
0008   2.5390625000000000e-02   9.9999901226115195e-01   6.0000000085115879e-01   5.7407180067438242e-09   0.0000000000000000e+00   0.0000000000000000e+00
0009   2.9296875000000000e-02   9.9999901645894540e-01   6.0000000084754446e-01   6.6145866206404796e-09   0.0000000000000000e+00   0.0000000000000000e+00
0010   3.3203125000000000e-02   9.9999902124918749e-01   6.0000000084342031e-01   7.4844683655234576e-09   0.0000000000000000e+00   0.0000000000000000e+00
0011   3.7109375000000000e-02   9.9999902662899354e-01   6.0000000083878890e-01   8.3498417525208233e-09   0.0000000000000000e+00   0.0000000000000000e+00
0012   4.1015625000000000e-02   9.9999903259512146e-01   6.0000000083365224e-01   9.2101846918959498e-09   0.0000000000000000e+00   0.0000000000000000e+00
0013   4.4921875000000000e-02   9.9999903914397514e-01   6.0000000082801275e-01   1.0064979650207950e-08   0.0000000000000000e+00   0.0000000000000000e+00
0014   4.8828125000000000e-02   9.9999904627161340e-01   6.0000000082187388e-01   1.0913711391739293e-08   0.0000000000000000e+00   0.0000000000000000e+00
0015   5.2734375000000000e-02   9.9999905397374156e-01   6.0000000081523897e-01   1.1755869635679836e-08   0.0000000000000000e+00   0.0000000000000000e+00
0016   5.6640625000000000e-02   9.9999906224572077e-01   6.0000000080811244e-01   1.2590946010970365e-08   0.0000000000000000e+00   0.0000000000000000e+00
0017   6.0546875000000000e-02   9.9999907108256736e-01   6.0000000080049831e-01   1.3418438459926546e-08   0.0000000000000000e+00   0.0000000000000000e+00
0018   6.4453125000000000e-02   9.9999908047895825e-01   6.0000000079240146e-01   1.4237848337152307e-08   0.0000000000000000e+00   0.0000000000000000e+00
0019   6.8359375000000000e-02   9.9999909042923296e-01   6.0000000078382676e-01   1.5048681864633933e-08   0.0000000000000000e+00   0.0000000000000000e+00
0020   7.2265625000000000e-02   9.9999910092739897e-01   6.0000000077477955e-01   1.5850450876041371e-08   0.0000000000000000e+00   0.0000000000000000e+00
0021   7.6171875000000000e-02   9.9999911196713187e-01   6.0000000076526516e-01   1.6642672626522819e-08   0.0000000000000000e+00   0.0000000000000000e+00
0022   8.0078125000000000e-02   9.9999912354178133e-01   6.0000000075528970e-01   1.7424869487444141e-08   0.0000000000000000e+00   0.0000000000000000e+00
0023   8.3984375000000000e-02   9.9999913564437803e-01   6.0000000074485960e-01   1.8196570351432401e-08   0.0000000000000000e+00   0.0000000000000000e+00
0024   8.7890625000000000e-02   9.9999914826763381e-01   6.0000000073398063e-01   1.8957310618061693e-08   0.0000000000000000e+00   0.0000000000000000e+00
0025   9.1796875000000000e-02   9.9999916140393541e-01   6.0000000072265991e-01   1.9706632026709279e-08   0.0000000000000000e+00   0.0000000000000000e+00
0026   9.5703125000000000e-02   9.9999917504537872e-01   6.0000000071090398e-01   2.0444082634457255e-08   0.0000000000000000e+00   0.0000000000000000e+00
0027   9.9609375000000000e-02   9.9999918918374597e-01   6.0000000069871995e-01   2.1169219248738093e-08   0.0000000000000000e+00   0.0000000000000000e+00
0028   1.0351562500000000e-01   9.9999920381051755e-01   6.0000000068611548e-01   2.1881604453578980e-08   0.0000000000000000e+00   0.0000000000000000e+00
0029   1.0742187500000000e-01   9.9999921891687926e-01   6.0000000067309778e-01   2.2580809480544119e-08   0.0000000000000000e+00   0.0000000000000000e+00
0030   1.1132812500000000e-01   9.9999923449374550e-01   6.0000000065967463e-01   2.3266412753374427e-08   0.0000000000000000e+00   0.0000000000000000e+00
0031   1.1523437500000000e-01   9.9999925053171757e-01   6.0000000064585424e-01   2.3938002525989444e-08   0.0000000000000000e+00   0.0000000000000000e+00
0032   1.1914062500000000e-01   9.9999926702114017e-01   6.0000000063164471e-01   2.4595172772248440e-08   0.0000000000000000e+00   0.0000000000000000e+00
0033   1.2304687500000000e-01   9.9999928395208970e-01   6.0000000061705439e-01   2.5237528012026841e-08   0.0000000000000000e+00   0.0000000000000000e+00
0034   1.2695312500000000e-01   9.9999930131435211e-01   6.0000000060209213e-01   2.5864681053456595e-08   0.0000000000000000e+00   0.0000000000000000e+00
0035   1.3085937500000000e-01   9.9999931909747586e-01   6.0000000058676695e-01   2.6476253225930729e-08   0.0000000000000000e+00   0.0000000000000000e+00
0036   1.3476562500000000e-01   9.9999933729075274e-01   6.0000000057108804e-01   2.7071876395873470e-08   0.0000000000000000e+00   0.0000000000000000e+00
0037   1.3867187500000000e-01   9.9999935588322031e-01   6.0000000055506464e-01   2.7651190468906413e-08   0.0000000000000000e+00   0.0000000000000000e+00
0038   1.4257812500000000e-01   9.9999937486367851e-01   6.0000000053870695e-01   2.8213846325576950e-08   0.0000000000000000e+00   0.0000000000000000e+00
0039   1.4648437500000000e-01   9.9999939422069539e-01   6.0000000052202473e-01   2.8759505360892835e-08   0.0000000000000000e+00   0.0000000000000000e+00
0040   1.5039062500000000e-01   9.9999941394261538e-01   6.0000000050502889e-01   2.9287839278606112e-08   0.0000000000000000e+00   0.0000000000000000e+00
0041   1.5429687500000000e-01   9.9999943401755165e-01   6.0000000048773072e-01   2.9798530885239278e-08   0.0000000000000000e+00   0.0000000000000000e+00
0042   1.5820312500000000e-01   9.9999945443341676e-01   6.0000000047014057e-01   3.0291274244477436e-08   0.0000000000000000e+00   0.0000000000000000e+00
0043   1.6210937500000000e-01   9.9999947517791654e-01   6.0000000045226998e-01   3.0765775048697641e-08   0.0000000000000000e+00   0.0000000000000000e+00
0044   1.6601562500000000e-01   9.9999949623855344e-01   6.0000000043413038e-01   3.1221751021242346e-08   0.0000000000000000e+00   0.0000000000000000e+00
0045   1.6992187500000000e-01   9.9999951760263861e-01   6.0000000041573265e-01   3.1658930933608691e-08   0.0000000000000000e+00   0.0000000000000000e+00
0046   1.7382812500000000e-01   9.9999953925730656e-01   6.0000000039708767e-01   3.2077056633636682e-08   0.0000000000000000e+00   0.0000000000000000e+00
0047   1.7773437500000000e-01   9.9999956118951050e-01   6.0000000037820589e-01   3.2475879292225312e-08   0.0000000000000000e+00   0.0000000000000000e+00
0048   1.8164062500000000e-01   9.9999958338603501e-01   6.0000000035909695e-01   3.2855162311920522e-08   0.0000000000000000e+00   0.0000000000000000e+00
0049   1.8554687500000000e-01   9.9999960583351333e-01   6.0000000033976897e-01   3.3214677708727941e-08   0.0000000000000000e+00   0.0000000000000000e+00
0050   1.8945312500000000e-01   9.9999962851841606e-01   6.0000000032022915e-01   3.3554206994783978e-08   0.0000000000000000e+00   0.0000000000000000e+00
0051   1.9335937500000000e-01   9.9999965142706781e-01   6.0000000030048428e-01   3.3873540414590290e-08   0.0000000000000000e+00   0.0000000000000000e+00
0052   1.9726562500000000e-01   9.9999967454567473e-01   6.0000000028054179e-01   3.4172477291666107e-08   0.0000000000000000e+00   0.0000000000000000e+00
0053   2.0117187500000000e-01   9.9999969786030241e-01   6.0000000026041012e-01   3.4450826516893921e-08   0.0000000000000000e+00   0.0000000000000000e+00
0054   2.0507812500000000e-01   9.9999972135690196e-01   6.0000000024009836e-01   3.4708404570577883e-08   0.0000000000000000e+00   0.0000000000000000e+00
0055   2.0898437500000000e-01   9.9999974502132216e-01   6.0000000021961508e-01   3.4945035511596188e-08   0.0000000000000000e+00   0.0000000000000000e+00
0056   2.1289062500000000e-01   9.9999976883929953e-01   6.0000000019896815e-01   3.5160548239351249e-08   0.0000000000000000e+00   0.0000000000000000e+00
0057   2.1679687500000000e-01   9.9999979279648543e-01   6.0000000017816979e-01   3.5354778107065894e-08   0.0000000000000000e+00   0.0000000000000000e+00
0058   2.2070312500000000e-01   9.9999981687845529e-01   6.0000000015723376e-01   3.5527578511994958e-08   0.0000000000000000e+00   0.0000000000000000e+00
0059   2.2460937500000000e-01   9.9999984107074358e-01   6.0000000013621335e-01   3.5678816122663009e-08   0.0000000000000000e+00   0.0000000000000000e+00
0060   2.2851562500000000e-01   9.9999986535876728e-01   6.0000000011511456e-01   3.5808429433218786e-08   0.0000000000000000e+00   0.0000000000000000e+00
0061   2.3242187500000000e-01   9.9999988972813192e-01   6.0000000009418775e-01   3.5916313996088875e-08   0.0000000000000000e+00   0.0000000000000000e+00
0062   2.3632812500000000e-01   9.9999991416371270e-01   6.0000000007299337e-01   3.6002615262438032e-08   0.0000000000000000e+00   0.0000000000000000e+00
0063   2.4023437500000000e-01   9.9999993865257886e-01   6.0000000005333798e-01   3.6067099967314964e-08   0.0000000000000000e+00   0.0000000000000000e+00
0064   2.4414062500000000e-01   9.9999996317503614e-01   6.0000000003028486e-01   3.6110098360309282e-08   0.0000000000000000e+00   0.0000000000000000e+00
0065   2.4804687500000000e-01   9.9999998773133036e-01   6.0000000001887177e-01   3.6131614187420332e-08   0.0000000000000000e+00   0.0000000000000000e+00
0066   2.5195312500000000e-01   1.0000000122686699e+00   5.9999999998110387e-01   3.6131614783545159e-08   0.0000000000000000e+00   0.0000000000000000e+00
0067   2.5585937500000000e-01   1.0000000368249633e+00   5.9999999996969100e-01   3.6110100146763092e-08   0.0000000000000000e+00   0.0000000000000000e+00
0068   2.5976562500000000e-01   1.0000000613474207e+00   5.9999999994663800e-01   3.6067102758607360e-08   0.0000000000000000e+00   0.0000000000000000e+00
0069   2.6367187500000000e-01   1.0000000858362845e+00   5.9999999992698272e-01   3.6002618797451191e-08   0.0000000000000000e+00   0.0000000000000000e+00
0070   2.6757812500000000e-01   1.0000001102718690e+00   5.9999999990578845e-01   3.5916319355318960e-08   0.0000000000000000e+00   0.0000000000000000e+00
0071   2.7148437500000000e-01   1.0000001346412368e+00   5.9999999988486186e-01   3.5808435312636647e-08   0.0000000000000000e+00   0.0000000000000000e+00
0072   2.7539062500000000e-01   1.0000001589292573e+00   5.9999999986376285e-01   3.5678823006611831e-08   0.0000000000000000e+00   0.0000000000000000e+00
0073   2.7929687500000000e-01   1.0000001831215366e+00   5.9999999984274277e-01   3.5527586288725155e-08   0.0000000000000000e+00   0.0000000000000000e+00
0074   2.8320312500000000e-01   1.0000002072035095e+00   5.9999999982180685e-01   3.5354786255049322e-08   0.0000000000000000e+00   0.0000000000000000e+00
0075   2.8710937500000000e-01   1.0000002311606953e+00   5.9999999980100860e-01   3.5160557466511404e-08   0.0000000000000000e+00   0.0000000000000000e+00
0076   2.9101562500000000e-01   1.0000002549786842e+00   5.9999999978036156e-01   3.4945045035631246e-08   0.0000000000000000e+00   0.0000000000000000e+00
0077   2.9492187500000000e-01   1.0000002786430935e+00   5.9999999975987839e-01   3.4708415173928553e-08   0.0000000000000000e+00   0.0000000000000000e+00
0078   2.9882812500000000e-01   1.0000003021397004e+00   5.9999999973956675e-01   3.4450837305484847e-08   0.0000000000000000e+00   0.0000000000000000e+00
0079   3.0273437500000000e-01   1.0000003254543275e+00   5.9999999971943518e-01   3.4172489345974059e-08   0.0000000000000000e+00   0.0000000000000000e+00
0080   3.0664062500000000e-01   1.0000003485729319e+00   5.9999999969949269e-01   3.3873553362110406e-08   0.0000000000000000e+00   0.0000000000000000e+00
0081   3.1054687500000000e-01   1.0000003714815888e+00   5.9999999967974771e-01   3.3554221170866317e-08   0.0000000000000000e+00   0.0000000000000000e+00
0082   3.1445312500000000e-01   1.0000003941664857e+00   5.9999999966020801e-01   3.3214693076159467e-08   0.0000000000000000e+00   0.0000000000000000e+00
0083   3.1835937500000000e-01   1.0000004166139602e+00   5.9999999964088002e-01   3.2855178758972116e-08   0.0000000000000000e+00   0.0000000000000000e+00
0084   3.2226562500000000e-01   1.0000004388104915e+00   5.9999999962177120e-01   3.2475896595398860e-08   0.0000000000000000e+00   0.0000000000000000e+00
0085   3.2617187500000000e-01   1.0000004607426973e+00   5.9999999960288941e-01   3.2077074941990761e-08   0.0000000000000000e+00   0.0000000000000000e+00
0086   3.3007812500000000e-01   1.0000004823973567e+00   5.9999999958424455e-01   3.1658950172670131e-08   0.0000000000000000e+00   0.0000000000000000e+00
0087   3.3398437500000000e-01   1.0000005037614497e+00   5.9999999956584682e-01   3.1221770594958860e-08   0.0000000000000000e+00   0.0000000000000000e+00
0088   3.3789062500000000e-01   1.0000005248220805e+00   5.9999999954770677e-01   3.0765795292416688e-08   0.0000000000000000e+00   0.0000000000000000e+00
0089   3.4179687500000000e-01   1.0000005455665817e+00   5.9999999952983629e-01   3.0291294673922982e-08   0.0000000000000000e+00   0.0000000000000000e+00
0090   3.4570312500000000e-01   1.0000005659824551e+00   5.9999999951224614e-01   2.9798551947534082e-08   0.0000000000000000e+00   0.0000000000000000e+00
0091   3.4960937500000000e-01   1.0000005860573817e+00   5.9999999949494753e-01   2.9287860377715671e-08   0.0000000000000000e+00   0.0000000000000000e+00
0092   3.5351562500000000e-01   1.0000006057793067e+00   5.9999999947795168e-01   2.8759526720411079e-08   0.0000000000000000e+00   0.0000000000000000e+00
0093   3.5742187500000000e-01   1.0000006251363249e+00   5.9999999946126925e-01   2.8213867498497456e-08   0.0000000000000000e+00   0.0000000000000000e+00
0094   3.6132812500000000e-01   1.0000006441167764e+00   5.9999999944491156e-01   2.7651211567060429e-08   0.0000000000000000e+00   0.0000000000000000e+00
0095   3.6523437500000000e-01   1.0000006627092448e+00   5.9999999942888804e-01   2.7071897419325612e-08   0.0000000000000000e+00   0.0000000000000000e+00
0096   3.6914062500000000e-01   1.0000006809025217e+00   5.9999999941320892e-01   2.6476274584559833e-08   0.0000000000000000e+00   0.0000000000000000e+00
0097   3.7304687500000000e-01   1.0000006986856518e+00   5.9999999939788373e-01   2.5864702337513491e-08   0.0000000000000000e+00   0.0000000000000000e+00
0098   3.7695312500000000e-01   1.0000007160479147e+00   5.9999999938292159e-01   2.5237549147064778e-08   0.0000000000000000e+00   0.0000000000000000e+00
0099   3.8085937500000000e-01   1.0000007329788598e+00   5.9999999936833126e-01   2.4595193832842199e-08   0.0000000000000000e+00   0.0000000000000000e+00
0100   3.8476562500000000e-01   1.0000007494682870e+00   5.9999999935412174e-01   2.3938023065133015e-08   0.0000000000000000e+00   0.0000000000000000e+00
0101   3.8867187500000000e-01   1.0000007655062588e+00   5.9999999934030124e-01   2.3266433590757869e-08   0.0000000000000000e+00   0.0000000000000000e+00
0102   3.9257812500000000e-01   1.0000007810831153e+00   5.9999999932687775e-01   2.2580829200508915e-08   0.0000000000000000e+00   0.0000000000000000e+00
0103   3.9648437500000000e-01   1.0000007961894841e+00   5.9999999931385994e-01   2.1881624322882643e-08   0.0000000000000000e+00   0.0000000000000000e+00
0104   4.0039062500000000e-01   1.0000008108162468e+00   5.9999999930125536e-01   2.1169238559581526e-08   0.0000000000000000e+00   0.0000000000000000e+00
0105   4.0429687500000000e-01   1.0000008249546215e+00   5.9999999928907144e-01   2.0444101982992234e-08   0.0000000000000000e+00   0.0000000000000000e+00
0106   4.0820312500000000e-01   1.0000008385960697e+00   5.9999999927731562e-01   1.9706651114947430e-08   0.0000000000000000e+00   0.0000000000000000e+00
0107   4.1210937500000000e-01   1.0000008517323653e+00   5.9999999926599490e-01   1.8957329557828944e-08   0.0000000000000000e+00   0.0000000000000000e+00
0108   4.1601562500000000e-01   1.0000008643556146e+00   5.9999999925511627e-01   1.8196589515342024e-08   0.0000000000000000e+00   0.0000000000000000e+00
0109   4.1992187500000000e-01   1.0000008764582209e+00   5.9999999924468594e-01   1.7424888353969807e-08   0.0000000000000000e+00   0.0000000000000000e+00
0110   4.2382812500000000e-01   1.0000008880328717e+00   5.9999999923471037e-01   1.6642691083950653e-08   0.0000000000000000e+00   0.0000000000000000e+00
0111   4.2773437500000000e-01   1.0000008990726035e+00   5.9999999922519576e-01   1.5850469073446082e-08   0.0000000000000000e+00   0.0000000000000000e+00
0112   4.3164062500000000e-01   1.0000009095707616e+00   5.9999999921614822e-01   1.5048699354995463e-08   0.0000000000000000e+00   0.0000000000000000e+00
0113   4.3554687500000000e-01   1.0000009195210402e+00   5.9999999920757341e-01   1.4237865008750568e-08   0.0000000000000000e+00   0.0000000000000000e+00
0114   4.3945312500000000e-01   1.0000009289174354e+00   5.9999999919947611e-01   1.3418454238295743e-08   0.0000000000000000e+00   0.0000000000000000e+00
0115   4.4335937500000000e-01   1.0000009377542796e+00   5.9999999919186187e-01   1.2590961119688339e-08   0.0000000000000000e+00   0.0000000000000000e+00
0116   4.4726562500000000e-01   1.0000009460262564e+00   5.9999999918473534e-01   1.1755883031625941e-08   0.0000000000000000e+00   0.0000000000000000e+00
0117   4.5117187500000000e-01   1.0000009537283874e+00   5.9999999917810054e-01   1.0913724304393296e-08   0.0000000000000000e+00   0.0000000000000000e+00
0118   4.5507812500000000e-01   1.0000009608560256e+00   5.9999999917196167e-01   1.0064991371745962e-08   0.0000000000000000e+00   0.0000000000000000e+00
0119   4.5898437500000000e-01   1.0000009674048815e+00   5.9999999916632241e-01   9.2101957066774012e-09   0.0000000000000000e+00   0.0000000000000000e+00
0120   4.6289062500000000e-01   1.0000009733710122e+00   5.9999999916118563e-01   8.3498515389965442e-09   0.0000000000000000e+00   0.0000000000000000e+00
0121   4.6679687500000000e-01   1.0000009787508164e+00   5.9999999915655444e-01   7.4844771845136926e-09   0.0000000000000000e+00   0.0000000000000000e+00
0122   4.7070312500000000e-01   1.0000009835410555e+00   5.9999999915243030e-01   6.6145941368691576e-09   0.0000000000000000e+00   0.0000000000000000e+00
0123   4.7460937500000000e-01   1.0000009877388500e+00   5.9999999914881619e-01   5.7407245555403770e-09   0.0000000000000000e+00   0.0000000000000000e+00
0124   4.7851562500000000e-01   1.0000009913416572e+00   5.9999999914571200e-01   4.8634014564231146e-09   0.0000000000000000e+00   0.0000000000000000e+00
0125   4.8242187500000000e-01   1.0000009943473276e+00   5.9999999914311986e-01   3.9831332626782008e-09   0.0000000000000000e+00   0.0000000000000000e+00
0126   4.8632812500000000e-01   1.0000009967540298e+00   5.9999999914104263e-01   3.1005077280707907e-09   0.0000000000000000e+00   0.0000000000000000e+00
0127   4.9023437500000000e-01   1.0000009985603002e+00   5.9999999913945812e-01   2.2158949129054343e-09   0.0000000000000000e+00   0.0000000000000000e+00
0128   4.9414062500000000e-01   1.0000009997651307e+00   5.9999999913844182e-01   1.3302447701735823e-09   0.0000000000000000e+00   0.0000000000000000e+00
0129   4.9804687500000000e-01   1.0000010003675537e+00   5.9999999913776303e-01   4.4308749506270176e-10   0.0000000000000000e+00   0.0000000000000000e+00
0130   5.0195312500000000e-01   1.0000010003675541e+00   5.9999999913776292e-01  -4.4308697348192173e-10   0.0000000000000000e+00   0.0000000000000000e+00
0131   5.0585937500000000e-01   1.0000009997651276e+00   5.9999999913844160e-01  -1.3302445466388109e-09   0.0000000000000000e+00   0.0000000000000000e+00
0132   5.0976562500000000e-01   1.0000009985603027e+00   5.9999999913945834e-01  -2.2158943540688878e-09   0.0000000000000000e+00   0.0000000000000000e+00
0133   5.1367187500000000e-01   1.0000009967540251e+00   5.9999999914104274e-01  -3.1005075045360220e-09   0.0000000000000000e+00   0.0000000000000000e+00
0134   5.1757812500000000e-01   1.0000009943473267e+00   5.9999999914312008e-01  -3.9831328901204221e-09   0.0000000000000000e+00   0.0000000000000000e+00
0135   5.2148437500000000e-01   1.0000009913416619e+00   5.9999999914571223e-01  -4.8634011583768084e-09   0.0000000000000000e+00   0.0000000000000000e+00
0136   5.2539062500000000e-01   1.0000009877388514e+00   5.9999999914881585e-01  -5.7407245182843342e-09   0.0000000000000000e+00   0.0000000000000000e+00
0137   5.2929687500000000e-01   1.0000009835410493e+00   5.9999999915243007e-01  -6.6145939505901831e-09   0.0000000000000000e+00   0.0000000000000000e+00
0138   5.3320312500000000e-01   1.0000009787508146e+00   5.9999999915655400e-01  -7.4844770727461980e-09   0.0000000000000000e+00   0.0000000000000000e+00
0139   5.3710937500000000e-01   1.0000009733710071e+00   5.9999999916118529e-01  -8.3498515017405627e-09   0.0000000000000000e+00   0.0000000000000000e+00
0140   5.4101562500000000e-01   1.0000009674048782e+00   5.9999999916632218e-01  -9.2101957811886959e-09   0.0000000000000000e+00   0.0000000000000000e+00
0141   5.4492187500000000e-01   1.0000009608560239e+00   5.9999999917196167e-01  -1.0064991558024455e-08   0.0000000000000000e+00   0.0000000000000000e+00
0142   5.4882812500000000e-01   1.0000009537283920e+00   5.9999999917810065e-01  -1.0913724602439016e-08   0.0000000000000000e+00   0.0000000000000000e+00
0143   5.5273437500000000e-01   1.0000009460262571e+00   5.9999999918473546e-01  -1.1755883441438938e-08   0.0000000000000000e+00   0.0000000000000000e+00
0144   5.5664062500000000e-01   1.0000009377542765e+00   5.9999999919186209e-01  -1.2590961268711117e-08   0.0000000000000000e+00   0.0000000000000000e+00
0145   5.6054687500000000e-01   1.0000009289174392e+00   5.9999999919947633e-01  -1.3418454648108696e-08   0.0000000000000000e+00   0.0000000000000000e+00
0146   5.6445312500000000e-01   1.0000009195210404e+00   5.9999999920757352e-01  -1.4237865195029084e-08   0.0000000000000000e+00   0.0000000000000000e+00
0147   5.6835937500000000e-01   1.0000009095707669e+00   5.9999999921614866e-01  -1.5048699541273864e-08   0.0000000000000000e+00   0.0000000000000000e+00
0148   5.7226562500000000e-01   1.0000008990726093e+00   5.9999999922519609e-01  -1.5850469222468767e-08   0.0000000000000000e+00   0.0000000000000000e+00
0149   5.7617187500000000e-01   1.0000008880328721e+00   5.9999999923471081e-01  -1.6642691046694669e-08   0.0000000000000000e+00   0.0000000000000000e+00
0150   5.8007812500000000e-01   1.0000008764582193e+00   5.9999999924468650e-01  -1.7424888353969602e-08   0.0000000000000000e+00   0.0000000000000000e+00
0151   5.8398437500000000e-01   1.0000008643556155e+00   5.9999999925511649e-01  -1.8196589589853246e-08   0.0000000000000000e+00   0.0000000000000000e+00
0152   5.8789062500000000e-01   1.0000008517323657e+00   5.9999999926599523e-01  -1.8957329744107500e-08   0.0000000000000000e+00   0.0000000000000000e+00
0153   5.9179687500000000e-01   1.0000008385960650e+00   5.9999999927731584e-01  -1.9706651077691573e-08   0.0000000000000000e+00   0.0000000000000000e+00
0154   5.9570312500000000e-01   1.0000008249546202e+00   5.9999999928907155e-01  -2.0444102355549561e-08   0.0000000000000000e+00   0.0000000000000000e+00
0155   5.9960937500000000e-01   1.0000008108162508e+00   5.9999999930125536e-01  -2.1169239118417568e-08   0.0000000000000000e+00   0.0000000000000000e+00
0156   6.0351562500000000e-01   1.0000007961894843e+00   5.9999999931386017e-01  -2.1881624322882408e-08   0.0000000000000000e+00   0.0000000000000000e+00
0157   6.0742187500000000e-01   1.0000007810831184e+00   5.9999999932687798e-01  -2.2580829684833477e-08   0.0000000000000000e+00   0.0000000000000000e+00
0158   6.1132812500000000e-01   1.0000007655062555e+00   5.9999999934030102e-01  -2.3266433777036593e-08   0.0000000000000000e+00   0.0000000000000000e+00
0159   6.1523437500000000e-01   1.0000007494682872e+00   5.9999999935412163e-01  -2.3938023139644330e-08   0.0000000000000000e+00   0.0000000000000000e+00
0160   6.1914062500000000e-01   1.0000007329788527e+00   5.9999999936833126e-01  -2.4595193944609497e-08   0.0000000000000000e+00   0.0000000000000000e+00
0161   6.2304687500000000e-01   1.0000007160479087e+00   5.9999999938292148e-01  -2.5237549407855029e-08   0.0000000000000000e+00   0.0000000000000000e+00
0162   6.2695312500000000e-01   1.0000006986856480e+00   5.9999999939788362e-01  -2.5864702561047997e-08   0.0000000000000000e+00   0.0000000000000000e+00
0163   6.3085937500000000e-01   1.0000006809025219e+00   5.9999999941320892e-01  -2.6476274770838419e-08   0.0000000000000000e+00   0.0000000000000000e+00
0164   6.3476562500000000e-01   1.0000006627092413e+00   5.9999999942888849e-01  -2.7071897829138879e-08   0.0000000000000000e+00   0.0000000000000000e+00
0165   6.3867187500000000e-01   1.0000006441167770e+00   5.9999999944491189e-01  -2.7651211827850551e-08   0.0000000000000000e+00   0.0000000000000000e+00
0166   6.4257812500000000e-01   1.0000006251363218e+00   5.9999999946126970e-01  -2.8213867908310753e-08   0.0000000000000000e+00   0.0000000000000000e+00
0167   6.4648437500000000e-01   1.0000006057793032e+00   5.9999999947795202e-01  -2.8759526608643742e-08   0.0000000000000000e+00   0.0000000000000000e+00
0168   6.5039062500000000e-01   1.0000005860573833e+00   5.9999999949494776e-01  -2.9287860005157834e-08   0.0000000000000000e+00   0.0000000000000000e+00
0169   6.5429687500000000e-01   1.0000005659824516e+00   5.9999999951224636e-01  -2.9798551612232162e-08   0.0000000000000000e+00   0.0000000000000000e+00
0170   6.5820312500000000e-01   1.0000005455665808e+00   5.9999999952983651e-01  -3.0291294711178647e-08   0.0000000000000000e+00   0.0000000000000000e+00
0171   6.6210937500000000e-01   1.0000005248220860e+00   5.9999999954770711e-01  -3.0765795366927913e-08   0.0000000000000000e+00   0.0000000000000000e+00
0172   6.6601562500000000e-01   1.0000005037614477e+00   5.9999999956584671e-01  -3.1221770781237591e-08   0.0000000000000000e+00   0.0000000000000000e+00
0173   6.6992187500000000e-01   1.0000004823973621e+00   5.9999999958424444e-01  -3.1658950172669906e-08   0.0000000000000000e+00   0.0000000000000000e+00
0174   6.7382812500000000e-01   1.0000004607426976e+00   5.9999999960288952e-01  -3.2077074718456020e-08   0.0000000000000000e+00   0.0000000000000000e+00
0175   6.7773437500000000e-01   1.0000004388104966e+00   5.9999999962177142e-01  -3.2475896669910046e-08   0.0000000000000000e+00   0.0000000000000000e+00
0176   6.8164062500000000e-01   1.0000004166139629e+00   5.9999999964088024e-01  -3.2855178386414256e-08   0.0000000000000000e+00   0.0000000000000000e+00
0177   6.8554687500000000e-01   1.0000003941664837e+00   5.9999999966020812e-01  -3.3214693076159467e-08   0.0000000000000000e+00   0.0000000000000000e+00
0178   6.8945312500000000e-01   1.0000003714815873e+00   5.9999999967974771e-01  -3.3554220947331648e-08   0.0000000000000000e+00   0.0000000000000000e+00
0179   6.9335937500000000e-01   1.0000003485729345e+00   5.9999999969949236e-01  -3.3873553324854429e-08   0.0000000000000000e+00   0.0000000000000000e+00
0180   6.9726562500000000e-01   1.0000003254543293e+00   5.9999999971943463e-01  -3.4172489196950675e-08   0.0000000000000000e+00   0.0000000000000000e+00
0181   7.0117187500000000e-01   1.0000003021396966e+00   5.9999999973956630e-01  -3.4450837417252254e-08   0.0000000000000000e+00   0.0000000000000000e+00
0182   7.0507812500000000e-01   1.0000002786430986e+00   5.9999999975987828e-01  -3.4708415062160842e-08   0.0000000000000000e+00   0.0000000000000000e+00
0183   7.0898437500000000e-01   1.0000002549786791e+00   5.9999999978036156e-01  -3.4945045482700668e-08   0.0000000000000000e+00   0.0000000000000000e+00
0184   7.1289062500000000e-01   1.0000002311606959e+00   5.9999999980100849e-01  -3.5160557541022893e-08   0.0000000000000000e+00   0.0000000000000000e+00
0185   7.1679687500000000e-01   1.0000002072035126e+00   5.9999999982180696e-01  -3.5354786627606951e-08   0.0000000000000000e+00   0.0000000000000000e+00
0186   7.2070312500000000e-01   1.0000001831215417e+00   5.9999999984274310e-01  -3.5527586512259585e-08   0.0000000000000000e+00   0.0000000000000000e+00
0187   7.2460937500000000e-01   1.0000001589292620e+00   5.9999999986376318e-01  -3.5678822671309491e-08   0.0000000000000000e+00   0.0000000000000000e+00
0188   7.2851562500000000e-01   1.0000001346412313e+00   5.9999999988486230e-01  -3.5808435014590488e-08   0.0000000000000000e+00   0.0000000000000000e+00
0189   7.3242187500000000e-01   1.0000001102718616e+00   5.9999999990578889e-01  -3.5916318796482488e-08   0.0000000000000000e+00   0.0000000000000000e+00
0190   7.3632812500000000e-01   1.0000000858362830e+00   5.9999999992698327e-01  -3.6002618946474310e-08   0.0000000000000000e+00   0.0000000000000000e+00
0191   7.4023437500000000e-01   1.0000000613474214e+00   5.9999999994663855e-01  -3.6067102535072573e-08   0.0000000000000000e+00   0.0000000000000000e+00
0192   7.4414062500000000e-01   1.0000000368249631e+00   5.9999999996969156e-01  -3.6110099848716656e-08   0.0000000000000000e+00   0.0000000000000000e+00
0193   7.4804687500000000e-01   1.0000000122686687e+00   5.9999999998110454e-01  -3.6131614187452691e-08   0.0000000000000000e+00   0.0000000000000000e+00
0194   7.5195312500000000e-01   9.9999998773132903e-01   6.0000000001887266e-01  -3.6131613889374061e-08   0.0000000000000000e+00   0.0000000000000000e+00
0195   7.5585937500000000e-01   9.9999996317503326e-01   6.0000000003028531e-01  -3.6110098323053564e-08   0.0000000000000000e+00   0.0000000000000000e+00
0196   7.5976562500000000e-01   9.9999993865257741e-01   6.0000000005333798e-01  -3.6067099743780243e-08   0.0000000000000000e+00   0.0000000000000000e+00
0197   7.6367187500000000e-01   9.9999991416371192e-01   6.0000000007299314e-01  -3.6002615038903298e-08   0.0000000000000000e+00   0.0000000000000000e+00
0198   7.6757812500000000e-01   9.9999988972813403e-01   6.0000000009418764e-01  -3.5916314219623622e-08   0.0000000000000000e+00   0.0000000000000000e+00
0199   7.7148437500000000e-01   9.9999986535876517e-01   6.0000000011511456e-01  -3.5808429358707303e-08   0.0000000000000000e+00   0.0000000000000000e+00
0200   7.7539062500000000e-01   9.9999984107074236e-01   6.0000000013621391e-01  -3.5678816271686419e-08   0.0000000000000000e+00   0.0000000000000000e+00
0201   7.7929687500000000e-01   9.9999981687845896e-01   6.0000000015723409e-01  -3.5527579145343456e-08   0.0000000000000000e+00   0.0000000000000000e+00
0202   7.8320312500000000e-01   9.9999979279648643e-01   6.0000000017817012e-01  -3.5354778405112211e-08   0.0000000000000000e+00   0.0000000000000000e+00
0203   7.8710937500000000e-01   9.9999976883930342e-01   6.0000000019896849e-01  -3.5160548351118537e-08   0.0000000000000000e+00   0.0000000000000000e+00
0204   7.9101562500000000e-01   9.9999974502132238e-01   6.0000000021961553e-01  -3.4945035362573049e-08   0.0000000000000000e+00   0.0000000000000000e+00
0205   7.9492187500000000e-01   9.9999972135690340e-01   6.0000000024009859e-01  -3.4708404384298992e-08   0.0000000000000000e+00   0.0000000000000000e+00
0206   7.9882812500000000e-01   9.9999969786030640e-01   6.0000000026041045e-01  -3.4450825995312771e-08   0.0000000000000000e+00   0.0000000000000000e+00
0207   8.0273437500000000e-01   9.9999967454567240e-01   6.0000000028054212e-01  -3.4172476770085096e-08   0.0000000000000000e+00   0.0000000000000000e+00
0208   8.0664062500000000e-01   9.9999965142706537e-01   6.0000000030048473e-01  -3.3873539893009166e-08   0.0000000000000000e+00   0.0000000000000000e+00
0209   8.1054687500000000e-01   9.9999962851841484e-01   6.0000000032022949e-01  -3.3554206808505194e-08   0.0000000000000000e+00   0.0000000000000000e+00
0210   8.1445312500000000e-01   9.9999960583351222e-01   6.0000000033976930e-01  -3.3214677485193267e-08   0.0000000000000000e+00   0.0000000000000000e+00
0211   8.1835937500000000e-01   9.9999958338603445e-01   6.0000000035909717e-01  -3.2855162423687989e-08   0.0000000000000000e+00   0.0000000000000000e+00
0212   8.2226562500000000e-01   9.9999956118951117e-01   6.0000000037820622e-01  -3.2475879441248543e-08   0.0000000000000000e+00   0.0000000000000000e+00
0213   8.2617187500000000e-01   9.9999953925730567e-01   6.0000000039708767e-01  -3.2077056782660000e-08   0.0000000000000000e+00   0.0000000000000000e+00
0214   8.3007812500000000e-01   9.9999951760263694e-01   6.0000000041573254e-01  -3.1658931157143664e-08   0.0000000000000000e+00   0.0000000000000000e+00
0215   8.3398437500000000e-01   9.9999949623855611e-01   6.0000000043413004e-01  -3.1221750983986614e-08   0.0000000000000000e+00   0.0000000000000000e+00
0216   8.3789062500000000e-01   9.9999947517791832e-01   6.0000000045227009e-01  -3.0765774936930420e-08   0.0000000000000000e+00   0.0000000000000000e+00
0217   8.4179687500000000e-01   9.9999945443342131e-01   6.0000000047014057e-01  -3.0291274095454218e-08   0.0000000000000000e+00   0.0000000000000000e+00
0218   8.4570312500000000e-01   9.9999943401755087e-01   6.0000000048773072e-01  -2.9798530587192988e-08   0.0000000000000000e+00   0.0000000000000000e+00
0219   8.4960937500000000e-01   9.9999941394261394e-01   6.0000000050502911e-01  -2.9287839204094695e-08   0.0000000000000000e+00   0.0000000000000000e+00
0220   8.5351562500000000e-01   9.9999939422069584e-01   6.0000000052202485e-01  -2.8759505360893050e-08   0.0000000000000000e+00   0.0000000000000000e+00
0221   8.5742187500000000e-01   9.9999937486367940e-01   6.0000000053870695e-01  -2.8213846362832950e-08   0.0000000000000000e+00   0.0000000000000000e+00
0222   8.6132812500000000e-01   9.9999935588321898e-01   6.0000000055506486e-01  -2.7651190655185737e-08   0.0000000000000000e+00   0.0000000000000000e+00
0223   8.6523437500000000e-01   9.9999933729075363e-01   6.0000000057108804e-01  -2.7071876395873559e-08   0.0000000000000000e+00   0.0000000000000000e+00
0224   8.6914062500000000e-01   9.9999931909747730e-01   6.0000000058676706e-01  -2.6476253374954129e-08   0.0000000000000000e+00   0.0000000000000000e+00
0225   8.7304687500000000e-01   9.9999930131435122e-01   6.0000000060209235e-01  -2.5864681388759146e-08   0.0000000000000000e+00   0.0000000000000000e+00
0226   8.7695312500000000e-01   9.9999928395209026e-01   6.0000000061705439e-01  -2.5237528272817701e-08   0.0000000000000000e+00   0.0000000000000000e+00
0227   8.8085937500000000e-01   9.9999926702114017e-01   6.0000000063164449e-01  -2.4595172772248562e-08   0.0000000000000000e+00   0.0000000000000000e+00
0228   8.8476562500000000e-01   9.9999925053171823e-01   6.0000000064585390e-01  -2.3938002376966385e-08   0.0000000000000000e+00   0.0000000000000000e+00
0229   8.8867187500000000e-01   9.9999923449374417e-01   6.0000000065967429e-01  -2.3266413200444415e-08   0.0000000000000000e+00   0.0000000000000000e+00
0230   8.9257812500000000e-01   9.9999921891688126e-01   6.0000000067309733e-01  -2.2580809443288424e-08   0.0000000000000000e+00   0.0000000000000000e+00
0231   8.9648437500000000e-01   9.9999920381051566e-01   6.0000000068611492e-01  -2.1881604453579264e-08   0.0000000000000000e+00   0.0000000000000000e+00
0232   9.0039062500000000e-01   9.9999918918374731e-01   6.0000000069871950e-01  -2.1169219099715031e-08   0.0000000000000000e+00   0.0000000000000000e+00
0233   9.0429687500000000e-01   9.9999917504538138e-01   6.0000000071090365e-01  -2.0444082895248287e-08   0.0000000000000000e+00   0.0000000000000000e+00
0234   9.0820312500000000e-01   9.9999916140393663e-01   6.0000000072265958e-01  -1.9706631914942024e-08   0.0000000000000000e+00   0.0000000000000000e+00
0235   9.1210937500000000e-01   9.9999914826763137e-01   6.0000000073398041e-01  -1.8957310543550289e-08   0.0000000000000000e+00   0.0000000000000000e+00
0236   9.1601562500000000e-01   9.9999913564437726e-01   6.0000000074485926e-01  -1.8196570463200076e-08   0.0000000000000000e+00   0.0000000000000000e+00
0237   9.1992187500000000e-01   9.9999912354178278e-01   6.0000000075528959e-01  -1.7424869561956071e-08   0.0000000000000000e+00   0.0000000000000000e+00
0238   9.2382812500000000e-01   9.9999911196713309e-01   6.0000000076526494e-01  -1.6642672589267216e-08   0.0000000000000000e+00   0.0000000000000000e+00
0239   9.2773437500000000e-01   9.9999910092740074e-01   6.0000000077477922e-01  -1.5850450838785812e-08   0.0000000000000000e+00   0.0000000000000000e+00
0240   9.3164062500000000e-01   9.9999909042923329e-01   6.0000000078382665e-01  -1.5048681603843474e-08   0.0000000000000000e+00   0.0000000000000000e+00
0241   9.3554687500000000e-01   9.9999908047895858e-01   6.0000000079240134e-01  -1.4237848113617606e-08   0.0000000000000000e+00   0.0000000000000000e+00
0242   9.3945312500000000e-01   9.9999907108256958e-01   6.0000000080049809e-01  -1.3418438310903460e-08   0.0000000000000000e+00   0.0000000000000000e+00
0243   9.4335937500000000e-01   9.9999906224571811e-01   6.0000000080811233e-01  -1.2590945601156606e-08   0.0000000000000000e+00   0.0000000000000000e+00
0244   9.4726562500000000e-01   9.9999905397374045e-01   6.0000000081523897e-01  -1.1755868890563634e-08   0.0000000000000000e+00   0.0000000000000000e+00
0245   9.5117187500000000e-01   9.9999904627161451e-01   6.0000000082187344e-01  -1.0913710981925501e-08   0.0000000000000000e+00   0.0000000000000000e+00
0246   9.5507812500000000e-01   9.9999903914397814e-01   6.0000000082801253e-01  -1.0064979352161592e-08   0.0000000000000000e+00   0.0000000000000000e+00
0247   9.5898437500000000e-01   9.9999903259511946e-01   6.0000000083365201e-01  -9.2101846918962344e-09   0.0000000000000000e+00   0.0000000000000000e+00
0248   9.6289062500000000e-01   9.9999902662899232e-01   6.0000000083878890e-01  -8.3498420505676912e-09   0.0000000000000000e+00   0.0000000000000000e+00
0249   9.6679687500000000e-01   9.9999902124918472e-01   6.0000000084342042e-01  -7.4844685518028656e-09   0.0000000000000000e+00   0.0000000000000000e+00
0250   9.7070312500000000e-01   9.9999901645894573e-01   6.0000000084754446e-01  -6.6145868441757037e-09   0.0000000000000000e+00   0.0000000000000000e+00
0251   9.7460937500000000e-01   9.9999901226115084e-01   6.0000000085115890e-01  -5.7407184910698122e-09   0.0000000000000000e+00   0.0000000000000000e+00
0252   9.7851562500000000e-01   9.9999900865833780e-01   6.0000000085426308e-01  -4.8633965456527863e-09   0.0000000000000000e+00   0.0000000000000000e+00
0253   9.8242187500000000e-01   9.9999900565267186e-01   6.0000000085685512e-01  -3.9831295055603518e-09   0.0000000000000000e+00   0.0000000000000000e+00
0254   9.8632812500000000e-01   9.9999900324596980e-01   6.0000000085893279e-01  -3.1005050129075638e-09   0.0000000000000000e+00   0.0000000000000000e+00
0255   9.9023437500000000e-01   9.9999900143969500e-01   6.0000000086051730e-01  -2.2158929786563827e-09   0.0000000000000000e+00   0.0000000000000000e+00
0256   9.9414062500000000e-01   9.9999900023487109e-01   6.0000000086153371e-01  -1.3302437291931023e-09   0.0000000000000000e+00   0.0000000000000000e+00
0257   9.9804687500000000e-01   9.9999899963244465e-01   6.0000000086221239e-01  -4.4308682435257379e-10   0.0000000000000000e+00   0.0000000000000000e+00
