# Athena++ data at time=3.875193e+01  cycle=19841  variables=prim 
# i       x1v         rho          press          vel1         vel2         vel3     
0002   1.9531250000000000e-03   9.9999903486646557e-01   6.0000003609626862e-01  -1.8638755137431918e-11   0.0000000000000000e+00   0.0000000000000000e+00
0003   5.8593750000000000e-03   9.9999903544828816e-01   6.0000003607498298e-01  -2.9830668413116409e-11   0.0000000000000000e+00   0.0000000000000000e+00
0004   9.7656250000000000e-03   9.9999903661158784e-01   6.0000003603245011e-01  -5.2585467901096894e-11   0.0000000000000000e+00   0.0000000000000000e+00
0005   1.3671875000000000e-02   9.9999903835562565e-01   6.0000003596862650e-01  -7.2007890509313704e-11   0.0000000000000000e+00   0.0000000000000000e+00
0006   1.7578125000000000e-02   9.9999904067895251e-01   6.0000003588317108e-01  -9.3013285379679236e-11   0.0000000000000000e+00   0.0000000000000000e+00
0007   2.1484375000000000e-02   9.9999904358031788e-01   6.0000003577627425e-01  -1.1381493347449215e-10   0.0000000000000000e+00   0.0000000000000000e+00
0008   2.5390625000000000e-02   9.9999904705771181e-01   6.0000003564775561e-01  -1.3485677883800986e-10   0.0000000000000000e+00   0.0000000000000000e+00
0009   2.9296875000000000e-02   9.9999905110904042e-01   6.0000003549767722e-01  -1.5589094913540276e-10   0.0000000000000000e+00   0.0000000000000000e+00
0010   3.3203125000000000e-02   9.9999905573179793e-01   6.0000003532605906e-01  -1.7690927994829044e-10   0.0000000000000000e+00   0.0000000000000000e+00
0011   3.7109375000000000e-02   9.9999906092317692e-01   6.0000003513299571e-01  -1.9785329655580448e-10   0.0000000000000000e+00   0.0000000000000000e+00
0012   4.1015625000000000e-02   9.9999906668004468e-01   6.0000003491859910e-01  -2.1870022012846914e-10   0.0000000000000000e+00   0.0000000000000000e+00
0013   4.4921875000000000e-02   9.9999907299893387e-01   6.0000003468300567e-01  -2.3942696275560618e-10   0.0000000000000000e+00   0.0000000000000000e+00
0014   4.8828125000000000e-02   9.9999907987607350e-01   6.0000003442636451e-01  -2.6001383899749226e-10   0.0000000000000000e+00   0.0000000000000000e+00
0015   5.2734375000000000e-02   9.9999908730731080e-01   6.0000003414883818e-01  -2.8044053024180981e-10   0.0000000000000000e+00   0.0000000000000000e+00
0016   5.6640625000000000e-02   9.9999909528818032e-01   6.0000003385060319e-01  -3.0068525525836927e-10   0.0000000000000000e+00   0.0000000000000000e+00
0017   6.0546875000000000e-02   9.9999910381389401e-01   6.0000003353185039e-01  -3.2072953151200542e-10   0.0000000000000000e+00   0.0000000000000000e+00
0018   6.4453125000000000e-02   9.9999911287931265e-01   6.0000003319278705e-01  -3.4055679183395980e-10   0.0000000000000000e+00   0.0000000000000000e+00
0019   6.8359375000000000e-02   9.9999912247901224e-01   6.0000003283363390e-01  -3.6015271761083729e-10   0.0000000000000000e+00   0.0000000000000000e+00
0020   7.2265625000000000e-02   9.9999913260721673e-01   6.0000003245462419e-01  -3.7950587295237353e-10   0.0000000000000000e+00   0.0000000000000000e+00
0021   7.6171875000000000e-02   9.9999914325783967e-01   6.0000003205600261e-01  -3.9860443010985324e-10   0.0000000000000000e+00   0.0000000000000000e+00
0022   8.0078125000000000e-02   9.9999915442449283e-01   6.0000003163802440e-01  -4.1743774143713969e-10   0.0000000000000000e+00   0.0000000000000000e+00
0023   8.3984375000000000e-02   9.9999916610045536e-01   6.0000003120095491e-01  -4.3599594025832354e-10   0.0000000000000000e+00   0.0000000000000000e+00
0024   8.7890625000000000e-02   9.9999917827869755e-01   6.0000003074507013e-01  -4.5426976890547093e-10   0.0000000000000000e+00   0.0000000000000000e+00
0025   9.1796875000000000e-02   9.9999919095191470e-01   6.0000003027065585e-01  -4.7225070860908500e-10   0.0000000000000000e+00   0.0000000000000000e+00
0026   9.5703125000000000e-02   9.9999920411246157e-01   6.0000002977800770e-01  -4.8993092708773942e-10   0.0000000000000000e+00   0.0000000000000000e+00
0027   9.9609375000000000e-02   9.9999921775244427e-01   6.0000002926743035e-01  -5.0730207534697666e-10   0.0000000000000000e+00   0.0000000000000000e+00
0028   1.0351562500000000e-01   9.9999923186364115e-01   6.0000002873923763e-01  -5.2435662218110495e-10   0.0000000000000000e+00   0.0000000000000000e+00
0029   1.0742187500000000e-01   9.9999924643752536e-01   6.0000002819375231e-01  -5.4108692053504541e-10   0.0000000000000000e+00   0.0000000000000000e+00
0030   1.1132812500000000e-01   9.9999926146536777e-01   6.0000002763130678e-01  -5.5748520988956908e-10   0.0000000000000000e+00   0.0000000000000000e+00
0031   1.1523437500000000e-01   9.9999927693809931e-01   6.0000002705224198e-01  -5.7354377244773415e-10   0.0000000000000000e+00   0.0000000000000000e+00
0032   1.1914062500000000e-01   9.9999929284639621e-01   6.0000002645690709e-01  -5.8925516876804515e-10   0.0000000000000000e+00   0.0000000000000000e+00
0033   1.2304687500000000e-01   9.9999930918069746e-01   6.0000002584566081e-01  -6.0461139806374252e-10   0.0000000000000000e+00   0.0000000000000000e+00
0034   1.2695312500000000e-01   9.9999932593113372e-01   6.0000002521887030e-01  -6.1960425591481755e-10   0.0000000000000000e+00   0.0000000000000000e+00
0035   1.3085937500000000e-01   9.9999934308762783e-01   6.0000002457691204e-01  -6.3422584638045773e-10   0.0000000000000000e+00   0.0000000000000000e+00
0036   1.3476562500000000e-01   9.9999936063984152e-01   6.0000002392017060e-01  -6.4846787018306320e-10   0.0000000000000000e+00   0.0000000000000000e+00
0037   1.3867187500000000e-01   9.9999937857719978e-01   6.0000002324903867e-01  -6.6232300486733345e-10   0.0000000000000000e+00   0.0000000000000000e+00
0038   1.4257812500000000e-01   9.9999939688890083e-01   6.0000002256391849e-01  -6.7578226711766578e-10   0.0000000000000000e+00   0.0000000000000000e+00
0039   1.4648437500000000e-01   9.9999941556389893e-01   6.0000002186521983e-01  -6.8883778308437763e-10   0.0000000000000000e+00   0.0000000000000000e+00
0040   1.5039062500000000e-01   9.9999943459096452e-01   6.0000002115336126e-01  -7.0148187642312807e-10   0.0000000000000000e+00   0.0000000000000000e+00
0041   1.5429687500000000e-01   9.9999945395860412e-01   6.0000002042876888e-01  -7.1370642329186088e-10   0.0000000000000000e+00   0.0000000000000000e+00
0042   1.5820312500000000e-01   9.9999947365516995e-01   6.0000001969187700e-01  -7.2550392739855570e-10   0.0000000000000000e+00   0.0000000000000000e+00
0043   1.6210937500000000e-01   9.9999949366878726e-01   6.0000001894312760e-01  -7.3686636609762618e-10   0.0000000000000000e+00   0.0000000000000000e+00
0044   1.6601562500000000e-01   9.9999951398739984e-01   6.0000001818296955e-01  -7.4778717248674332e-10   0.0000000000000000e+00   0.0000000000000000e+00
0045   1.6992187500000000e-01   9.9999953459878477e-01   6.0000001741185982e-01  -7.5825938677515697e-10   0.0000000000000000e+00   0.0000000000000000e+00
0046   1.7382812500000000e-01   9.9999955549049535e-01   6.0000001663026148e-01  -7.6827541636915452e-10   0.0000000000000000e+00   0.0000000000000000e+00
0047   1.7773437500000000e-01   9.9999957664997352e-01   6.0000001583864437e-01  -7.7782970873698924e-10   0.0000000000000000e+00   0.0000000000000000e+00
0048   1.8164062500000000e-01   9.9999959806444261e-01   6.0000001503748501e-01  -7.8691625263225410e-10   0.0000000000000000e+00   0.0000000000000000e+00
0049   1.8554687500000000e-01   9.9999961972104123e-01   6.0000001422726523e-01  -7.9552925306787931e-10   0.0000000000000000e+00   0.0000000000000000e+00
0050   1.8945312500000000e-01   9.9999964160669297e-01   6.0000001340847364e-01  -8.0366347808562405e-10   0.0000000000000000e+00   0.0000000000000000e+00
0051   1.9335937500000000e-01   9.9999966370820959e-01   6.0000001258160240e-01  -8.1131353228499532e-10   0.0000000000000000e+00   0.0000000000000000e+00
0052   1.9726562500000000e-01   9.9999968601230149e-01   6.0000001174715012e-01  -8.1847492588885260e-10   0.0000000000000000e+00   0.0000000000000000e+00
0053   2.0117187500000000e-01   9.9999970850553055e-01   6.0000001090561994e-01  -8.2514362365075957e-10   0.0000000000000000e+00   0.0000000000000000e+00
0054   2.0507812500000000e-01   9.9999973117435403e-01   6.0000001005751857e-01  -8.3131556390718354e-10   0.0000000000000000e+00   0.0000000000000000e+00
0055   2.0898437500000000e-01   9.9999975400509789e-01   6.0000000920335739e-01  -8.3698748905324765e-10   0.0000000000000000e+00   0.0000000000000000e+00
0056   2.1289062500000000e-01   9.9999977698401288e-01   6.0000000834365130e-01  -8.4215536191471831e-10   0.0000000000000000e+00   0.0000000000000000e+00
0057   2.1679687500000000e-01   9.9999980009727174e-01   6.0000000747891791e-01  -8.4681711137336469e-10   0.0000000000000000e+00   0.0000000000000000e+00
0058   2.2070312500000000e-01   9.9999982333093329e-01   6.0000000660967923e-01  -8.5096987178481417e-10   0.0000000000000000e+00   0.0000000000000000e+00
0059   2.2460937500000000e-01   9.9999984667101227e-01   6.0000000573645673e-01  -8.5461110463976674e-10   0.0000000000000000e+00   0.0000000000000000e+00
0060   2.2851562500000000e-01   9.9999987010347624e-01   6.0000000485978355e-01  -8.5774002610048914e-10   0.0000000000000000e+00   0.0000000000000000e+00
0061   2.3242187500000000e-01   9.9999989361414732e-01   6.0000000398016839e-01  -8.6035464585455847e-10   0.0000000000000000e+00   0.0000000000000000e+00
0062   2.3632812500000000e-01   9.9999991718895964e-01   6.0000000309819812e-01  -8.6245172034032016e-10   0.0000000000000000e+00   0.0000000000000000e+00
0063   2.4023437500000000e-01   9.9999994081351984e-01   6.0000000221424266e-01  -8.6405245620266427e-10   0.0000000000000000e+00   0.0000000000000000e+00
0064   2.4414062500000000e-01   9.9999996447403772e-01   6.0000000132925013e-01  -8.6508173416094206e-10   0.0000000000000000e+00   0.0000000000000000e+00
0065   2.4804687500000000e-01   9.9999998815524782e-01   6.0000000044275537e-01  -8.6576906937493579e-10   0.0000000000000000e+00   0.0000000000000000e+00
0066   2.5195312500000000e-01   1.0000000118448502e+00   5.9999999955723549e-01  -8.6577341532715894e-10   0.0000000000000000e+00   0.0000000000000000e+00
0067   2.5585937500000000e-01   1.0000000355260426e+00   5.9999999867074061e-01  -8.6509600365593111e-10   0.0000000000000000e+00   0.0000000000000000e+00
0068   2.5976562500000000e-01   1.0000000591865537e+00   5.9999999778574797e-01  -8.6407639499411269e-10   0.0000000000000000e+00   0.0000000000000000e+00
0069   2.6367187500000000e-01   1.0000000828111237e+00   5.9999999690179229e-01  -8.6248522756844555e-10   0.0000000000000000e+00   0.0000000000000000e+00
0070   2.6757812500000000e-01   1.0000001063859294e+00   5.9999999601982190e-01  -8.6039840734456122e-10   0.0000000000000000e+00   0.0000000000000000e+00
0071   2.7148437500000000e-01   1.0000001298966144e+00   5.9999999514020608e-01  -8.5779376331725584e-10   0.0000000000000000e+00   0.0000000000000000e+00
0072   2.7539062500000000e-01   1.0000001533290708e+00   5.9999999426353268e-01  -8.5467502761241117e-10   0.0000000000000000e+00   0.0000000000000000e+00
0073   2.7929687500000000e-01   1.0000001766691449e+00   5.9999999339030974e-01  -8.5104341235229754e-10   0.0000000000000000e+00   0.0000000000000000e+00
0074   2.8320312500000000e-01   1.0000001999028116e+00   5.9999999252107072e-01  -8.4690082316414697e-10   0.0000000000000000e+00   0.0000000000000000e+00
0075   2.8710937500000000e-01   1.0000002230160561e+00   5.9999999165633677e-01  -8.4224898296737155e-10   0.0000000000000000e+00   0.0000000000000000e+00
0076   2.9101562500000000e-01   1.0000002459949804e+00   5.9999999079662991e-01  -8.3709046331060680e-10   0.0000000000000000e+00   0.0000000000000000e+00
0077   2.9492187500000000e-01   1.0000002688257104e+00   5.9999998994246828e-01  -8.3142804702781587e-10   0.0000000000000000e+00   0.0000000000000000e+00
0078   2.9882812500000000e-01   1.0000002914945438e+00   5.9999998909436647e-01  -8.2526499266957157e-10   0.0000000000000000e+00   0.0000000000000000e+00
0079   3.0273437500000000e-01   1.0000003139877494e+00   5.9999998825283563e-01  -8.1860459873176055e-10   0.0000000000000000e+00   0.0000000000000000e+00
0080   3.0664062500000000e-01   1.0000003362918317e+00   5.9999998741838301e-01  -8.1145052057379427e-10   0.0000000000000000e+00   0.0000000000000000e+00
0081   3.1054687500000000e-01   1.0000003583933863e+00   5.9999998659151166e-01  -8.0380761644828692e-10   0.0000000000000000e+00   0.0000000000000000e+00
0082   3.1445312500000000e-01   1.0000003802790274e+00   5.9999998577271951e-01  -7.9568030485887203e-10   0.0000000000000000e+00   0.0000000000000000e+00
0083   3.1835937500000000e-01   1.0000004019355955e+00   5.9999998496249973e-01  -7.8707331369304040e-10   0.0000000000000000e+00   0.0000000000000000e+00
0084   3.2226562500000000e-01   1.0000004233500785e+00   5.9999998416134015e-01  -7.7799247393579376e-10   0.0000000000000000e+00   0.0000000000000000e+00
0085   3.2617187500000000e-01   1.0000004445095398e+00   5.9999998336972304e-01  -7.6844294999872004e-10   0.0000000000000000e+00   0.0000000000000000e+00
0086   3.3007812500000000e-01   1.0000004654012715e+00   5.9999998258812448e-01  -7.5843112828882243e-10   0.0000000000000000e+00   0.0000000000000000e+00
0087   3.3398437500000000e-01   1.0000004860126452e+00   5.9999998181701453e-01  -7.4796342065033364e-10   0.0000000000000000e+00   0.0000000000000000e+00
0088   3.3789062500000000e-01   1.0000005063312438e+00   5.9999998105685626e-01  -7.3704634150299346e-10   0.0000000000000000e+00   0.0000000000000000e+00
0089   3.4179687500000000e-01   1.0000005263448630e+00   5.9999998030810608e-01  -7.2568692721113748e-10   0.0000000000000000e+00   0.0000000000000000e+00
0090   3.4570312500000000e-01   1.0000005460414354e+00   5.9999997957121354e-01  -7.1389260342736476e-10   0.0000000000000000e+00   0.0000000000000000e+00
0091   3.4960937500000000e-01   1.0000005654090700e+00   5.9999997884662015e-01  -7.0167064935337474e-10   0.0000000000000000e+00   0.0000000000000000e+00
0092   3.5351562500000000e-01   1.0000005844361326e+00   5.9999997813476080e-01  -6.8902927061245373e-10   0.0000000000000000e+00   0.0000000000000000e+00
0093   3.5742187500000000e-01   1.0000006031111213e+00   5.9999997743606170e-01  -6.7597547464200180e-10   0.0000000000000000e+00   0.0000000000000000e+00
0094   3.6132812500000000e-01   1.0000006214228074e+00   5.9999997675094063e-01  -6.6251813103216553e-10   0.0000000000000000e+00   0.0000000000000000e+00
0095   3.6523437500000000e-01   1.0000006393601910e+00   5.9999997607980804e-01  -6.4866463016115387e-10   0.0000000000000000e+00   0.0000000000000000e+00
0096   3.6914062500000000e-01   1.0000006569123863e+00   5.9999997542306560e-01  -6.3442358342653840e-10   0.0000000000000000e+00   0.0000000000000000e+00
0097   3.7304687500000000e-01   1.0000006740688778e+00   5.9999997478110656e-01  -6.1980268627103750e-10   0.0000000000000000e+00   0.0000000000000000e+00
0098   3.7695312500000000e-01   1.0000006908193035e+00   5.9999997415431550e-01  -6.0481027544313243e-10   0.0000000000000000e+00   0.0000000000000000e+00
0099   3.8085937500000000e-01   1.0000007071535975e+00   5.9999997354306822e-01  -5.8945428414133310e-10   0.0000000000000000e+00   0.0000000000000000e+00
0100   3.8476562500000000e-01   1.0000007230618797e+00   5.9999997294773233e-01  -5.7374265578145103e-10   0.0000000000000000e+00   0.0000000000000000e+00
0101   3.8867187500000000e-01   1.0000007385346201e+00   5.9999997236866631e-01  -5.5768320444632634e-10   0.0000000000000000e+00   0.0000000000000000e+00
0102   3.9257812500000000e-01   1.0000007535624573e+00   5.9999997180621956e-01  -5.4128340619520173e-10   0.0000000000000000e+00   0.0000000000000000e+00
0103   3.9648437500000000e-01   1.0000007681363507e+00   5.9999997126073390e-01  -5.2455146230086698e-10   0.0000000000000000e+00   0.0000000000000000e+00
0104   4.0039062500000000e-01   1.0000007822475205e+00   5.9999997073254030e-01  -5.0749461064449047e-10   0.0000000000000000e+00   0.0000000000000000e+00
0105   4.0429687500000000e-01   1.0000007958875026e+00   5.9999997022196216e-01  -4.9012068329593195e-10   0.0000000000000000e+00   0.0000000000000000e+00
0106   4.0820312500000000e-01   1.0000008090480450e+00   5.9999996972931346e-01  -4.7243732176169176e-10   0.0000000000000000e+00   0.0000000000000000e+00
0107   4.1210937500000000e-01   1.0000008217212604e+00   5.9999996925489874e-01  -4.5445235178768060e-10   0.0000000000000000e+00   0.0000000000000000e+00
0108   4.1601562500000000e-01   1.0000008338995063e+00   5.9999996879901374e-01  -4.3617397635095342e-10   0.0000000000000000e+00   0.0000000000000000e+00
0109   4.1992187500000000e-01   1.0000008455754814e+00   5.9999996836194402e-01  -4.1761052588626305e-10   0.0000000000000000e+00   0.0000000000000000e+00
0110   4.2382812500000000e-01   1.0000008567421206e+00   5.9999996794396571e-01  -3.9877155386576292e-10   0.0000000000000000e+00   0.0000000000000000e+00
0111   4.2773437500000000e-01   1.0000008673927245e+00   5.9999996754534390e-01  -3.7966644021634816e-10   0.0000000000000000e+00   0.0000000000000000e+00
0112   4.3164062500000000e-01   1.0000008775209275e+00   5.9999996716633419e-01  -3.6030683588829477e-10   0.0000000000000000e+00   0.0000000000000000e+00
0113   4.3554687500000000e-01   1.0000008871206396e+00   5.9999996680718082e-01  -3.4070318739551624e-10   0.0000000000000000e+00   0.0000000000000000e+00
0114   4.3945312500000000e-01   1.0000008961860716e+00   5.9999996646811726e-01  -3.2086845518011356e-10   0.0000000000000000e+00   0.0000000000000000e+00
0115   4.4335937500000000e-01   1.0000009047117406e+00   5.9999996614936413e-01  -3.0081591160029937e-10   0.0000000000000000e+00   0.0000000000000000e+00
0116   4.4726562500000000e-01   1.0000009126926215e+00   5.9999996585112847e-01  -2.8056267941506213e-10   0.0000000000000000e+00   0.0000000000000000e+00
0117   4.5117187500000000e-01   1.0000009201238660e+00   5.9999996557360169e-01  -2.6012742404808972e-10   0.0000000000000000e+00   0.0000000000000000e+00
0118   4.5507812500000000e-01   1.0000009270010013e+00   5.9999996531695998e-01  -2.3953162515449159e-10   0.0000000000000000e+00   0.0000000000000000e+00
0119   4.5898437500000000e-01   1.0000009333198971e+00   5.9999996508136588e-01  -2.1879567220830555e-10   0.0000000000000000e+00   0.0000000000000000e+00
0120   4.6289062500000000e-01   1.0000009390767584e+00   5.9999996486696872e-01  -1.9793935865297275e-10   0.0000000000000000e+00   0.0000000000000000e+00
0121   4.6679687500000000e-01   1.0000009442681377e+00   5.9999996467390504e-01  -1.7698614108073331e-10   0.0000000000000000e+00   0.0000000000000000e+00
0122   4.7070312500000000e-01   1.0000009488908745e+00   5.9999996450228610e-01  -1.5595816100139896e-10   0.0000000000000000e+00   0.0000000000000000e+00
0123   4.7460937500000000e-01   1.0000009529422074e+00   5.9999996435220715e-01  -1.3491515570424664e-10   0.0000000000000000e+00   0.0000000000000000e+00
0124   4.7851562500000000e-01   1.0000009564196013e+00   5.9999996422368818e-01  -1.1386383252456788e-10   0.0000000000000000e+00   0.0000000000000000e+00
0125   4.8242187500000000e-01   1.0000009593209562e+00   5.9999996411679113e-01  -9.3053139578605860e-11   0.0000000000000000e+00   0.0000000000000000e+00
0126   4.8632812500000000e-01   1.0000009616442933e+00   5.9999996403133560e-01  -7.2038384341255819e-11   0.0000000000000000e+00   0.0000000000000000e+00
0127   4.9023437500000000e-01   1.0000009633883347e+00   5.9999996396751176e-01  -5.2607097774460958e-11   0.0000000000000000e+00   0.0000000000000000e+00
0128   4.9414062500000000e-01   1.0000009645516399e+00   5.9999996392497834e-01  -2.9843377072851375e-11   0.0000000000000000e+00   0.0000000000000000e+00
0129   4.9804687500000000e-01   1.0000009651334429e+00   5.9999996390369226e-01  -1.8643346407291771e-11   0.0000000000000000e+00   0.0000000000000000e+00
0130   5.0195312500000000e-01   1.0000009651334358e+00   5.9999996390369237e-01   1.8642824826756661e-11   0.0000000000000000e+00   0.0000000000000000e+00
0131   5.0585937500000000e-01   1.0000009645516408e+00   5.9999996392497856e-01   2.9842557446311187e-11   0.0000000000000000e+00   0.0000000000000000e+00
0132   5.0976562500000000e-01   1.0000009633883202e+00   5.9999996396751221e-01   5.2606836984201292e-11   0.0000000000000000e+00   0.0000000000000000e+00
0133   5.1367187500000000e-01   1.0000009616442906e+00   5.9999996403133593e-01   7.2038198062490947e-11   0.0000000000000000e+00   0.0000000000000000e+00
0134   5.1757812500000000e-01   1.0000009593209525e+00   5.9999996411679168e-01   9.3052655253842025e-11   0.0000000000000000e+00   0.0000000000000000e+00
0135   5.2148437500000000e-01   1.0000009564196031e+00   5.9999996422368895e-01   1.1386345996701402e-10   0.0000000000000000e+00   0.0000000000000000e+00
0136   5.2539062500000000e-01   1.0000009529421956e+00   5.9999996435220793e-01   1.3491418705470737e-10   0.0000000000000000e+00   0.0000000000000000e+00
0137   5.2929687500000000e-01   1.0000009488908614e+00   5.9999996450228688e-01   1.5595790021113415e-10   0.0000000000000000e+00   0.0000000000000000e+00
0138   5.3320312500000000e-01   1.0000009442681497e+00   5.9999996467390559e-01   1.7698569401158193e-10   0.0000000000000000e+00   0.0000000000000000e+00
0139   5.3710937500000000e-01   1.0000009390767608e+00   5.9999996486696938e-01   1.9793917237417598e-10   0.0000000000000000e+00   0.0000000000000000e+00
0140   5.4101562500000000e-01   1.0000009333198989e+00   5.9999996508136644e-01   2.1879518788348771e-10   0.0000000000000000e+00   0.0000000000000000e+00
0141   5.4492187500000000e-01   1.0000009270009933e+00   5.9999996531696020e-01   2.3953099180653254e-10   0.0000000000000000e+00   0.0000000000000000e+00
0142   5.4882812500000000e-01   1.0000009201238629e+00   5.9999996557360180e-01   2.6012742404796332e-10   0.0000000000000000e+00   0.0000000000000000e+00
0143   5.5273437500000000e-01   1.0000009126926166e+00   5.9999996585112880e-01   2.8056238136915908e-10   0.0000000000000000e+00   0.0000000000000000e+00
0144   5.5664062500000000e-01   1.0000009047117531e+00   5.9999996614936435e-01   3.0081594885603036e-10   0.0000000000000000e+00   0.0000000000000000e+00
0145   5.6054687500000000e-01   1.0000008961860496e+00   5.9999996646811748e-01   3.2086800811121106e-10   0.0000000000000000e+00   0.0000000000000000e+00
0146   5.6445312500000000e-01   1.0000008871206225e+00   5.9999996680718082e-01   3.4070307562811843e-10   0.0000000000000000e+00   0.0000000000000000e+00
0147   5.6835937500000000e-01   1.0000008775209206e+00   5.9999996716633441e-01   3.6030683588817234e-10   0.0000000000000000e+00   0.0000000000000000e+00
0148   5.7226562500000000e-01   1.0000008673927283e+00   5.9999996754534413e-01   3.7966662649511784e-10   0.0000000000000000e+00   0.0000000000000000e+00
0149   5.7617187500000000e-01   1.0000008567420939e+00   5.9999996794396593e-01   3.9877170288872990e-10   0.0000000000000000e+00   0.0000000000000000e+00
0150   5.8007812500000000e-01   1.0000008455754654e+00   5.9999996836194414e-01   4.1761078667645817e-10   0.0000000000000000e+00   0.0000000000000000e+00
0151   5.8398437500000000e-01   1.0000008338994915e+00   5.9999996879901374e-01   4.3617449793142141e-10   0.0000000000000000e+00   0.0000000000000000e+00
0152   5.8789062500000000e-01   1.0000008217212351e+00   5.9999996925489851e-01   4.5445272434531276e-10   0.0000000000000000e+00   0.0000000000000000e+00
0153   5.9179687500000000e-01   1.0000008090480434e+00   5.9999996972931291e-01   4.7243769431930288e-10   0.0000000000000000e+00   0.0000000000000000e+00
0154   5.9570312500000000e-01   1.0000007958874817e+00   5.9999997022196172e-01   4.9012083231895322e-10   0.0000000000000000e+00   0.0000000000000000e+00
0155   5.9960937500000000e-01   1.0000007822475316e+00   5.9999997073254008e-01   5.0749487143468424e-10   0.0000000000000000e+00   0.0000000000000000e+00
0156   6.0351562500000000e-01   1.0000007681363461e+00   5.9999997126073357e-01   5.2455149955644764e-10   0.0000000000000000e+00   0.0000000000000000e+00
0157   6.0742187500000000e-01   1.0000007535624589e+00   5.9999997180621967e-01   5.4128355521822176e-10   0.0000000000000000e+00   0.0000000000000000e+00
0158   6.1132812500000000e-01   1.0000007385346068e+00   5.9999997236866609e-01   5.5768312993473955e-10   0.0000000000000000e+00   0.0000000000000000e+00
0159   6.1523437500000000e-01   1.0000007230618846e+00   5.9999997294773177e-01   5.7374258127002038e-10   0.0000000000000000e+00   0.0000000000000000e+00
0160   6.1914062500000000e-01   1.0000007071535741e+00   5.9999997354306744e-01   5.8945424688531859e-10   0.0000000000000000e+00   0.0000000000000000e+00
0161   6.2304687500000000e-01   1.0000006908193046e+00   5.9999997415431450e-01   6.0480997739699074e-10   0.0000000000000000e+00   0.0000000000000000e+00
0162   6.2695312500000000e-01   1.0000006740688689e+00   5.9999997478110567e-01   6.1980272352665031e-10   0.0000000000000000e+00   0.0000000000000000e+00
0163   6.3085937500000000e-01   1.0000006569123900e+00   5.9999997542306471e-01   6.3442324812462601e-10   0.0000000000000000e+00   0.0000000000000000e+00
0164   6.3476562500000000e-01   1.0000006393601655e+00   5.9999997607980737e-01   6.4866414583618372e-10   0.0000000000000000e+00   0.0000000000000000e+00
0165   6.3867187500000000e-01   1.0000006214228201e+00   5.9999997675093986e-01   6.6251749768421640e-10   0.0000000000000000e+00   0.0000000000000000e+00
0166   6.4257812500000000e-01   1.0000006031111217e+00   5.9999997743606115e-01   6.7597499031708882e-10   0.0000000000000000e+00   0.0000000000000000e+00
0167   6.4648437500000000e-01   1.0000005844361179e+00   5.9999997813476080e-01   6.8902837647389321e-10   0.0000000000000000e+00   0.0000000000000000e+00
0168   6.5039062500000000e-01   1.0000005654090518e+00   5.9999997884662026e-01   7.0167020228405110e-10   0.0000000000000000e+00   0.0000000000000000e+00
0169   6.5429687500000000e-01   1.0000005460414303e+00   5.9999997957121343e-01   7.1389208184646396e-10   0.0000000000000000e+00   0.0000000000000000e+00
0170   6.5820312500000000e-01   1.0000005263448608e+00   5.9999998030810597e-01   7.2568640563028228e-10   0.0000000000000000e+00   0.0000000000000000e+00
0171   6.6210937500000000e-01   1.0000005063312551e+00   5.9999998105685604e-01   7.3704615522416924e-10   0.0000000000000000e+00   0.0000000000000000e+00
0172   6.6601562500000000e-01   1.0000004860126437e+00   5.9999998181701442e-01   7.4796327162682961e-10   0.0000000000000000e+00   0.0000000000000000e+00
0173   6.6992187500000000e-01   1.0000004654012666e+00   5.9999998258812481e-01   7.5843112828888519e-10   0.0000000000000000e+00   0.0000000000000000e+00
0174   6.7382812500000000e-01   1.0000004445095554e+00   5.9999998336972338e-01   7.6844321078850084e-10   0.0000000000000000e+00   0.0000000000000000e+00
0175   6.7773437500000000e-01   1.0000004233500761e+00   5.9999998416134048e-01   7.7799269747044100e-10   0.0000000000000000e+00   0.0000000000000000e+00
0176   6.8164062500000000e-01   1.0000004019356064e+00   5.9999998496249984e-01   7.8707383527390284e-10   0.0000000000000000e+00   0.0000000000000000e+00
0177   6.8554687500000000e-01   1.0000003802790163e+00   5.9999998577271951e-01   7.9568071467248070e-10   0.0000000000000000e+00   0.0000000000000000e+00
0178   6.8945312500000000e-01   1.0000003583933739e+00   5.9999998659151155e-01   8.0380828705224694e-10   0.0000000000000000e+00   0.0000000000000000e+00
0179   6.9335937500000000e-01   1.0000003362918521e+00   5.9999998741838290e-01   8.1145137745633501e-10   0.0000000000000000e+00   0.0000000000000000e+00
0180   6.9726562500000000e-01   1.0000003139877562e+00   5.9999998825283507e-01   8.1860534384756677e-10   0.0000000000000000e+00   0.0000000000000000e+00
0181   7.0117187500000000e-01   1.0000002914945396e+00   5.9999998909436558e-01   8.2526577504105740e-10   0.0000000000000000e+00   0.0000000000000000e+00
0182   7.0507812500000000e-01   1.0000002688257204e+00   5.9999998994246717e-01   8.3142886665506960e-10   0.0000000000000000e+00   0.0000000000000000e+00
0183   7.0898437500000000e-01   1.0000002459949824e+00   5.9999999079662880e-01   8.3709165549598347e-10   0.0000000000000000e+00   0.0000000000000000e+00
0184   7.1289062500000000e-01   1.0000002230160534e+00   5.9999999165633533e-01   8.4225047319802799e-10   0.0000000000000000e+00   0.0000000000000000e+00
0185   7.1679687500000000e-01   1.0000001999028192e+00   5.9999999252106917e-01   8.4690235065122882e-10   0.0000000000000000e+00   0.0000000000000000e+00
0186   7.2070312500000000e-01   1.0000001766691455e+00   5.9999999339030818e-01   8.5104534965271674e-10   0.0000000000000000e+00   0.0000000000000000e+00
0187   7.2460937500000000e-01   1.0000001533290646e+00   5.9999999426353090e-01   8.5467677863383389e-10   0.0000000000000000e+00   0.0000000000000000e+00
0188   7.2851562500000000e-01   1.0000001298966050e+00   5.9999999514020452e-01   8.5779547708355545e-10   0.0000000000000000e+00   0.0000000000000000e+00
0189   7.3242187500000000e-01   1.0000001063859072e+00   5.9999999601982013e-01   8.6040015836622775e-10   0.0000000000000000e+00   0.0000000000000000e+00
0190   7.3632812500000000e-01   1.0000000828111437e+00   5.9999999690179073e-01   8.6248723938085014e-10   0.0000000000000000e+00   0.0000000000000000e+00
0191   7.4023437500000000e-01   1.0000000591865565e+00   5.9999999778574653e-01   8.6407807150471026e-10   0.0000000000000000e+00   0.0000000000000000e+00
0192   7.4414062500000000e-01   1.0000000355260390e+00   5.9999999867073928e-01   8.6509738211990277e-10   0.0000000000000000e+00   0.0000000000000000e+00
0193   7.4804687500000000e-01   1.0000000118448387e+00   5.9999999955723371e-01   8.6577490555823972e-10   0.0000000000000000e+00   0.0000000000000000e+00
0194   7.5195312500000000e-01   9.9999998815525226e-01   6.0000000044275414e-01   8.6576981449075877e-10   0.0000000000000000e+00   0.0000000000000000e+00
0195   7.5585937500000000e-01   9.9999996447402728e-01   6.0000000132924880e-01   8.6508244202068208e-10   0.0000000000000000e+00   0.0000000000000000e+00
0196   7.5976562500000000e-01   9.9999994081351162e-01   6.0000000221424166e-01   8.6405297778404504e-10   0.0000000000000000e+00   0.0000000000000000e+00
0197   7.6367187500000000e-01   9.9999991718894421e-01   6.0000000309819668e-01   8.6245190661954712e-10   0.0000000000000000e+00   0.0000000000000000e+00
0198   7.6757812500000000e-01   9.9999989361414732e-01   6.0000000398016728e-01   8.6035460859892923e-10   0.0000000000000000e+00   0.0000000000000000e+00
0199   7.7148437500000000e-01   9.9999987010346925e-01   6.0000000485978244e-01   8.5773995158871820e-10   0.0000000000000000e+00   0.0000000000000000e+00
0200   7.7539062500000000e-01   9.9999984667102149e-01   6.0000000573645584e-01   8.5461095561610214e-10   0.0000000000000000e+00   0.0000000000000000e+00
0201   7.7929687500000000e-01   9.9999982333094395e-01   6.0000000660967834e-01   8.5096942471541826e-10   0.0000000000000000e+00   0.0000000000000000e+00
0202   7.8320312500000000e-01   9.9999980009726830e-01   6.0000000747891702e-01   8.4681692509442394e-10   0.0000000000000000e+00   0.0000000000000000e+00
0203   7.8710937500000000e-01   9.9999977698402376e-01   6.0000000834365064e-01   8.4215554819388282e-10   0.0000000000000000e+00   0.0000000000000000e+00
0204   7.9101562500000000e-01   9.9999975400509467e-01   6.0000000920335717e-01   8.3698748905316503e-10   0.0000000000000000e+00   0.0000000000000000e+00
0205   7.9492187500000000e-01   9.9999973117435637e-01   6.0000001005751846e-01   8.3131597372036952e-10   0.0000000000000000e+00   0.0000000000000000e+00
0206   7.9882812500000000e-01   9.9999970850554576e-01   6.0000001090562005e-01   8.2514377267353175e-10   0.0000000000000000e+00   0.0000000000000000e+00
0207   8.0273437500000000e-01   9.9999968601230538e-01   6.0000001174715067e-01   8.1847511216811254e-10   0.0000000000000000e+00   0.0000000000000000e+00
0208   8.0664062500000000e-01   9.9999966370821480e-01   6.0000001258160296e-01   8.1131349502930631e-10   0.0000000000000000e+00   0.0000000000000000e+00
0209   8.1054687500000000e-01   9.9999964160668564e-01   6.0000001340847420e-01   8.0366332906214060e-10   0.0000000000000000e+00   0.0000000000000000e+00
0210   8.1445312500000000e-01   9.9999961972103435e-01   6.0000001422726623e-01   7.9552917855619430e-10   0.0000000000000000e+00   0.0000000000000000e+00
0211   8.1835937500000000e-01   9.9999959806444705e-01   6.0000001503748590e-01   7.8691621537650790e-10   0.0000000000000000e+00   0.0000000000000000e+00
0212   8.2226562500000000e-01   9.9999957664997818e-01   6.0000001583864526e-01   7.7782978324869772e-10   0.0000000000000000e+00   0.0000000000000000e+00
0213   8.2617187500000000e-01   9.9999955549049868e-01   6.0000001663026215e-01   7.6827519283426761e-10   0.0000000000000000e+00   0.0000000000000000e+00
0214   8.3007812500000000e-01   9.9999953459877799e-01   6.0000001741186038e-01   7.5825908872896751e-10   0.0000000000000000e+00   0.0000000000000000e+00
0215   8.3398437500000000e-01   9.9999951398741194e-01   6.0000001818296989e-01   7.4778728425446032e-10   0.0000000000000000e+00   0.0000000000000000e+00
0216   8.3789062500000000e-01   9.9999949366878393e-01   6.0000001894312782e-01   7.3686658963228799e-10   0.0000000000000000e+00   0.0000000000000000e+00
0217   8.4179687500000000e-01   9.9999947365517228e-01   6.0000001969187711e-01   7.2550418818896247e-10   0.0000000000000000e+00   0.0000000000000000e+00
0218   8.4570312500000000e-01   9.9999945395861300e-01   6.0000002042876877e-01   7.1370705664060699e-10   0.0000000000000000e+00   0.0000000000000000e+00
0219   8.4960937500000000e-01   9.9999943459095775e-01   6.0000002115336093e-01   7.0148273330660849e-10   0.0000000000000000e+00   0.0000000000000000e+00
0220   8.5351562500000000e-01   9.9999941556390270e-01   6.0000002186521950e-01   6.8883871447943656e-10   0.0000000000000000e+00   0.0000000000000000e+00
0221   8.5742187500000000e-01   9.9999939688888084e-01   6.0000002256391805e-01   6.7578304948961566e-10   0.0000000000000000e+00   0.0000000000000000e+00
0222   8.6132812500000000e-01   9.9999937857719734e-01   6.0000002324903823e-01   6.6232371272769003e-10   0.0000000000000000e+00   0.0000000000000000e+00
0223   8.6523437500000000e-01   9.9999936063983064e-01   6.0000002392017004e-01   6.4846868981123634e-10   0.0000000000000000e+00   0.0000000000000000e+00
0224   8.6914062500000000e-01   9.9999934308763128e-01   6.0000002457691171e-01   6.3422629345049212e-10   0.0000000000000000e+00   0.0000000000000000e+00
0225   8.7304687500000000e-01   9.9999932593113594e-01   6.0000002521886986e-01   6.1960492651951944e-10   0.0000000000000000e+00   0.0000000000000000e+00
0226   8.7695312500000000e-01   9.9999930918068847e-01   6.0000002584566015e-01   6.0461191964527043e-10   0.0000000000000000e+00   0.0000000000000000e+00
0227   8.8085937500000000e-01   9.9999929284638811e-01   6.0000002645690620e-01   5.8925565309407854e-10   0.0000000000000000e+00   0.0000000000000000e+00
0228   8.8476562500000000e-01   9.9999927693811053e-01   6.0000002705224098e-01   5.7354433128471274e-10   0.0000000000000000e+00   0.0000000000000000e+00
0229   8.8867187500000000e-01   9.9999926146536289e-01   6.0000002763130600e-01   5.5748550793618123e-10   0.0000000000000000e+00   0.0000000000000000e+00
0230   8.9257812500000000e-01   9.9999924643753768e-01   6.0000002819375153e-01   5.4108703230266821e-10   0.0000000000000000e+00   0.0000000000000000e+00
0231   8.9648437500000000e-01   9.9999923186362760e-01   6.0000002873923697e-01   5.2435658492527439e-10   0.0000000000000000e+00   0.0000000000000000e+00
0232   9.0039062500000000e-01   9.9999921775245426e-01   6.0000002926743001e-01   5.0730200083544457e-10   0.0000000000000000e+00   0.0000000000000000e+00
0233   9.0429687500000000e-01   9.9999920411247623e-01   6.0000002977800759e-01   4.8993062904102863e-10   0.0000000000000000e+00   0.0000000000000000e+00
0234   9.0820312500000000e-01   9.9999919095191681e-01   6.0000003027065585e-01   4.7225052233004209e-10   0.0000000000000000e+00   0.0000000000000000e+00
0235   9.1210937500000000e-01   9.9999917827870710e-01   6.0000003074507025e-01   4.5426913555658445e-10   0.0000000000000000e+00   0.0000000000000000e+00
0236   9.1601562500000000e-01   9.9999916610044859e-01   6.0000003120095491e-01   4.3599493435126584e-10   0.0000000000000000e+00   0.0000000000000000e+00
0237   9.1992187500000000e-01   9.9999915442450449e-01   6.0000003163802451e-01   4.1743695906503141e-10   0.0000000000000000e+00   0.0000000000000000e+00
0238   9.2382812500000000e-01   9.9999914325785233e-01   6.0000003205600283e-01   3.9860349871433068e-10   0.0000000000000000e+00   0.0000000000000000e+00
0239   9.2773437500000000e-01   9.9999913260722639e-01   6.0000003245462441e-01   3.7950475527781597e-10   0.0000000000000000e+00   0.0000000000000000e+00
0240   9.3164062500000000e-01   9.9999912247901190e-01   6.0000003283363390e-01   3.6015182347126079e-10   0.0000000000000000e+00   0.0000000000000000e+00
0241   9.3554687500000000e-01   9.9999911287931886e-01   6.0000003319278672e-01   3.4055537611294343e-10   0.0000000000000000e+00   0.0000000000000000e+00
0242   9.3945312500000000e-01   9.9999910381389134e-01   6.0000003353185016e-01   3.2072837658165814e-10   0.0000000000000000e+00   0.0000000000000000e+00
0243   9.4335937500000000e-01   9.9999909528818731e-01   6.0000003385060230e-01   3.0068413758371835e-10   0.0000000000000000e+00   0.0000000000000000e+00
0244   9.4726562500000000e-01   9.9999908730731413e-01   6.0000003414883729e-01   2.8043930079971579e-10   0.0000000000000000e+00   0.0000000000000000e+00
0245   9.5117187500000000e-01   9.9999907987606540e-01   6.0000003442636340e-01   2.6001298211366133e-10   0.0000000000000000e+00   0.0000000000000000e+00
0246   9.5507812500000000e-01   9.9999907299894486e-01   6.0000003468300467e-01   2.3942573331353093e-10   0.0000000000000000e+00   0.0000000000000000e+00
0247   9.5898437500000000e-01   9.9999906668003735e-01   6.0000003491859788e-01   2.1869884166312423e-10   0.0000000000000000e+00   0.0000000000000000e+00
0248   9.6289062500000000e-01   9.9999906092317137e-01   6.0000003513299427e-01   1.9785221613696137e-10   0.0000000000000000e+00   0.0000000000000000e+00
0249   9.6679687500000000e-01   9.9999905573179049e-01   6.0000003532605761e-01   1.7690819952939338e-10   0.0000000000000000e+00   0.0000000000000000e+00
0250   9.7070312500000000e-01   9.9999905110904541e-01   6.0000003549767611e-01   1.5588964518162507e-10   0.0000000000000000e+00   0.0000000000000000e+00
0251   9.7460937500000000e-01   9.9999904705770903e-01   6.0000003564775484e-01   1.3485562390750947e-10   0.0000000000000000e+00   0.0000000000000000e+00
0252   9.7851562500000000e-01   9.9999904358031033e-01   6.0000003577627348e-01   1.1381400207889871e-10   0.0000000000000000e+00   0.0000000000000000e+00
0253   9.8242187500000000e-01   9.9999904067894951e-01   6.0000003588317052e-01   9.3012130449208405e-11   0.0000000000000000e+00   0.0000000000000000e+00
0254   9.8632812500000000e-01   9.9999903835562010e-01   6.0000003596862606e-01   7.2007182648703917e-11   0.0000000000000000e+00   0.0000000000000000e+00
0255   9.9023437500000000e-01   9.9999903661159928e-01   6.0000003603244967e-01   5.2584648272995848e-11   0.0000000000000000e+00   0.0000000000000000e+00
0256   9.9414062500000000e-01   9.9999903544828783e-01   6.0000003607498287e-01   2.9829662505925241e-11   0.0000000000000000e+00   0.0000000000000000e+00
0257   9.9804687500000000e-01   9.9999903486646446e-01   6.0000003609626862e-01   1.8638345323396023e-11   0.0000000000000000e+00   0.0000000000000000e+00
