# Athena++ data at time=8.900191e+01  cycle=45569  variables=prim 
# i       x1v         rho          press          vel1         vel2         vel3     
0002   1.9531250000000000e-03   9.9999899964105332e-01   6.0000000087081640e-01   4.4226554942069604e-10   0.0000000000000000e+00   0.0000000000000000e+00
0003   5.8593750000000000e-03   9.9999900024346000e-01   6.0000000087012906e-01   1.3277921236357201e-09   0.0000000000000000e+00   0.0000000000000000e+00
0004   9.7656250000000000e-03   9.9999900144826770e-01   6.0000000086909600e-01   2.2118077678055645e-09   0.0000000000000000e+00   0.0000000000000000e+00
0005   1.3671875000000000e-02   9.9999900325453084e-01   6.0000000086748739e-01   3.0947891435988165e-09   0.0000000000000000e+00   0.0000000000000000e+00
0006   1.7578125000000000e-02   9.9999900566119637e-01   6.0000000086537886e-01   3.9757848841105027e-09   0.0000000000000000e+00   0.0000000000000000e+00
0007   2.1484375000000000e-02   9.9999900866682256e-01   6.0000000086274918e-01   4.8544261228816026e-09   0.0000000000000000e+00   0.0000000000000000e+00
0008   2.5390625000000000e-02   9.9999901226959587e-01   6.0000000085960170e-01   5.7301267471317824e-09   0.0000000000000000e+00   0.0000000000000000e+00
0009   2.9296875000000000e-02   9.9999901646733358e-01   6.0000000085593908e-01   6.6023785589234508e-09   0.0000000000000000e+00   0.0000000000000000e+00
0010   3.3203125000000000e-02   9.9999902125753914e-01   6.0000000085176242e-01   7.4706500342872490e-09   0.0000000000000000e+00   0.0000000000000000e+00
0011   3.7109375000000000e-02   9.9999902663729112e-01   6.0000000084707461e-01   8.3344200958450820e-09   0.0000000000000000e+00   0.0000000000000000e+00
0012   4.1015625000000000e-02   9.9999903260335665e-01   6.0000000084187854e-01   9.1931681830270850e-09   0.0000000000000000e+00   0.0000000000000000e+00
0013   4.4921875000000000e-02   9.9999903915213229e-01   6.0000000083617755e-01   1.0046378366058200e-08   0.0000000000000000e+00   0.0000000000000000e+00
0014   4.8828125000000000e-02   9.9999904627971237e-01   6.0000000082997518e-01   1.0893537012876376e-08   0.0000000000000000e+00   0.0000000000000000e+00
0015   5.2734375000000000e-02   9.9999905398177047e-01   6.0000000082327520e-01   1.1734135632594873e-08   0.0000000000000000e+00   0.0000000000000000e+00
0016   5.6640625000000000e-02   9.9999906225368596e-01   6.0000000081608207e-01   1.2567668202901279e-08   0.0000000000000000e+00   0.0000000000000000e+00
0017   6.0546875000000000e-02   9.9999907109046082e-01   6.0000000080839999e-01   1.3393635163868673e-08   0.0000000000000000e+00   0.0000000000000000e+00
0018   6.4453125000000000e-02   9.9999908048677777e-01   6.0000000080023430e-01   1.4211539883517459e-08   0.0000000000000000e+00   0.0000000000000000e+00
0019   6.8359375000000000e-02   9.9999909043698731e-01   6.0000000079158966e-01   1.5020891752165344e-08   0.0000000000000000e+00   0.0000000000000000e+00
0020   7.2265625000000000e-02   9.9999910093510602e-01   6.0000000078247140e-01   1.5821205250215047e-08   0.0000000000000000e+00   0.0000000000000000e+00
0021   7.6171875000000000e-02   9.9999911197474278e-01   6.0000000077288529e-01   1.6612000726600503e-08   0.0000000000000000e+00   0.0000000000000000e+00
0022   8.0078125000000000e-02   9.9999912354933085e-01   6.0000000076283655e-01   1.7392804056267664e-08   0.0000000000000000e+00   0.0000000000000000e+00
0023   8.3984375000000000e-02   9.9999913565185305e-01   6.0000000075233173e-01   1.8163146517729092e-08   0.0000000000000000e+00   0.0000000000000000e+00
0024   8.7890625000000000e-02   9.9999914827502068e-01   6.0000000074137649e-01   1.8922566753308203e-08   0.0000000000000000e+00   0.0000000000000000e+00
0025   9.1796875000000000e-02   9.9999916141124345e-01   6.0000000072997728e-01   1.9670609558830939e-08   0.0000000000000000e+00   0.0000000000000000e+00
0026   9.5703125000000000e-02   9.9999917505260338e-01   6.0000000071814030e-01   2.0406825302689357e-08   0.0000000000000000e+00   0.0000000000000000e+00
0027   9.9609375000000000e-02   9.9999918919090536e-01   6.0000000070587201e-01   2.1130772805554875e-08   0.0000000000000000e+00   0.0000000000000000e+00
0028   1.0351562500000000e-01   9.9999920381759089e-01   6.0000000069317916e-01   2.1842016441136886e-08   0.0000000000000000e+00   0.0000000000000000e+00
0029   1.0742187500000000e-01   9.9999921892385990e-01   6.0000000068006809e-01   2.2540129044375543e-08   0.0000000000000000e+00   0.0000000000000000e+00
0030   1.1132812500000000e-01   9.9999923450060990e-01   6.0000000066654569e-01   2.3224690679619057e-08   0.0000000000000000e+00   0.0000000000000000e+00
0031   1.1523437500000000e-01   9.9999925053848615e-01   6.0000000065261849e-01   2.3895288521690986e-08   0.0000000000000000e+00   0.0000000000000000e+00
0032   1.1914062500000000e-01   9.9999926702779074e-01   6.0000000063829373e-01   2.4551517477144709e-08   0.0000000000000000e+00   0.0000000000000000e+00
0033   1.2304687500000000e-01   9.9999928395860815e-01   6.0000000062357806e-01   2.5192979794518710e-08   0.0000000000000000e+00   0.0000000000000000e+00
0034   1.2695312500000000e-01   9.9999930132073200e-01   6.0000000060847880e-01   2.5819287463558603e-08   0.0000000000000000e+00   0.0000000000000000e+00
0035   1.3085937500000000e-01   9.9999931910372231e-01   6.0000000059300274e-01   2.6430057977519164e-08   0.0000000000000000e+00   0.0000000000000000e+00
0036   1.3476562500000000e-01   9.9999933729682489e-01   6.0000000057715719e-01   2.7024920037262127e-08   0.0000000000000000e+00   0.0000000000000000e+00
0037   1.3867187500000000e-01   9.9999935588910915e-01   6.0000000056094949e-01   2.7603508818071675e-08   0.0000000000000000e+00   0.0000000000000000e+00
0038   1.4257812500000000e-01   9.9999937486936252e-01   6.0000000054438762e-01   2.8165468979893828e-08   0.0000000000000000e+00   0.0000000000000000e+00
0039   1.4648437500000000e-01   9.9999939422615136e-01   6.0000000052747993e-01   2.8710453834311931e-08   0.0000000000000000e+00   0.0000000000000000e+00
0040   1.5039062500000000e-01   9.9999941394783343e-01   6.0000000051023450e-01   2.9238126368272717e-08   0.0000000000000000e+00   0.0000000000000000e+00
0041   1.5429687500000000e-01   9.9999943402248426e-01   6.0000000049266022e-01   2.9748158287089648e-08   0.0000000000000000e+00   0.0000000000000000e+00
0042   1.5820312500000000e-01   9.9999945443803884e-01   6.0000000047476643e-01   3.0240231770831788e-08   0.0000000000000000e+00   0.0000000000000000e+00
0043   1.6210937500000000e-01   9.9999947518220078e-01   6.0000000045656232e-01   3.0714037647763544e-08   0.0000000000000000e+00   0.0000000000000000e+00
0044   1.6601562500000000e-01   9.9999949624248152e-01   6.0000000043805879e-01   3.1169278851590734e-08   0.0000000000000000e+00   0.0000000000000000e+00
0045   1.6992187500000000e-01   9.9999951760617778e-01   6.0000000041926704e-01   3.1605667464094608e-08   0.0000000000000000e+00   0.0000000000000000e+00
0046   1.7382812500000000e-01   9.9999953926041196e-01   6.0000000040019874e-01   3.2022927674712910e-08   0.0000000000000000e+00   0.0000000000000000e+00
0047   1.7773437500000000e-01   9.9999956119217204e-01   6.0000000038086743e-01   3.2420795305765971e-08   0.0000000000000000e+00   0.0000000000000000e+00
0048   1.8164062500000000e-01   9.9999958338822337e-01   6.0000000036128631e-01   3.2799017256255832e-08   0.0000000000000000e+00   0.0000000000000000e+00
0049   1.8554687500000000e-01   9.9999960583522218e-01   6.0000000034147061e-01   3.3157353248514047e-08   0.0000000000000000e+00   0.0000000000000000e+00
0050   1.8945312500000000e-01   9.9999962851963187e-01   6.0000000032143519e-01   3.3495575369661773e-08   0.0000000000000000e+00   0.0000000000000000e+00
0051   1.9335937500000000e-01   9.9999965142777669e-01   6.0000000030119693e-01   3.3813469245147886e-08   0.0000000000000000e+00   0.0000000000000000e+00
0052   1.9726562500000000e-01   9.9999967454590266e-01   6.0000000028077516e-01   3.4110836061905357e-08   0.0000000000000000e+00   0.0000000000000000e+00
0053   2.0117187500000000e-01   9.9999969786007403e-01   6.0000000026019151e-01   3.4387493429260724e-08   0.0000000000000000e+00   0.0000000000000000e+00
0054   2.0507812500000000e-01   9.9999972135626547e-01   6.0000000023946853e-01   3.4643275077499842e-08   0.0000000000000000e+00   0.0000000000000000e+00
0055   2.0898437500000000e-01   9.9999974502034139e-01   6.0000000021862898e-01   3.4878029021481923e-08   0.0000000000000000e+00   0.0000000000000000e+00
0056   2.1289062500000000e-01   9.9999976883802122e-01   6.0000000019769317e-01   3.5091617206964687e-08   0.0000000000000000e+00   0.0000000000000000e+00
0057   2.1679687500000000e-01   9.9999979279501405e-01   6.0000000017668442e-01   3.5283914814036970e-08   0.0000000000000000e+00   0.0000000000000000e+00
0058   2.2070312500000000e-01   9.9999981687682871e-01   6.0000000015562505e-01   3.5454821027693935e-08   0.0000000000000000e+00   0.0000000000000000e+00
0059   2.2460937500000000e-01   9.9999984106908735e-01   6.0000000013457311e-01   3.5604251992516093e-08   0.0000000000000000e+00   0.0000000000000000e+00
0060   2.2851562500000000e-01   9.9999986535719221e-01   6.0000000011353471e-01   3.5732197578597590e-08   0.0000000000000000e+00   0.0000000000000000e+00
0061   2.3242187500000000e-01   9.9999988972671039e-01   6.0000000009275434e-01   3.5838605534189842e-08   0.0000000000000000e+00   0.0000000000000000e+00
0062   2.3632812500000000e-01   9.9999991416251577e-01   6.0000000007178866e-01   3.5923661919020874e-08   0.0000000000000000e+00   0.0000000000000000e+00
0063   2.4023437500000000e-01   9.9999993865164782e-01   6.0000000005241172e-01   3.5987185850815591e-08   0.0000000000000000e+00   0.0000000000000000e+00
0064   2.4414062500000000e-01   9.9999996317448991e-01   6.0000000002973053e-01   3.6029518792359456e-08   0.0000000000000000e+00   0.0000000000000000e+00
0065   2.4804687500000000e-01   9.9999998773100929e-01   6.0000000001855203e-01   3.6050712994114512e-08   0.0000000000000000e+00   0.0000000000000000e+00
0066   2.5195312500000000e-01   1.0000000122690162e+00   5.9999999998144316e-01   3.6050724806188047e-08   0.0000000000000000e+00   0.0000000000000000e+00
0067   2.5585937500000000e-01   1.0000000368255273e+00   5.9999999997026354e-01   3.6029553034486522e-08   0.0000000000000000e+00   0.0000000000000000e+00
0068   2.5976562500000000e-01   1.0000000613483484e+00   5.9999999994758335e-01   3.5987242262901750e-08   0.0000000000000000e+00   0.0000000000000000e+00
0069   2.6367187500000000e-01   1.0000000858374853e+00   5.9999999992820630e-01   3.5923741096718230e-08   0.0000000000000000e+00   0.0000000000000000e+00
0070   2.6757812500000000e-01   1.0000001102733225e+00   5.9999999990724062e-01   3.5838707142110222e-08   0.0000000000000000e+00   0.0000000000000000e+00
0071   2.7148437500000000e-01   1.0000001346428202e+00   5.9999999988646080e-01   3.5732321616475938e-08   0.0000000000000000e+00   0.0000000000000000e+00
0072   2.7539062500000000e-01   1.0000001589309260e+00   5.9999999986542252e-01   3.5604398832713928e-08   0.0000000000000000e+00   0.0000000000000000e+00
0073   2.7929687500000000e-01   1.0000001831231697e+00   5.9999999984437036e-01   3.5454989999406811e-08   0.0000000000000000e+00   0.0000000000000000e+00
0074   2.8320312500000000e-01   1.0000002072050136e+00   5.9999999982331065e-01   3.5284105656306926e-08   0.0000000000000000e+00   0.0000000000000000e+00
0075   2.8710937500000000e-01   1.0000002311619964e+00   5.9999999980230168e-01   3.5091830515733480e-08   0.0000000000000000e+00   0.0000000000000000e+00
0076   2.9101562500000000e-01   1.0000002549796712e+00   5.9999999978136564e-01   3.4878264312302306e-08   0.0000000000000000e+00   0.0000000000000000e+00
0077   2.9492187500000000e-01   1.0000002786437361e+00   5.9999999976052565e-01   3.4643532089473333e-08   0.0000000000000000e+00   0.0000000000000000e+00
0078   2.9882812500000000e-01   1.0000003021399464e+00   5.9999999973980234e-01   3.4387771677979842e-08   0.0000000000000000e+00   0.0000000000000000e+00
0079   3.0273437500000000e-01   1.0000003254541059e+00   5.9999999971921780e-01   3.4111135472796096e-08   0.0000000000000000e+00   0.0000000000000000e+00
0080   3.0664062500000000e-01   1.0000003485722075e+00   5.9999999969879536e-01   3.3813788775006565e-08   0.0000000000000000e+00   0.0000000000000000e+00
0081   3.1054687500000000e-01   1.0000003714804235e+00   5.9999999967855644e-01   3.3495914683159306e-08   0.0000000000000000e+00   0.0000000000000000e+00
0082   3.1445312500000000e-01   1.0000003941648115e+00   5.9999999965852024e-01   3.3157711376990789e-08   0.0000000000000000e+00   0.0000000000000000e+00
0083   3.1835937500000000e-01   1.0000004166117717e+00   5.9999999963870354e-01   3.2799393603617487e-08   0.0000000000000000e+00   0.0000000000000000e+00
0084   3.2226562500000000e-01   1.0000004388078225e+00   5.9999999961912176e-01   3.2421188158250196e-08   0.0000000000000000e+00   0.0000000000000000e+00
0085   3.2617187500000000e-01   1.0000004607396038e+00   5.9999999959978922e-01   3.2023336622513732e-08   0.0000000000000000e+00   0.0000000000000000e+00
0086   3.3007812500000000e-01   1.0000004823938504e+00   5.9999999958071992e-01   3.1606090569922751e-08   0.0000000000000000e+00   0.0000000000000000e+00
0087   3.3398437500000000e-01   1.0000005037575517e+00   5.9999999956192684e-01   3.1169715035033566e-08   0.0000000000000000e+00   0.0000000000000000e+00
0088   3.3789062500000000e-01   1.0000005248177779e+00   5.9999999954342198e-01   3.0714485493107290e-08   0.0000000000000000e+00   0.0000000000000000e+00
0089   3.4179687500000000e-01   1.0000005455619654e+00   5.9999999952521643e-01   3.0240689750583671e-08   0.0000000000000000e+00   0.0000000000000000e+00
0090   3.4570312500000000e-01   1.0000005659775342e+00   5.9999999950732141e-01   2.9748625693379202e-08   0.0000000000000000e+00   0.0000000000000000e+00
0091   3.4960937500000000e-01   1.0000005860521786e+00   5.9999999948974592e-01   2.9238601412802211e-08   0.0000000000000000e+00   0.0000000000000000e+00
0092   3.5351562500000000e-01   1.0000006057738378e+00   5.9999999947249949e-01   2.8710935585655114e-08   0.0000000000000000e+00   0.0000000000000000e+00
0093   3.5742187500000000e-01   1.0000006251306470e+00   5.9999999945559057e-01   2.8165955873265122e-08   0.0000000000000000e+00   0.0000000000000000e+00
0094   3.6132812500000000e-01   1.0000006441108844e+00   5.9999999943902782e-01   2.7604000257326343e-08   0.0000000000000000e+00   0.0000000000000000e+00
0095   3.6523437500000000e-01   1.0000006627031850e+00   5.9999999942281945e-01   2.7025414085034175e-08   0.0000000000000000e+00   0.0000000000000000e+00
0096   3.6914062500000000e-01   1.0000006808962769e+00   5.9999999940697302e-01   2.6430554335688316e-08   0.0000000000000000e+00   0.0000000000000000e+00
0097   3.7304687500000000e-01   1.0000006986792691e+00   5.9999999939149595e-01   2.5819784381016985e-08   0.0000000000000000e+00   0.0000000000000000e+00
0098   3.7695312500000000e-01   1.0000007160413853e+00   5.9999999937639570e-01   2.5193476712337853e-08   0.0000000000000000e+00   0.0000000000000000e+00
0099   3.8085937500000000e-01   1.0000007329722131e+00   5.9999999936167936e-01   2.4552012606943749e-08   0.0000000000000000e+00   0.0000000000000000e+00
0100   3.8476562500000000e-01   1.0000007494615228e+00   5.9999999934735382e-01   2.3895781304526795e-08   0.0000000000000000e+00   0.0000000000000000e+00
0101   3.8867187500000000e-01   1.0000007654993783e+00   5.9999999933342596e-01   2.3225179774168899e-08   0.0000000000000000e+00   0.0000000000000000e+00
0102   3.9257812500000000e-01   1.0000007810761544e+00   5.9999999931990278e-01   2.2540613705406202e-08   0.0000000000000000e+00   0.0000000000000000e+00
0103   3.9648437500000000e-01   1.0000007961824045e+00   5.9999999930679093e-01   2.1842495439087332e-08   0.0000000000000000e+00   0.0000000000000000e+00
0104   4.0039062500000000e-01   1.0000008108090814e+00   5.9999999929409753e-01   2.1131244873606651e-08   0.0000000000000000e+00   0.0000000000000000e+00
0105   4.0429687500000000e-01   1.0000008249473855e+00   5.9999999928182868e-01   2.0407290552487184e-08   0.0000000000000000e+00   0.0000000000000000e+00
0106   4.0820312500000000e-01   1.0000008385887311e+00   5.9999999926999104e-01   1.9671066723558757e-08   0.0000000000000000e+00   0.0000000000000000e+00
0107   4.1210937500000000e-01   1.0000008517249763e+00   5.9999999925859127e-01   1.8923015236754300e-08   0.0000000000000000e+00   0.0000000000000000e+00
0108   4.1601562500000000e-01   1.0000008643481397e+00   5.9999999924763558e-01   1.8163584941313706e-08   0.0000000000000000e+00   0.0000000000000000e+00
0109   4.1992187500000000e-01   1.0000008764506880e+00   5.9999999923712977e-01   1.7393231190438278e-08   0.0000000000000000e+00   0.0000000000000000e+00
0110   4.2382812500000000e-01   1.0000008880252715e+00   5.9999999922708025e-01   1.6612416086925575e-08   0.0000000000000000e+00   0.0000000000000000e+00
0111   4.2773437500000000e-01   1.0000008990649021e+00   5.9999999921749281e-01   1.5821607271850839e-08   0.0000000000000000e+00   0.0000000000000000e+00
0112   4.3164062500000000e-01   1.0000009095629916e+00   5.9999999920837310e-01   1.5021279019295376e-08   0.0000000000000000e+00   0.0000000000000000e+00
0113   4.3554687500000000e-01   1.0000009195131778e+00   5.9999999919972702e-01   1.4211911464657792e-08   0.0000000000000000e+00   0.0000000000000000e+00
0114   4.3945312500000000e-01   1.0000009289095455e+00   5.9999999919155955e-01   1.3393989829494945e-08   0.0000000000000000e+00   0.0000000000000000e+00
0115   4.4335937500000000e-01   1.0000009377463022e+00   5.9999999918387625e-01   1.2568005654891029e-08   0.0000000000000000e+00   0.0000000000000000e+00
0116   4.4726562500000000e-01   1.0000009460182102e+00   5.9999999917668168e-01   1.1734453747297713e-08   0.0000000000000000e+00   0.0000000000000000e+00
0117   4.5117187500000000e-01   1.0000009537202847e+00   5.9999999916998070e-01   1.0893836200041234e-08   0.0000000000000000e+00   0.0000000000000000e+00
0118   4.5507812500000000e-01   1.0000009608478699e+00   5.9999999916377689e-01   1.0046656911860702e-08   0.0000000000000000e+00   0.0000000000000000e+00
0119   4.5898437500000000e-01   1.0000009673966312e+00   5.9999999915807478e-01   9.1934256403467568e-09   0.0000000000000000e+00   0.0000000000000000e+00
0120   4.6289062500000000e-01   1.0000009733627133e+00   5.9999999915287783e-01   8.3346551234268360e-09   0.0000000000000000e+00   0.0000000000000000e+00
0121   4.6679687500000000e-01   1.0000009787424740e+00   5.9999999914818947e-01   7.4708626693461841e-09   0.0000000000000000e+00   0.0000000000000000e+00
0122   4.7070312500000000e-01   1.0000009835326462e+00   5.9999999914401214e-01   6.6025677582618692e-09   0.0000000000000000e+00   0.0000000000000000e+00
0123   4.7460937500000000e-01   1.0000009877303935e+00   5.9999999914034874e-01   5.7302923244423876e-09   0.0000000000000000e+00   0.0000000000000000e+00
0124   4.7851562500000000e-01   1.0000009913331485e+00   5.9999999913720070e-01   4.8545668114329400e-09   0.0000000000000000e+00   0.0000000000000000e+00
0125   4.8242187500000000e-01   1.0000009943387655e+00   5.9999999913457036e-01   3.9759005348863052e-09   0.0000000000000000e+00   0.0000000000000000e+00
0126   4.8632812500000000e-01   1.0000009967454579e+00   5.9999999913246105e-01   3.0948797937531696e-09   0.0000000000000000e+00   0.0000000000000000e+00
0127   4.9023437500000000e-01   1.0000009985517178e+00   5.9999999913085200e-01   2.2118733430528024e-09   0.0000000000000000e+00   0.0000000000000000e+00
0128   4.9414062500000000e-01   1.0000009997565289e+00   5.9999999912981872e-01   1.3278322508106737e-09   0.0000000000000000e+00   0.0000000000000000e+00
0129   4.9804687500000000e-01   1.0000010003589026e+00   5.9999999912913149e-01   4.4228019268294606e-10   0.0000000000000000e+00   0.0000000000000000e+00
0130   5.0195312500000000e-01   1.0000010003588973e+00   5.9999999912913171e-01  -4.4227821812930967e-10   0.0000000000000000e+00   0.0000000000000000e+00
0131   5.0585937500000000e-01   1.0000009997565205e+00   5.9999999912981916e-01  -1.3278300154667783e-09   0.0000000000000000e+00   0.0000000000000000e+00
0132   5.0976562500000000e-01   1.0000009985516802e+00   5.9999999913085278e-01  -2.2118708096629398e-09   0.0000000000000000e+00   0.0000000000000000e+00
0133   5.1367187500000000e-01   1.0000009967454495e+00   5.9999999913246194e-01  -3.0948776329207751e-09   0.0000000000000000e+00   0.0000000000000000e+00
0134   5.1757812500000000e-01   1.0000009943387635e+00   5.9999999913457125e-01  -3.9758985230768959e-09   0.0000000000000000e+00   0.0000000000000000e+00
0135   5.2148437500000000e-01   1.0000009913331553e+00   5.9999999913720192e-01  -4.8545649113908086e-09   0.0000000000000000e+00   0.0000000000000000e+00
0136   5.2539062500000000e-01   1.0000009877303646e+00   5.9999999914035029e-01  -5.7302902381216572e-09   0.0000000000000000e+00   0.0000000000000000e+00
0137   5.2929687500000000e-01   1.0000009835326273e+00   5.9999999914401358e-01  -6.6025663425445917e-09   0.0000000000000000e+00   0.0000000000000000e+00
0138   5.3320312500000000e-01   1.0000009787424471e+00   5.9999999914819135e-01  -7.4708608438158015e-09   0.0000000000000000e+00   0.0000000000000000e+00
0139   5.3710937500000000e-01   1.0000009733627324e+00   5.9999999915287994e-01  -8.3346535214305046e-09   0.0000000000000000e+00   0.0000000000000000e+00
0140   5.4101562500000000e-01   1.0000009673966279e+00   5.9999999915807711e-01  -9.1934240010949285e-09   0.0000000000000000e+00   0.0000000000000000e+00
0141   5.4492187500000000e-01   1.0000009608478473e+00   5.9999999916377944e-01  -1.0046655086330250e-08   0.0000000000000000e+00   0.0000000000000000e+00
0142   5.4882812500000000e-01   1.0000009537202723e+00   5.9999999916998326e-01  -1.0893834299999191e-08   0.0000000000000000e+00   0.0000000000000000e+00
0143   5.5273437500000000e-01   1.0000009460182167e+00   5.9999999917668445e-01  -1.1734452480602856e-08   0.0000000000000000e+00   0.0000000000000000e+00
0144   5.5664062500000000e-01   1.0000009377463095e+00   5.9999999918387903e-01  -1.2568003941127506e-08   0.0000000000000000e+00   0.0000000000000000e+00
0145   5.6054687500000000e-01   1.0000009289095293e+00   5.9999999919156244e-01  -1.3393988302010163e-08   0.0000000000000000e+00   0.0000000000000000e+00
0146   5.6445312500000000e-01   1.0000009195132040e+00   5.9999999919972968e-01  -1.4211909788149603e-08   0.0000000000000000e+00   0.0000000000000000e+00
0147   5.6835937500000000e-01   1.0000009095629856e+00   5.9999999920837566e-01  -1.5021277156508781e-08   0.0000000000000000e+00   0.0000000000000000e+00
0148   5.7226562500000000e-01   1.0000008990648968e+00   5.9999999921749481e-01  -1.5821605334552816e-08   0.0000000000000000e+00   0.0000000000000000e+00
0149   5.7617187500000000e-01   1.0000008880252109e+00   5.9999999922708203e-01  -1.6612414224139893e-08   0.0000000000000000e+00   0.0000000000000000e+00
0150   5.8007812500000000e-01   1.0000008764506818e+00   5.9999999923713121e-01  -1.7393229551186176e-08   0.0000000000000000e+00   0.0000000000000000e+00
0151   5.8398437500000000e-01   1.0000008643481131e+00   5.9999999924763681e-01  -1.8163583302062142e-08   0.0000000000000000e+00   0.0000000000000000e+00
0152   5.8789062500000000e-01   1.0000008517249535e+00   5.9999999925859238e-01  -1.8923013522990727e-08   0.0000000000000000e+00   0.0000000000000000e+00
0153   5.9179687500000000e-01   1.0000008385887285e+00   5.9999999926999192e-01  -1.9671065307840803e-08   0.0000000000000000e+00   0.0000000000000000e+00
0154   5.9570312500000000e-01   1.0000008249473471e+00   5.9999999928182934e-01  -2.0407289174025912e-08   0.0000000000000000e+00   0.0000000000000000e+00
0155   5.9960937500000000e-01   1.0000008108090892e+00   5.9999999929409797e-01  -2.1131243942213732e-08   0.0000000000000000e+00   0.0000000000000000e+00
0156   6.0351562500000000e-01   1.0000007961824262e+00   5.9999999930679160e-01  -2.1842494023369229e-08   0.0000000000000000e+00   0.0000000000000000e+00
0157   6.0742187500000000e-01   1.0000007810761373e+00   5.9999999931990300e-01  -2.2540612699501955e-08   0.0000000000000000e+00   0.0000000000000000e+00
0158   6.1132812500000000e-01   1.0000007654993821e+00   5.9999999933342585e-01  -2.3225178805520049e-08   0.0000000000000000e+00   0.0000000000000000e+00
0159   6.1523437500000000e-01   1.0000007494615155e+00   5.9999999934735337e-01  -2.3895780037831595e-08   0.0000000000000000e+00   0.0000000000000000e+00
0160   6.1914062500000000e-01   1.0000007329721881e+00   5.9999999936167880e-01  -2.4552011153970933e-08   0.0000000000000000e+00   0.0000000000000000e+00
0161   6.2304687500000000e-01   1.0000007160413782e+00   5.9999999937639514e-01  -2.5193474812295142e-08   0.0000000000000000e+00   0.0000000000000000e+00
0162   6.2695312500000000e-01   1.0000006986792593e+00   5.9999999939149540e-01  -2.5819782518230075e-08   0.0000000000000000e+00   0.0000000000000000e+00
0163   6.3085937500000000e-01   1.0000006808963116e+00   5.9999999940697257e-01  -2.6430552994480800e-08   0.0000000000000000e+00   0.0000000000000000e+00
0164   6.3476562500000000e-01   1.0000006627031957e+00   5.9999999942281901e-01  -2.7025413079129118e-08   0.0000000000000000e+00   0.0000000000000000e+00
0165   6.3867187500000000e-01   1.0000006441108933e+00   5.9999999943902738e-01  -2.7603998990630839e-08   0.0000000000000000e+00   0.0000000000000000e+00
0166   6.4257812500000000e-01   1.0000006251306444e+00   5.9999999945559013e-01  -2.8165955053638965e-08   0.0000000000000000e+00   0.0000000000000000e+00
0167   6.4648437500000000e-01   1.0000006057738582e+00   5.9999999947249927e-01  -2.8710934840540126e-08   0.0000000000000000e+00   0.0000000000000000e+00
0168   6.5039062500000000e-01   1.0000005860521715e+00   5.9999999948974592e-01  -2.9238600593176607e-08   0.0000000000000000e+00   0.0000000000000000e+00
0169   6.5429687500000000e-01   1.0000005659775375e+00   5.9999999950732186e-01  -2.9748624948264743e-08   0.0000000000000000e+00   0.0000000000000000e+00
0170   6.5820312500000000e-01   1.0000005455619625e+00   5.9999999952521732e-01  -3.0240689079980765e-08   0.0000000000000000e+00   0.0000000000000000e+00
0171   6.6210937500000000e-01   1.0000005248177934e+00   5.9999999954342287e-01  -3.0714485008782460e-08   0.0000000000000000e+00   0.0000000000000000e+00
0172   6.6601562500000000e-01   1.0000005037575477e+00   5.9999999956192784e-01  -3.1169714476198047e-08   0.0000000000000000e+00   0.0000000000000000e+00
0173   6.6992187500000000e-01   1.0000004823938480e+00   5.9999999958072092e-01  -3.1606090122853997e-08   0.0000000000000000e+00   0.0000000000000000e+00
0174   6.7382812500000000e-01   1.0000004607396038e+00   5.9999999959979056e-01  -3.2023336212701437e-08   0.0000000000000000e+00   0.0000000000000000e+00
0175   6.7773437500000000e-01   1.0000004388078403e+00   5.9999999961912343e-01  -3.2421188046482657e-08   0.0000000000000000e+00   0.0000000000000000e+00
0176   6.8164062500000000e-01   1.0000004166117904e+00   5.9999999963870554e-01  -3.2799393715384292e-08   0.0000000000000000e+00   0.0000000000000000e+00
0177   6.8554687500000000e-01   1.0000003941647959e+00   5.9999999965852269e-01  -3.3157711935828194e-08   0.0000000000000000e+00   0.0000000000000000e+00
0178   6.8945312500000000e-01   1.0000003714804042e+00   5.9999999967855921e-01  -3.3495915092973678e-08   0.0000000000000000e+00   0.0000000000000000e+00
0179   6.9335937500000000e-01   1.0000003485722344e+00   5.9999999969879803e-01  -3.3813789445610193e-08   0.0000000000000000e+00   0.0000000000000000e+00
0180   6.9726562500000000e-01   1.0000003254540959e+00   5.9999999971922058e-01  -3.4111136366935583e-08   0.0000000000000000e+00   0.0000000000000000e+00
0181   7.0117187500000000e-01   1.0000003021399448e+00   5.9999999973980478e-01  -3.4387772572119110e-08   0.0000000000000000e+00   0.0000000000000000e+00
0182   7.0507812500000000e-01   1.0000002786437490e+00   5.9999999976052820e-01  -3.4643532760077179e-08   0.0000000000000000e+00   0.0000000000000000e+00
0183   7.0898437500000000e-01   1.0000002549796907e+00   5.9999999978136809e-01  -3.4878265206440059e-08   0.0000000000000000e+00   0.0000000000000000e+00
0184   7.1289062500000000e-01   1.0000002311619842e+00   5.9999999980230412e-01  -3.5091831484384893e-08   0.0000000000000000e+00   0.0000000000000000e+00
0185   7.1679687500000000e-01   1.0000002072050400e+00   5.9999999982331298e-01  -3.5284106811235615e-08   0.0000000000000000e+00   0.0000000000000000e+00
0186   7.2070312500000000e-01   1.0000001831231786e+00   5.9999999984437224e-01  -3.5454990930801130e-08   0.0000000000000000e+00   0.0000000000000000e+00
0187   7.2460937500000000e-01   1.0000001589309211e+00   5.9999999986542418e-01  -3.5604399466062823e-08   0.0000000000000000e+00   0.0000000000000000e+00
0188   7.2851562500000000e-01   1.0000001346428442e+00   5.9999999988646258e-01  -3.5732322398846072e-08   0.0000000000000000e+00   0.0000000000000000e+00
0189   7.3242187500000000e-01   1.0000001102732927e+00   5.9999999990724240e-01  -3.5838707998994347e-08   0.0000000000000000e+00   0.0000000000000000e+00
0190   7.3632812500000000e-01   1.0000000858375209e+00   5.9999999992820763e-01  -3.5923742028111080e-08   0.0000000000000000e+00   0.0000000000000000e+00
0191   7.4023437500000000e-01   1.0000000613483633e+00   5.9999999994758457e-01  -3.5987243417830822e-08   0.0000000000000000e+00   0.0000000000000000e+00
0192   7.4414062500000000e-01   1.0000000368255364e+00   5.9999999997026465e-01  -3.6029554338439210e-08   0.0000000000000000e+00   0.0000000000000000e+00
0193   7.4804687500000000e-01   1.0000000122690085e+00   5.9999999998144371e-01  -3.6050726221908287e-08   0.0000000000000000e+00   0.0000000000000000e+00
0194   7.5195312500000000e-01   9.9999998773103216e-01   6.0000000001855258e-01  -3.6050715043181602e-08   0.0000000000000000e+00   0.0000000000000000e+00
0195   7.5585937500000000e-01   9.9999996317447992e-01   6.0000000002973086e-01  -3.6029521102219031e-08   0.0000000000000000e+00   0.0000000000000000e+00
0196   7.5976562500000000e-01   9.9999993865164805e-01   6.0000000005241161e-01  -3.5987188346952904e-08   0.0000000000000000e+00   0.0000000000000000e+00
0197   7.6367187500000000e-01   9.9999991416249978e-01   6.0000000007178855e-01  -3.5923664415159173e-08   0.0000000000000000e+00   0.0000000000000000e+00
0198   7.6757812500000000e-01   9.9999988972669951e-01   6.0000000009275412e-01  -3.5838607955816421e-08   0.0000000000000000e+00   0.0000000000000000e+00
0199   7.7148437500000000e-01   9.9999986535719321e-01   6.0000000011353416e-01  -3.5732200447293532e-08   0.0000000000000000e+00   0.0000000000000000e+00
0200   7.7539062500000000e-01   9.9999984106910267e-01   6.0000000013457233e-01  -3.5604254712188519e-08   0.0000000000000000e+00   0.0000000000000000e+00
0201   7.7929687500000000e-01   9.9999981687685158e-01   6.0000000015562449e-01  -3.5454823412063690e-08   0.0000000000000000e+00   0.0000000000000000e+00
0202   7.8320312500000000e-01   9.9999979279501539e-01   6.0000000017668387e-01  -3.5283917049384671e-08   0.0000000000000000e+00   0.0000000000000000e+00
0203   7.8710937500000000e-01   9.9999976883802522e-01   6.0000000019769284e-01  -3.5091619218777018e-08   0.0000000000000000e+00   0.0000000000000000e+00
0204   7.9101562500000000e-01   9.9999974502033318e-01   6.0000000021862865e-01  -3.4878031145062687e-08   0.0000000000000000e+00   0.0000000000000000e+00
0205   7.9492187500000000e-01   9.9999972135626869e-01   6.0000000023946831e-01  -3.4643277089313179e-08   0.0000000000000000e+00   0.0000000000000000e+00
0206   7.9882812500000000e-01   9.9999969786008669e-01   6.0000000026019151e-01  -3.4387494882236445e-08   0.0000000000000000e+00   0.0000000000000000e+00
0207   8.0273437500000000e-01   9.9999967454589400e-01   6.0000000028077560e-01  -3.4110837887439229e-08   0.0000000000000000e+00   0.0000000000000000e+00
0208   8.0664062500000000e-01   9.9999965142778380e-01   6.0000000030119738e-01  -3.3813470586355961e-08   0.0000000000000000e+00   0.0000000000000000e+00
0209   8.1054687500000000e-01   9.9999962851961055e-01   6.0000000032143574e-01  -3.3495576934406098e-08   0.0000000000000000e+00   0.0000000000000000e+00
0210   8.1445312500000000e-01   9.9999960583520664e-01   6.0000000034147127e-01  -3.3157355036792869e-08   0.0000000000000000e+00   0.0000000000000000e+00
0211   8.1835937500000000e-01   9.9999958338821981e-01   6.0000000036128720e-01  -3.2799018895510602e-08   0.0000000000000000e+00   0.0000000000000000e+00
0212   8.2226562500000000e-01   9.9999956119217193e-01   6.0000000038086820e-01  -3.2420796795997535e-08   0.0000000000000000e+00   0.0000000000000000e+00
0213   8.2617187500000000e-01   9.9999953926041418e-01   6.0000000040019985e-01  -3.2022929574758344e-08   0.0000000000000000e+00   0.0000000000000000e+00
0214   8.3007812500000000e-01   9.9999951760615591e-01   6.0000000041926826e-01  -3.1605669252372880e-08   0.0000000000000000e+00   0.0000000000000000e+00
0215   8.3398437500000000e-01   9.9999949624248829e-01   6.0000000043806023e-01  -3.1169280528101183e-08   0.0000000000000000e+00   0.0000000000000000e+00
0216   8.3789062500000000e-01   9.9999947518220322e-01   6.0000000045656376e-01  -3.0714039920367196e-08   0.0000000000000000e+00   0.0000000000000000e+00
0217   8.4179687500000000e-01   9.9999945443804283e-01   6.0000000047476787e-01  -3.0240233596366023e-08   0.0000000000000000e+00   0.0000000000000000e+00
0218   8.4570312500000000e-01   9.9999943402249714e-01   6.0000000049266200e-01  -2.9748160559692764e-08   0.0000000000000000e+00   0.0000000000000000e+00
0219   8.4960937500000000e-01   9.9999941394781044e-01   6.0000000051023616e-01  -2.9238128603621339e-08   0.0000000000000000e+00   0.0000000000000000e+00
0220   8.5351562500000000e-01   9.9999939422615869e-01   6.0000000052748181e-01  -2.8710456367706373e-08   0.0000000000000000e+00   0.0000000000000000e+00
0221   8.5742187500000000e-01   9.9999937486934809e-01   6.0000000054438962e-01  -2.8165471215242188e-08   0.0000000000000000e+00   0.0000000000000000e+00
0222   8.6132812500000000e-01   9.9999935588910782e-01   6.0000000056095126e-01  -2.7603511127931297e-08   0.0000000000000000e+00   0.0000000000000000e+00
0223   8.6523437500000000e-01   9.9999933729680901e-01   6.0000000057715863e-01  -2.7024921974563558e-08   0.0000000000000000e+00   0.0000000000000000e+00
0224   8.6914062500000000e-01   9.9999931910370987e-01   6.0000000059300407e-01  -2.6430059877564503e-08   0.0000000000000000e+00   0.0000000000000000e+00
0225   8.7304687500000000e-01   9.9999930132074444e-01   6.0000000060848013e-01  -2.5819288618487471e-08   0.0000000000000000e+00   0.0000000000000000e+00
0226   8.7695312500000000e-01   9.9999928395861615e-01   6.0000000062357939e-01  -2.5192980949447839e-08   0.0000000000000000e+00   0.0000000000000000e+00
0227   8.8085937500000000e-01   9.9999926702778086e-01   6.0000000063829473e-01  -2.4551517961469188e-08   0.0000000000000000e+00   0.0000000000000000e+00
0228   8.8476562500000000e-01   9.9999925053849481e-01   6.0000000065261927e-01  -2.3895289117783362e-08   0.0000000000000000e+00   0.0000000000000000e+00
0229   8.8867187500000000e-01   9.9999923450060679e-01   6.0000000066654591e-01  -2.3224691089432073e-08   0.0000000000000000e+00   0.0000000000000000e+00
0230   8.9257812500000000e-01   9.9999921892386956e-01   6.0000000068006798e-01  -2.2540128932606512e-08   0.0000000000000000e+00   0.0000000000000000e+00
0231   8.9648437500000000e-01   9.9999920381758889e-01   6.0000000069317883e-01  -2.1842015733275115e-08   0.0000000000000000e+00   0.0000000000000000e+00
0232   9.0039062500000000e-01   9.9999918919090780e-01   6.0000000070587156e-01  -2.1130771576111857e-08   0.0000000000000000e+00   0.0000000000000000e+00
0233   9.0429687500000000e-01   9.9999917505263070e-01   6.0000000071813975e-01  -2.0406824073245843e-08   0.0000000000000000e+00   0.0000000000000000e+00
0234   9.0820312500000000e-01   9.9999916141125589e-01   6.0000000072997650e-01  -1.9670608105853001e-08   0.0000000000000000e+00   0.0000000000000000e+00
0235   9.1210937500000000e-01   9.9999914827501779e-01   6.0000000074137561e-01  -1.8922565635632847e-08   0.0000000000000000e+00   0.0000000000000000e+00
0236   9.1601562500000000e-01   9.9999913565184129e-01   6.0000000075233051e-01  -1.8163145288286299e-08   0.0000000000000000e+00   0.0000000000000000e+00
0237   9.1992187500000000e-01   9.9999912354934473e-01   6.0000000076283533e-01  -1.7392802379754575e-08   0.0000000000000000e+00   0.0000000000000000e+00
0238   9.2382812500000000e-01   9.9999911197476421e-01   6.0000000077288373e-01  -1.6611999273622204e-08   0.0000000000000000e+00   0.0000000000000000e+00
0239   9.2773437500000000e-01   9.9999910093509625e-01   6.0000000078246996e-01  -1.5821203461934432e-08   0.0000000000000000e+00   0.0000000000000000e+00
0240   9.3164062500000000e-01   9.9999909043699808e-01   6.0000000079158833e-01  -1.5020889777605475e-08   0.0000000000000000e+00   0.0000000000000000e+00
0241   9.3554687500000000e-01   9.9999908048677866e-01   6.0000000080023308e-01  -1.4211537797190129e-08   0.0000000000000000e+00   0.0000000000000000e+00
0242   9.3945312500000000e-01   9.9999907109045916e-01   6.0000000080839910e-01  -1.3393633003029745e-08   0.0000000000000000e+00   0.0000000000000000e+00
0243   9.4335937500000000e-01   9.9999906225370028e-01   6.0000000081608140e-01  -1.2567666302853075e-08   0.0000000000000000e+00   0.0000000000000000e+00
0244   9.4726562500000000e-01   9.9999905398177491e-01   6.0000000082327476e-01  -1.1734133695290971e-08   0.0000000000000000e+00   0.0000000000000000e+00
0245   9.5117187500000000e-01   9.9999904627971115e-01   6.0000000082997462e-01  -1.0893535522642432e-08   0.0000000000000000e+00   0.0000000000000000e+00
0246   9.5507812500000000e-01   9.9999903915214639e-01   6.0000000083617711e-01  -1.0046377285638097e-08   0.0000000000000000e+00   0.0000000000000000e+00
0247   9.5898437500000000e-01   9.9999903260334511e-01   6.0000000084187832e-01  -9.1931674379095903e-09   0.0000000000000000e+00   0.0000000000000000e+00
0248   9.6289062500000000e-01   9.9999902663728835e-01   6.0000000084707439e-01  -8.3344194624948437e-09   0.0000000000000000e+00   0.0000000000000000e+00
0249   9.6679687500000000e-01   9.9999902125752504e-01   6.0000000085176219e-01  -7.4706497362396052e-09   0.0000000000000000e+00   0.0000000000000000e+00
0250   9.7070312500000000e-01   9.9999901646733302e-01   6.0000000085593919e-01  -6.6023786334340159e-09   0.0000000000000000e+00   0.0000000000000000e+00
0251   9.7460937500000000e-01   9.9999901226957655e-01   6.0000000085960181e-01  -5.7301270079215595e-09   0.0000000000000000e+00   0.0000000000000000e+00
0252   9.7851562500000000e-01   9.9999900866682889e-01   6.0000000086274918e-01  -4.8544270542761148e-09   0.0000000000000000e+00   0.0000000000000000e+00
0253   9.8242187500000000e-01   9.9999900566119115e-01   6.0000000086537908e-01  -3.9757858155049479e-09   0.0000000000000000e+00   0.0000000000000000e+00
0254   9.8632812500000000e-01   9.9999900325451763e-01   6.0000000086748773e-01  -3.0947904475515098e-09   0.0000000000000000e+00   0.0000000000000000e+00
0255   9.9023437500000000e-01   9.9999900144827603e-01   6.0000000086909622e-01  -2.2118092207815305e-09   0.0000000000000000e+00   0.0000000000000000e+00
0256   9.9414062500000000e-01   9.9999900024346577e-01   6.0000000087012928e-01  -1.3277937628907911e-09   0.0000000000000000e+00   0.0000000000000000e+00
0257   9.9804687500000000e-01   9.9999899964104710e-01   6.0000000087081640e-01  -4.4226707690831117e-10   0.0000000000000000e+00   0.0000000000000000e+00
