# Athena++ data at time=7.800191e+01  cycle=39937  variables=prim 
# i       x1v         rho          press          vel1         vel2         vel3     
0002   1.9531250000000000e-03   9.9999899963995620e-01   6.0000000086971739e-01   4.4237459482741217e-10   0.0000000000000000e+00   0.0000000000000000e+00
0003   5.8593750000000000e-03   9.9999900024236432e-01   6.0000000086903060e-01   1.3281178069657573e-09   0.0000000000000000e+00   0.0000000000000000e+00
0004   9.7656250000000000e-03   9.9999900144717335e-01   6.0000000086799898e-01   2.2123500140505032e-09   0.0000000000000000e+00   0.0000000000000000e+00
0005   1.3671875000000000e-02   9.9999900325343460e-01   6.0000000086639216e-01   3.0955475424761734e-09   0.0000000000000000e+00   0.0000000000000000e+00
0006   1.7578125000000000e-02   9.9999900566010380e-01   6.0000000086428618e-01   3.9767589877402494e-09   0.0000000000000000e+00   0.0000000000000000e+00
0007   2.1484375000000000e-02   9.9999900866573777e-01   6.0000000086165961e-01   4.8556152596756478e-09   0.0000000000000000e+00   0.0000000000000000e+00
0008   2.5390625000000000e-02   9.9999901226850951e-01   6.0000000085851624e-01   5.7315297236820489e-09   0.0000000000000000e+00   0.0000000000000000e+00
0009   2.9296875000000000e-02   9.9999901646625255e-01   6.0000000085485805e-01   6.6039941443525523e-09   0.0000000000000000e+00   0.0000000000000000e+00
0010   3.3203125000000000e-02   9.9999902125646123e-01   6.0000000085068617e-01   7.4724761778688872e-09   0.0000000000000000e+00   0.0000000000000000e+00
0011   3.7109375000000000e-02   9.9999902663622131e-01   6.0000000084600369e-01   8.3364546721242486e-09   0.0000000000000000e+00   0.0000000000000000e+00
0012   4.1015625000000000e-02   9.9999903260228984e-01   6.0000000084081317e-01   9.1954095879135484e-09   0.0000000000000000e+00   0.0000000000000000e+00
0013   4.4921875000000000e-02   9.9999903915107435e-01   6.0000000083511795e-01   1.0048823765804399e-08   0.0000000000000000e+00   0.0000000000000000e+00
0014   4.8828125000000000e-02   9.9999904627865954e-01   6.0000000082892146e-01   1.0896183461753408e-08   0.0000000000000000e+00   0.0000000000000000e+00
0015   5.2734375000000000e-02   9.9999905398072808e-01   6.0000000082222715e-01   1.1736979551312524e-08   0.0000000000000000e+00   0.0000000000000000e+00
0016   5.6640625000000000e-02   9.9999906225264334e-01   6.0000000081504024e-01   1.2570706347261298e-08   0.0000000000000000e+00   0.0000000000000000e+00
0017   6.0546875000000000e-02   9.9999907108942754e-01   6.0000000080736460e-01   1.3396862910998344e-08   0.0000000000000000e+00   0.0000000000000000e+00
0018   6.4453125000000000e-02   9.9999908048574770e-01   6.0000000079920501e-01   1.4214953504476912e-08   0.0000000000000000e+00   0.0000000000000000e+00
0019   6.8359375000000000e-02   9.9999909043596302e-01   6.0000000079056715e-01   1.5024485915809407e-08   0.0000000000000000e+00   0.0000000000000000e+00
0020   7.2265625000000000e-02   9.9999910093408639e-01   6.0000000078145577e-01   1.5824975482079729e-08   0.0000000000000000e+00   0.0000000000000000e+00
0021   7.6171875000000000e-02   9.9999911197373714e-01   6.0000000077187665e-01   1.6615941024532631e-08   0.0000000000000000e+00   0.0000000000000000e+00
0022   8.0078125000000000e-02   9.9999912354833254e-01   6.0000000076183613e-01   1.7396909572846580e-08   0.0000000000000000e+00   0.0000000000000000e+00
0023   8.3984375000000000e-02   9.9999913565086485e-01   6.0000000075134008e-01   1.8167411585710761e-08   0.0000000000000000e+00   0.0000000000000000e+00
0024   8.7890625000000000e-02   9.9999914827403247e-01   6.0000000074039439e-01   1.8926985891534811e-08   0.0000000000000000e+00   0.0000000000000000e+00
0025   9.1796875000000000e-02   9.9999916141027534e-01   6.0000000072900561e-01   1.9675177323209984e-08   0.0000000000000000e+00   0.0000000000000000e+00
0026   9.5703125000000000e-02   9.9999917505164460e-01   6.0000000071718040e-01   2.0411536323453350e-08   0.0000000000000000e+00   0.0000000000000000e+00
0027   9.9609375000000000e-02   9.9999918918995823e-01   6.0000000070492543e-01   2.1135621936286774e-08   0.0000000000000000e+00   0.0000000000000000e+00
0028   1.0351562500000000e-01   9.9999920381665974e-01   6.0000000069224735e-01   2.1846999690168778e-08   0.0000000000000000e+00   0.0000000000000000e+00
0029   1.0742187500000000e-01   9.9999921892294430e-01   6.0000000067915304e-01   2.2545242159071072e-08   0.0000000000000000e+00   0.0000000000000000e+00
0030   1.1132812500000000e-01   9.9999923449971706e-01   6.0000000066564907e-01   2.3229930413074229e-08   0.0000000000000000e+00   0.0000000000000000e+00
0031   1.1523437500000000e-01   9.9999925053760852e-01   6.0000000065174264e-01   2.3900651813109775e-08   0.0000000000000000e+00   0.0000000000000000e+00
0032   1.1914062500000000e-01   9.9999926702693864e-01   6.0000000063744063e-01   2.4557002234214159e-08   0.0000000000000000e+00   0.0000000000000000e+00
0033   1.2304687500000000e-01   9.9999928395778070e-01   6.0000000062275016e-01   2.5198584930669195e-08   0.0000000000000000e+00   0.0000000000000000e+00
0034   1.2695312500000000e-01   9.9999930131993375e-01   6.0000000060767789e-01   2.5825011929315324e-08   0.0000000000000000e+00   0.0000000000000000e+00
0035   1.3085937500000000e-01   9.9999931910295980e-01   6.0000000059223146e-01   2.6435903107622568e-08   0.0000000000000000e+00   0.0000000000000000e+00
0036   1.3476562500000000e-01   9.9999933729608703e-01   6.0000000057641800e-01   2.7030886346672300e-08   0.0000000000000000e+00   0.0000000000000000e+00
0037   1.3867187500000000e-01   9.9999935588840283e-01   6.0000000056024494e-01   2.7609598498110825e-08   0.0000000000000000e+00   0.0000000000000000e+00
0038   1.4257812500000000e-01   9.9999937486870050e-01   6.0000000054372016e-01   2.8171684706064458e-08   0.0000000000000000e+00   0.0000000000000000e+00
0039   1.4648437500000000e-01   9.9999939422552742e-01   6.0000000052685121e-01   2.8716798840813452e-08   0.0000000000000000e+00   0.0000000000000000e+00
0040   1.5039062500000000e-01   9.9999941394724379e-01   6.0000000050964630e-01   2.9244604597028179e-08   0.0000000000000000e+00   0.0000000000000000e+00
0041   1.5429687500000000e-01   9.9999943402193858e-01   6.0000000049211411e-01   2.9754773903424349e-08   0.0000000000000000e+00   0.0000000000000000e+00
0042   1.5820312500000000e-01   9.9999945443753713e-01   6.0000000047426327e-01   3.0246989945850272e-08   0.0000000000000000e+00   0.0000000000000000e+00
0043   1.6210937500000000e-01   9.9999947518174437e-01   6.0000000045610324e-01   3.0720943291655942e-08   0.0000000000000000e+00   0.0000000000000000e+00
0044   1.6601562500000000e-01   9.9999949624206719e-01   6.0000000043764412e-01   3.1176336650893921e-08   0.0000000000000000e+00   0.0000000000000000e+00
0045   1.6992187500000000e-01   9.9999951760580941e-01   6.0000000041889645e-01   3.1612882850346555e-08   0.0000000000000000e+00   0.0000000000000000e+00
0046   1.7382812500000000e-01   9.9999953926008456e-01   6.0000000039987211e-01   3.2030304663622045e-08   0.0000000000000000e+00   0.0000000000000000e+00
0047   1.7773437500000000e-01   9.9999956119188815e-01   6.0000000038058365e-01   3.2428337503122082e-08   0.0000000000000000e+00   0.0000000000000000e+00
0048   1.8164062500000000e-01   9.9999958338798001e-01   6.0000000036104395e-01   3.2806728603050841e-08   0.0000000000000000e+00   0.0000000000000000e+00
0049   1.8554687500000000e-01   9.9999960583501701e-01   6.0000000034126744e-01   3.3165235487552752e-08   0.0000000000000000e+00   0.0000000000000000e+00
0050   1.8945312500000000e-01   9.9999962851946511e-01   6.0000000032126921e-01   3.3503629647565772e-08   0.0000000000000000e+00   0.0000000000000000e+00
0051   1.9335937500000000e-01   9.9999965142764469e-01   6.0000000030106537e-01   3.3821695479012844e-08   0.0000000000000000e+00   0.0000000000000000e+00
0052   1.9726562500000000e-01   9.9999967454580152e-01   6.0000000028067491e-01   3.4119233013817345e-08   0.0000000000000000e+00   0.0000000000000000e+00
0053   2.0117187500000000e-01   9.9999969785999943e-01   6.0000000026011857e-01   3.4396058035697394e-08   0.0000000000000000e+00   0.0000000000000000e+00
0054   2.0507812500000000e-01   9.9999972135621762e-01   6.0000000023941980e-01   3.4652002821892585e-08   0.0000000000000000e+00   0.0000000000000000e+00
0055   2.0898437500000000e-01   9.9999974502031586e-01   6.0000000021860089e-01   3.4886913561665167e-08   0.0000000000000000e+00   0.0000000000000000e+00
0056   2.1289062500000000e-01   9.9999976883801267e-01   6.0000000019768163e-01   3.5100650934016533e-08   0.0000000000000000e+00   0.0000000000000000e+00
0057   2.1679687500000000e-01   9.9999979279501439e-01   6.0000000017668575e-01   3.5293087660100077e-08   0.0000000000000000e+00   0.0000000000000000e+00
0058   2.2070312500000000e-01   9.9999981687684114e-01   6.0000000015563593e-01   3.5464122440537983e-08   0.0000000000000000e+00   0.0000000000000000e+00
0059   2.2460937500000000e-01   9.9999984106910311e-01   6.0000000013458987e-01   3.5613668625680385e-08   0.0000000000000000e+00   0.0000000000000000e+00
0060   2.2851562500000000e-01   9.9999986535721253e-01   6.0000000011355425e-01   3.5741715862060008e-08   0.0000000000000000e+00   0.0000000000000000e+00
0061   2.3242187500000000e-01   9.9999988972672760e-01   6.0000000009277432e-01   3.5848209215451229e-08   0.0000000000000000e+00   0.0000000000000000e+00
0062   2.3632812500000000e-01   9.9999991416253342e-01   6.0000000007180587e-01   3.5933335453473540e-08   0.0000000000000000e+00   0.0000000000000000e+00
0063   2.4023437500000000e-01   9.9999993865166492e-01   6.0000000005242571e-01   3.5996911309347129e-08   0.0000000000000000e+00   0.0000000000000000e+00
0064   2.4414062500000000e-01   9.9999996317449313e-01   6.0000000002973730e-01   3.6039278953818396e-08   0.0000000000000000e+00   0.0000000000000000e+00
0065   2.4804687500000000e-01   9.9999998773102072e-01   6.0000000001856180e-01   3.6060488514100668e-08   0.0000000000000000e+00   0.0000000000000000e+00
0066   2.5195312500000000e-01   1.0000000122690031e+00   5.9999999998142961e-01   3.6060498053332708e-08   0.0000000000000000e+00   0.0000000000000000e+00
0067   2.5585937500000000e-01   1.0000000368255175e+00   5.9999999997025333e-01   3.6039306489186952e-08   0.0000000000000000e+00   0.0000000000000000e+00
0068   2.5976562500000000e-01   1.0000000613483329e+00   5.9999999994756581e-01   3.5996957996483458e-08   0.0000000000000000e+00   0.0000000000000000e+00
0069   2.6367187500000000e-01   1.0000000858374718e+00   5.9999999992818620e-01   3.5933401478222726e-08   0.0000000000000000e+00   0.0000000000000000e+00
0070   2.6757812500000000e-01   1.0000001102732947e+00   5.9999999990721842e-01   3.5848295099318778e-08   0.0000000000000000e+00   0.0000000000000000e+00
0071   2.7148437500000000e-01   1.0000001346428038e+00   5.9999999988643893e-01   3.5741820896932544e-08   0.0000000000000000e+00   0.0000000000000000e+00
0072   2.7539062500000000e-01   1.0000001589308998e+00   5.9999999986540320e-01   3.5613793966306986e-08   0.0000000000000000e+00   0.0000000000000000e+00
0073   2.7929687500000000e-01   1.0000001831231595e+00   5.9999999984435692e-01   3.5464267304362352e-08   0.0000000000000000e+00   0.0000000000000000e+00
0074   2.8320312500000000e-01   1.0000002072050127e+00   5.9999999982330687e-01   3.5293252903856098e-08   0.0000000000000000e+00   0.0000000000000000e+00
0075   2.8710937500000000e-01   1.0000002311620004e+00   5.9999999980231100e-01   3.5100835924225576e-08   0.0000000000000000e+00   0.0000000000000000e+00
0076   2.9101562500000000e-01   1.0000002549796949e+00   5.9999999978139174e-01   3.4887118409992241e-08   0.0000000000000000e+00   0.0000000000000000e+00
0077   2.9492187500000000e-01   1.0000002786437805e+00   5.9999999976057206e-01   3.4652226820391237e-08   0.0000000000000000e+00   0.0000000000000000e+00
0078   2.9882812500000000e-01   1.0000003021400241e+00   5.9999999973987272e-01   3.4396301296073199e-08   0.0000000000000000e+00   0.0000000000000000e+00
0079   3.0273437500000000e-01   1.0000003254542018e+00   5.9999999971931628e-01   3.4119494716403170e-08   0.0000000000000000e+00   0.0000000000000000e+00
0080   3.0664062500000000e-01   1.0000003485723350e+00   5.9999999969892526e-01   3.3821975213973518e-08   0.0000000000000000e+00   0.0000000000000000e+00
0081   3.1054687500000000e-01   1.0000003714805783e+00   5.9999999967872064e-01   3.3503926408988684e-08   0.0000000000000000e+00   0.0000000000000000e+00
0082   3.1445312500000000e-01   1.0000003941650109e+00   5.9999999965872119e-01   3.3165548567587152e-08   0.0000000000000000e+00   0.0000000000000000e+00
0083   3.1835937500000000e-01   1.0000004166120144e+00   5.9999999963894390e-01   3.2807057256598195e-08   0.0000000000000000e+00   0.0000000000000000e+00
0084   3.2226562500000000e-01   1.0000004388081052e+00   5.9999999961940353e-01   3.2428680500762744e-08   0.0000000000000000e+00   0.0000000000000000e+00
0085   3.2617187500000000e-01   1.0000004607399271e+00   5.9999999960011396e-01   3.2030661223007746e-08   0.0000000000000000e+00   0.0000000000000000e+00
0086   3.3007812500000000e-01   1.0000004823942183e+00   5.9999999958108829e-01   3.1613251518527614e-08   0.0000000000000000e+00   0.0000000000000000e+00
0087   3.3398437500000000e-01   1.0000005037579645e+00   5.9999999956233940e-01   3.1176716980819992e-08   0.0000000000000000e+00   0.0000000000000000e+00
0088   3.3789062500000000e-01   1.0000005248182295e+00   5.9999999954387906e-01   3.0721333793114295e-08   0.0000000000000000e+00   0.0000000000000000e+00
0089   3.4179687500000000e-01   1.0000005455624588e+00   5.9999999952571803e-01   3.0247389016848400e-08   0.0000000000000000e+00   0.0000000000000000e+00
0090   3.4570312500000000e-01   1.0000005659780764e+00   5.9999999950786620e-01   2.9755181357683368e-08   0.0000000000000000e+00   0.0000000000000000e+00
0091   3.4960937500000000e-01   1.0000005860527612e+00   5.9999999949033289e-01   2.9245018348214405e-08   0.0000000000000000e+00   0.0000000000000000e+00
0092   3.5351562500000000e-01   1.0000006057744697e+00   5.9999999947312699e-01   2.8717218404580640e-08   0.0000000000000000e+00   0.0000000000000000e+00
0093   3.5742187500000000e-01   1.0000006251313112e+00   5.9999999945625726e-01   2.8172108815683765e-08   0.0000000000000000e+00   0.0000000000000000e+00
0094   3.6132812500000000e-01   1.0000006441115856e+00   5.9999999943973170e-01   2.7610026259401536e-08   0.0000000000000000e+00   0.0000000000000000e+00
0095   3.6523437500000000e-01   1.0000006627039300e+00   5.9999999942355819e-01   2.7031316977207886e-08   0.0000000000000000e+00   0.0000000000000000e+00
0096   3.6914062500000000e-01   1.0000006808970479e+00   5.9999999940774407e-01   2.6436335526923278e-08   0.0000000000000000e+00   0.0000000000000000e+00
0097   3.7304687500000000e-01   1.0000006986800671e+00   5.9999999939229720e-01   2.5825445131401049e-08   0.0000000000000000e+00   0.0000000000000000e+00
0098   3.7695312500000000e-01   1.0000007160422193e+00   5.9999999937722459e-01   2.5199017574251964e-08   0.0000000000000000e+00   0.0000000000000000e+00
0099   3.8085937500000000e-01   1.0000007329730682e+00   5.9999999936253323e-01   2.4557433536833714e-08   0.0000000000000000e+00   0.0000000000000000e+00
0100   3.8476562500000000e-01   1.0000007494623953e+00   5.9999999934823056e-01   2.3901080917791194e-08   0.0000000000000000e+00   0.0000000000000000e+00
0101   3.8867187500000000e-01   1.0000007655002798e+00   5.9999999933432335e-01   2.3230356351068602e-08   0.0000000000000000e+00   0.0000000000000000e+00
0102   3.9257812500000000e-01   1.0000007810770724e+00   5.9999999932081882e-01   2.2545663924372224e-08   0.0000000000000000e+00   0.0000000000000000e+00
0103   3.9648437500000000e-01   1.0000007961833424e+00   5.9999999930772374e-01   2.1847416463046923e-08   0.0000000000000000e+00   0.0000000000000000e+00
0104   4.0039062500000000e-01   1.0000008108100358e+00   5.9999999929504499e-01   2.1136033344080965e-08   0.0000000000000000e+00   0.0000000000000000e+00
0105   4.0429687500000000e-01   1.0000008249483479e+00   5.9999999928278946e-01   2.0411941099364613e-08   0.0000000000000000e+00   0.0000000000000000e+00
0106   4.0820312500000000e-01   1.0000008385897072e+00   5.9999999927096359e-01   1.9675575131837009e-08   0.0000000000000000e+00   0.0000000000000000e+00
0107   4.1210937500000000e-01   1.0000008517259584e+00   5.9999999925957459e-01   1.8927376248454651e-08   0.0000000000000000e+00   0.0000000000000000e+00
0108   4.1601562500000000e-01   1.0000008643491374e+00   5.9999999924862812e-01   1.8167793633945882e-08   0.0000000000000000e+00   0.0000000000000000e+00
0109   4.1992187500000000e-01   1.0000008764516923e+00   5.9999999923813119e-01   1.7397281635797092e-08   0.0000000000000000e+00   0.0000000000000000e+00
0110   4.2382812500000000e-01   1.0000008880262756e+00   5.9999999922808955e-01   1.6616302766811878e-08   0.0000000000000000e+00   0.0000000000000000e+00
0111   4.2773437500000000e-01   1.0000008990659175e+00   5.9999999921850966e-01   1.5825325487887175e-08   0.0000000000000000e+00   0.0000000000000000e+00
0112   4.3164062500000000e-01   1.0000009095640141e+00   5.9999999920939728e-01   1.5024823588977508e-08   0.0000000000000000e+00   0.0000000000000000e+00
0113   4.3554687500000000e-01   1.0000009195142192e+00   5.9999999920075797e-01   1.4215277727262268e-08   0.0000000000000000e+00   0.0000000000000000e+00
0114   4.3945312500000000e-01   1.0000009289105782e+00   5.9999999919259728e-01   1.3397172789199175e-08   0.0000000000000000e+00   0.0000000000000000e+00
0115   4.4335937500000000e-01   1.0000009377473376e+00   5.9999999918491997e-01   1.2571000688634360e-08   0.0000000000000000e+00   0.0000000000000000e+00
0116   4.4726562500000000e-01   1.0000009460192594e+00   5.9999999917773172e-01   1.1737258057757745e-08   0.0000000000000000e+00   0.0000000000000000e+00
0117   4.5117187500000000e-01   1.0000009537213363e+00   5.9999999917103686e-01   1.0896445127316770e-08   0.0000000000000000e+00   0.0000000000000000e+00
0118   4.5507812500000000e-01   1.0000009608489255e+00   5.9999999916483915e-01   1.0049067398257782e-08   0.0000000000000000e+00   0.0000000000000000e+00
0119   4.5898437500000000e-01   1.0000009673976971e+00   5.9999999915914282e-01   9.1956349264292274e-09   0.0000000000000000e+00   0.0000000000000000e+00
0120   4.6289062500000000e-01   1.0000009733637836e+00   5.9999999915395130e-01   8.3366606362505334e-09   0.0000000000000000e+00   0.0000000000000000e+00
0121   4.6679687500000000e-01   1.0000009787435427e+00   5.9999999914926794e-01   7.4726615753913882e-09   0.0000000000000000e+00   0.0000000000000000e+00
0122   4.7070312500000000e-01   1.0000009835337340e+00   5.9999999914509550e-01   6.6041591242679904e-09   0.0000000000000000e+00   0.0000000000000000e+00
0123   4.7460937500000000e-01   1.0000009877314757e+00   5.9999999914143687e-01   5.7316736153682480e-09   0.0000000000000000e+00   0.0000000000000000e+00
0124   4.7851562500000000e-01   1.0000009913342454e+00   5.9999999913829283e-01   4.8557375042677313e-09   0.0000000000000000e+00   0.0000000000000000e+00
0125   4.8242187500000000e-01   1.0000009943398644e+00   5.9999999913566593e-01   3.9768595852515646e-09   0.0000000000000000e+00   0.0000000000000000e+00
0126   4.8632812500000000e-01   1.0000009967465553e+00   5.9999999913355972e-01   3.0956265673213872e-09   0.0000000000000000e+00   0.0000000000000000e+00
0127   4.9023437500000000e-01   1.0000009985528286e+00   5.9999999913195279e-01   2.2124069448785622e-09   0.0000000000000000e+00   0.0000000000000000e+00
0128   4.9414062500000000e-01   1.0000009997576305e+00   5.9999999913092106e-01   1.3281527549390301e-09   0.0000000000000000e+00   0.0000000000000000e+00
0129   4.9804687500000000e-01   1.0000010003600117e+00   5.9999999913023438e-01   4.4238763587404388e-10   0.0000000000000000e+00   0.0000000000000000e+00
0130   5.0195312500000000e-01   1.0000010003600055e+00   5.9999999913023461e-01  -4.4238491620513831e-10   0.0000000000000000e+00   0.0000000000000000e+00
0131   5.0585937500000000e-01   1.0000009997576182e+00   5.9999999913092150e-01  -1.3281502960603734e-09   0.0000000000000000e+00   0.0000000000000000e+00
0132   5.0976562500000000e-01   1.0000009985527920e+00   5.9999999913195345e-01  -2.2124042624654394e-09   0.0000000000000000e+00   0.0000000000000000e+00
0133   5.1367187500000000e-01   1.0000009967465484e+00   5.9999999913356039e-01  -3.0956242574657188e-09   0.0000000000000000e+00   0.0000000000000000e+00
0134   5.1757812500000000e-01   1.0000009943398516e+00   5.9999999913566693e-01  -3.9768576852091818e-09   0.0000000000000000e+00   0.0000000000000000e+00
0135   5.2148437500000000e-01   1.0000009913342531e+00   5.9999999913829416e-01  -4.8557360512943284e-09   0.0000000000000000e+00   0.0000000000000000e+00
0136   5.2539062500000000e-01   1.0000009877314524e+00   5.9999999914143831e-01  -5.7316720878834652e-09   0.0000000000000000e+00   0.0000000000000000e+00
0137   5.2929687500000000e-01   1.0000009835337040e+00   5.9999999914509750e-01  -6.6041574850160390e-09   0.0000000000000000e+00   0.0000000000000000e+00
0138   5.3320312500000000e-01   1.0000009787435276e+00   5.9999999914927027e-01  -7.4726605322314163e-09   0.0000000000000000e+00   0.0000000000000000e+00
0139   5.3710937500000000e-01   1.0000009733638073e+00   5.9999999915395374e-01  -8.3366595185786795e-09   0.0000000000000000e+00   0.0000000000000000e+00
0140   5.4101562500000000e-01   1.0000009673976984e+00   5.9999999915914526e-01  -9.1956336224788440e-09   0.0000000000000000e+00   0.0000000000000000e+00
0141   5.4492187500000000e-01   1.0000009608489111e+00   5.9999999916484137e-01  -1.0049066317842012e-08   0.0000000000000000e+00   0.0000000000000000e+00
0142   5.4882812500000000e-01   1.0000009537213337e+00   5.9999999917103897e-01  -1.0896444195923912e-08   0.0000000000000000e+00   0.0000000000000000e+00
0143   5.5273437500000000e-01   1.0000009460192643e+00   5.9999999917773417e-01  -1.1737257349898976e-08   0.0000000000000000e+00   0.0000000000000000e+00
0144   5.5664062500000000e-01   1.0000009377473471e+00   5.9999999918492208e-01  -1.2571000278821869e-08   0.0000000000000000e+00   0.0000000000000000e+00
0145   5.6054687500000000e-01   1.0000009289105611e+00   5.9999999919259883e-01  -1.3397172006829236e-08   0.0000000000000000e+00   0.0000000000000000e+00
0146   5.6445312500000000e-01   1.0000009195142265e+00   5.9999999920075953e-01  -1.4215276758613413e-08   0.0000000000000000e+00   0.0000000000000000e+00
0147   5.6835937500000000e-01   1.0000009095640017e+00   5.9999999920939862e-01  -1.5024822732096138e-08   0.0000000000000000e+00   0.0000000000000000e+00
0148   5.7226562500000000e-01   1.0000008990659139e+00   5.9999999921851088e-01  -1.5825324481982693e-08   0.0000000000000000e+00   0.0000000000000000e+00
0149   5.7617187500000000e-01   1.0000008880262201e+00   5.9999999922809100e-01  -1.6616301760908210e-08   0.0000000000000000e+00   0.0000000000000000e+00
0150   5.8007812500000000e-01   1.0000008764516763e+00   5.9999999923813252e-01  -1.7397280480869726e-08   0.0000000000000000e+00   0.0000000000000000e+00
0151   5.8398437500000000e-01   1.0000008643491114e+00   5.9999999924862946e-01  -1.8167792255484391e-08   0.0000000000000000e+00   0.0000000000000000e+00
0152   5.8789062500000000e-01   1.0000008517259367e+00   5.9999999925957548e-01  -1.8927375019015713e-08   0.0000000000000000e+00   0.0000000000000000e+00
0153   5.9179687500000000e-01   1.0000008385897066e+00   5.9999999927096448e-01  -1.9675573716118840e-08   0.0000000000000000e+00   0.0000000000000000e+00
0154   5.9570312500000000e-01   1.0000008249483117e+00   5.9999999928278991e-01  -2.0411939832670268e-08   0.0000000000000000e+00   0.0000000000000000e+00
0155   5.9960937500000000e-01   1.0000008108100356e+00   5.9999999929504533e-01  -2.1136031891107352e-08   0.0000000000000000e+00   0.0000000000000000e+00
0156   6.0351562500000000e-01   1.0000007961833581e+00   5.9999999930772374e-01  -2.1847415382630567e-08   0.0000000000000000e+00   0.0000000000000000e+00
0157   6.0742187500000000e-01   1.0000007810770604e+00   5.9999999932081860e-01  -2.2545663104746504e-08   0.0000000000000000e+00   0.0000000000000000e+00
0158   6.1132812500000000e-01   1.0000007655002801e+00   5.9999999933432291e-01  -2.3230355345163813e-08   0.0000000000000000e+00   0.0000000000000000e+00
0159   6.1523437500000000e-01   1.0000007494623966e+00   5.9999999934823001e-01  -2.3901079725607272e-08   0.0000000000000000e+00   0.0000000000000000e+00
0160   6.1914062500000000e-01   1.0000007329730307e+00   5.9999999936253257e-01  -2.4557432419162746e-08   0.0000000000000000e+00   0.0000000000000000e+00
0161   6.2304687500000000e-01   1.0000007160422069e+00   5.9999999937722381e-01  -2.5199016605603227e-08   0.0000000000000000e+00   0.0000000000000000e+00
0162   6.2695312500000000e-01   1.0000006986800625e+00   5.9999999939229631e-01  -2.5825444013729028e-08   0.0000000000000000e+00   0.0000000000000000e+00
0163   6.3085937500000000e-01   1.0000006808970801e+00   5.9999999940774318e-01  -2.6436334483761861e-08   0.0000000000000000e+00   0.0000000000000000e+00
0164   6.3476562500000000e-01   1.0000006627039282e+00   5.9999999942355708e-01  -2.7031316008558746e-08   0.0000000000000000e+00   0.0000000000000000e+00
0165   6.3867187500000000e-01   1.0000006441115978e+00   5.9999999943973081e-01  -2.7610025551542144e-08   0.0000000000000000e+00   0.0000000000000000e+00
0166   6.4257812500000000e-01   1.0000006251313112e+00   5.9999999945625637e-01  -2.8172108033313098e-08   0.0000000000000000e+00   0.0000000000000000e+00
0167   6.4648437500000000e-01   1.0000006057744817e+00   5.9999999947312621e-01  -2.8717217957511869e-08   0.0000000000000000e+00   0.0000000000000000e+00
0168   6.5039062500000000e-01   1.0000005860527654e+00   5.9999999949033234e-01  -2.9245017901146173e-08   0.0000000000000000e+00   0.0000000000000000e+00
0169   6.5429687500000000e-01   1.0000005659780686e+00   5.9999999950786587e-01  -2.9755181208661222e-08   0.0000000000000000e+00   0.0000000000000000e+00
0170   6.5820312500000000e-01   1.0000005455624634e+00   5.9999999952571825e-01  -3.0247389203127660e-08   0.0000000000000000e+00   0.0000000000000000e+00
0171   6.6210937500000000e-01   1.0000005248182535e+00   5.9999999954387950e-01  -3.0721333867625514e-08   0.0000000000000000e+00   0.0000000000000000e+00
0172   6.6601562500000000e-01   1.0000005037579585e+00   5.9999999956234007e-01  -3.1176717353378745e-08   0.0000000000000000e+00   0.0000000000000000e+00
0173   6.6992187500000000e-01   1.0000004823942139e+00   5.9999999958108918e-01  -3.1613252002853152e-08   0.0000000000000000e+00   0.0000000000000000e+00
0174   6.7382812500000000e-01   1.0000004607399302e+00   5.9999999960011485e-01  -3.2030662154402852e-08   0.0000000000000000e+00   0.0000000000000000e+00
0175   6.7773437500000000e-01   1.0000004388081267e+00   5.9999999961940487e-01  -3.2428681730202659e-08   0.0000000000000000e+00   0.0000000000000000e+00
0176   6.8164062500000000e-01   1.0000004166120233e+00   5.9999999963894568e-01  -3.2807058001713358e-08   0.0000000000000000e+00   0.0000000000000000e+00
0177   6.8554687500000000e-01   1.0000003941649913e+00   5.9999999965872342e-01  -3.3165549200936126e-08   0.0000000000000000e+00   0.0000000000000000e+00
0178   6.8945312500000000e-01   1.0000003714805730e+00   5.9999999967872264e-01  -3.3503927005081284e-08   0.0000000000000000e+00   0.0000000000000000e+00
0179   6.9335937500000000e-01   1.0000003485723623e+00   5.9999999969892703e-01  -3.3821975921832824e-08   0.0000000000000000e+00   0.0000000000000000e+00
0180   6.9726562500000000e-01   1.0000003254541951e+00   5.9999999971931806e-01  -3.4119495610542518e-08   0.0000000000000000e+00   0.0000000000000000e+00
0181   7.0117187500000000e-01   1.0000003021400146e+00   5.9999999973987450e-01  -3.4396302152956809e-08   0.0000000000000000e+00   0.0000000000000000e+00
0182   7.0507812500000000e-01   1.0000002786438029e+00   5.9999999976057383e-01  -3.4652227863552539e-08   0.0000000000000000e+00   0.0000000000000000e+00
0183   7.0898437500000000e-01   1.0000002549797147e+00   5.9999999978139307e-01  -3.4887119415897262e-08   0.0000000000000000e+00   0.0000000000000000e+00
0184   7.1289062500000000e-01   1.0000002311619922e+00   5.9999999980231244e-01  -3.5100836818365169e-08   0.0000000000000000e+00   0.0000000000000000e+00
0185   7.1679687500000000e-01   1.0000002072050385e+00   5.9999999982330843e-01  -3.5293253760738490e-08   0.0000000000000000e+00   0.0000000000000000e+00
0186   7.2070312500000000e-01   1.0000001831231620e+00   5.9999999984435848e-01  -3.5464268608314524e-08   0.0000000000000000e+00   0.0000000000000000e+00
0187   7.2460937500000000e-01   1.0000001589309018e+00   5.9999999986540486e-01  -3.5613795344771104e-08   0.0000000000000000e+00   0.0000000000000000e+00
0188   7.2851562500000000e-01   1.0000001346428169e+00   5.9999999988644026e-01  -3.5741822126372359e-08   0.0000000000000000e+00   0.0000000000000000e+00
0189   7.3242187500000000e-01   1.0000001102732730e+00   5.9999999990721986e-01  -3.5848295918946907e-08   0.0000000000000000e+00   0.0000000000000000e+00
0190   7.3632812500000000e-01   1.0000000858374942e+00   5.9999999992818764e-01  -3.5933402782174130e-08   0.0000000000000000e+00   0.0000000000000000e+00
0191   7.4023437500000000e-01   1.0000000613483415e+00   5.9999999994756714e-01  -3.5996959598482271e-08   0.0000000000000000e+00   0.0000000000000000e+00
0192   7.4414062500000000e-01   1.0000000368255213e+00   5.9999999997025466e-01  -3.6039308575511263e-08   0.0000000000000000e+00   0.0000000000000000e+00
0193   7.4804687500000000e-01   1.0000000122689989e+00   5.9999999998143061e-01  -3.6060499990634007e-08   0.0000000000000000e+00   0.0000000000000000e+00
0194   7.5195312500000000e-01   9.9999998773103904e-01   6.0000000001856257e-01  -3.6060490749446934e-08   0.0000000000000000e+00   0.0000000000000000e+00
0195   7.5585937500000000e-01   9.9999996317448614e-01   6.0000000002973775e-01  -3.6039280742096946e-08   0.0000000000000000e+00   0.0000000000000000e+00
0196   7.5976562500000000e-01   9.9999993865166092e-01   6.0000000005242604e-01  -3.5996913060368578e-08   0.0000000000000000e+00   0.0000000000000000e+00
0197   7.6367187500000000e-01   9.9999991416251666e-01   6.0000000007180609e-01  -3.5933337055472962e-08   0.0000000000000000e+00   0.0000000000000000e+00
0198   7.6757812500000000e-01   9.9999988972671616e-01   6.0000000009277410e-01  -3.5848210966473657e-08   0.0000000000000000e+00   0.0000000000000000e+00
0199   7.7148437500000000e-01   9.9999986535721574e-01   6.0000000011355403e-01  -3.5741717277779805e-08   0.0000000000000000e+00   0.0000000000000000e+00
0200   7.7539062500000000e-01   9.9999984106912210e-01   6.0000000013458965e-01  -3.5613669929632848e-08   0.0000000000000000e+00   0.0000000000000000e+00
0201   7.7929687500000000e-01   9.9999981687686590e-01   6.0000000015563570e-01  -3.5464123520954970e-08   0.0000000000000000e+00   0.0000000000000000e+00
0202   7.8320312500000000e-01   9.9999979279500983e-01   6.0000000017668553e-01  -3.5293088815030049e-08   0.0000000000000000e+00   0.0000000000000000e+00
0203   7.8710937500000000e-01   9.9999976883801389e-01   6.0000000019768140e-01  -3.5100651977178324e-08   0.0000000000000000e+00   0.0000000000000000e+00
0204   7.9101562500000000e-01   9.9999974502030786e-01   6.0000000021860045e-01  -3.4886914753851150e-08   0.0000000000000000e+00   0.0000000000000000e+00
0205   7.9492187500000000e-01   9.9999972135622417e-01   6.0000000023941957e-01  -3.4652004237613136e-08   0.0000000000000000e+00   0.0000000000000000e+00
0206   7.9882812500000000e-01   9.9999969786001663e-01   6.0000000026011835e-01  -3.4396059451416986e-08   0.0000000000000000e+00   0.0000000000000000e+00
0207   8.0273437500000000e-01   9.9999967454579686e-01   6.0000000028067457e-01  -3.4119234317769960e-08   0.0000000000000000e+00   0.0000000000000000e+00
0208   8.0664062500000000e-01   9.9999965142765257e-01   6.0000000030106515e-01  -3.3821696894732429e-08   0.0000000000000000e+00   0.0000000000000000e+00
0209   8.1054687500000000e-01   9.9999962851944735e-01   6.0000000032126921e-01  -3.3503630802496141e-08   0.0000000000000000e+00   0.0000000000000000e+00
0210   8.1445312500000000e-01   9.9999960583500502e-01   6.0000000034126788e-01  -3.3165236679738450e-08   0.0000000000000000e+00   0.0000000000000000e+00
0211   8.1835937500000000e-01   9.9999958338798134e-01   6.0000000036104462e-01  -3.2806729459933722e-08   0.0000000000000000e+00   0.0000000000000000e+00
0212   8.2226562500000000e-01   9.9999956119189026e-01   6.0000000038058454e-01  -3.2428338397260894e-08   0.0000000000000000e+00   0.0000000000000000e+00
0213   8.2617187500000000e-01   9.9999953926008944e-01   6.0000000039987367e-01  -3.2030305520505211e-08   0.0000000000000000e+00   0.0000000000000000e+00
0214   8.3007812500000000e-01   9.9999951760579175e-01   6.0000000041889812e-01  -3.1612883222904250e-08   0.0000000000000000e+00   0.0000000000000000e+00
0215   8.3398437500000000e-01   9.9999949624207196e-01   6.0000000043764601e-01  -3.1176337284241856e-08   0.0000000000000000e+00   0.0000000000000000e+00
0216   8.3789062500000000e-01   9.9999947518175070e-01   6.0000000045610524e-01  -3.0720943477934508e-08   0.0000000000000000e+00   0.0000000000000000e+00
0217   8.4179687500000000e-01   9.9999945443753890e-01   6.0000000047426527e-01  -3.0246989983105858e-08   0.0000000000000000e+00   0.0000000000000000e+00
0218   8.4570312500000000e-01   9.9999943402195168e-01   6.0000000049211633e-01  -2.9754774425004616e-08   0.0000000000000000e+00   0.0000000000000000e+00
0219   8.4960937500000000e-01   9.9999941394722525e-01   6.0000000050964852e-01  -2.9244604448005031e-08   0.0000000000000000e+00   0.0000000000000000e+00
0220   8.5351562500000000e-01   9.9999939422553075e-01   6.0000000052685332e-01  -2.8716799176115296e-08   0.0000000000000000e+00   0.0000000000000000e+00
0221   8.5742187500000000e-01   9.9999937486868051e-01   6.0000000054372227e-01  -2.8171684780576050e-08   0.0000000000000000e+00   0.0000000000000000e+00
0222   8.6132812500000000e-01   9.9999935588840461e-01   6.0000000056024705e-01  -2.7609598535366014e-08   0.0000000000000000e+00   0.0000000000000000e+00
0223   8.6523437500000000e-01   9.9999933729606794e-01   6.0000000057641956e-01  -2.7030886495695178e-08   0.0000000000000000e+00   0.0000000000000000e+00
0224   8.6914062500000000e-01   9.9999931910293971e-01   6.0000000059223257e-01  -2.6435903070366003e-08   0.0000000000000000e+00   0.0000000000000000e+00
0225   8.7304687500000000e-01   9.9999930131994375e-01   6.0000000060767855e-01  -2.5825012339128260e-08   0.0000000000000000e+00   0.0000000000000000e+00
0226   8.7695312500000000e-01   9.9999928395778470e-01   6.0000000062275027e-01  -2.5198585340482290e-08   0.0000000000000000e+00   0.0000000000000000e+00
0227   8.8085937500000000e-01   9.9999926702692776e-01   6.0000000063744041e-01  -2.4557002308725073e-08   0.0000000000000000e+00   0.0000000000000000e+00
0228   8.8476562500000000e-01   9.9999925053762351e-01   6.0000000065174230e-01  -2.3900651999388285e-08   0.0000000000000000e+00   0.0000000000000000e+00
0229   8.8867187500000000e-01   9.9999923449971095e-01   6.0000000066564840e-01  -2.3229930226794542e-08   0.0000000000000000e+00   0.0000000000000000e+00
0230   8.9257812500000000e-01   9.9999921892294763e-01   6.0000000067915227e-01  -2.2545242121814126e-08   0.0000000000000000e+00   0.0000000000000000e+00
0231   8.9648437500000000e-01   9.9999920381665552e-01   6.0000000069224657e-01  -2.1846999243098145e-08   0.0000000000000000e+00   0.0000000000000000e+00
0232   9.0039062500000000e-01   9.9999918918996222e-01   6.0000000070492454e-01  -2.1135621302937019e-08   0.0000000000000000e+00   0.0000000000000000e+00
0233   9.0429687500000000e-01   9.9999917505166847e-01   6.0000000071717963e-01  -2.0411535317545027e-08   0.0000000000000000e+00   0.0000000000000000e+00
0234   9.0820312500000000e-01   9.9999916141028489e-01   6.0000000072900472e-01  -1.9675176019255543e-08   0.0000000000000000e+00   0.0000000000000000e+00
0235   9.1210937500000000e-01   9.9999914827403480e-01   6.0000000074039350e-01  -1.8926984624836319e-08   0.0000000000000000e+00   0.0000000000000000e+00
0236   9.1601562500000000e-01   9.9999913565085263e-01   6.0000000075133919e-01  -1.8167410132733208e-08   0.0000000000000000e+00   0.0000000000000000e+00
0237   9.1992187500000000e-01   9.9999912354834308e-01   6.0000000076183524e-01  -1.7396907933589686e-08   0.0000000000000000e+00   0.0000000000000000e+00
0238   9.2382812500000000e-01   9.9999911197375690e-01   6.0000000077187587e-01  -1.6615939944112864e-08   0.0000000000000000e+00   0.0000000000000000e+00
0239   9.2773437500000000e-01   9.9999910093408129e-01   6.0000000078145477e-01  -1.5824973917334302e-08   0.0000000000000000e+00   0.0000000000000000e+00
0240   9.3164062500000000e-01   9.9999909043597579e-01   6.0000000079056603e-01  -1.5024484574598698e-08   0.0000000000000000e+00   0.0000000000000000e+00
0241   9.3554687500000000e-01   9.9999908048575370e-01   6.0000000079920413e-01  -1.4214951865219694e-08   0.0000000000000000e+00   0.0000000000000000e+00
0242   9.3945312500000000e-01   9.9999907108942243e-01   6.0000000080736360e-01  -1.3396861718811134e-08   0.0000000000000000e+00   0.0000000000000000e+00
0243   9.4335937500000000e-01   9.9999906225265400e-01   6.0000000081503968e-01  -1.2570705453120627e-08   0.0000000000000000e+00   0.0000000000000000e+00
0244   9.4726562500000000e-01   9.9999905398073008e-01   6.0000000082222682e-01  -1.1736978806195256e-08   0.0000000000000000e+00   0.0000000000000000e+00
0245   9.5117187500000000e-01   9.9999904627865754e-01   6.0000000082892102e-01  -1.0896183573520183e-08   0.0000000000000000e+00   0.0000000000000000e+00
0246   9.5507812500000000e-01   9.9999903915108812e-01   6.0000000083511806e-01  -1.0048823914826767e-08   0.0000000000000000e+00   0.0000000000000000e+00
0247   9.5898437500000000e-01   9.9999903260228185e-01   6.0000000084081362e-01  -9.1954098114477352e-09   0.0000000000000000e+00   0.0000000000000000e+00
0248   9.6289062500000000e-01   9.9999902663621565e-01   6.0000000084600436e-01  -8.3364552682165169e-09   0.0000000000000000e+00   0.0000000000000000e+00
0249   9.6679687500000000e-01   9.9999902125645324e-01   6.0000000085068705e-01  -7.4724765504263301e-09   0.0000000000000000e+00   0.0000000000000000e+00
0250   9.7070312500000000e-01   9.9999901646625722e-01   6.0000000085485905e-01  -6.6039945914216464e-09   0.0000000000000000e+00   0.0000000000000000e+00
0251   9.7460937500000000e-01   9.9999901226849608e-01   6.0000000085851724e-01  -5.7315306178210609e-09   0.0000000000000000e+00   0.0000000000000000e+00
0252   9.7851562500000000e-01   9.9999900866573632e-01   6.0000000086166083e-01  -4.8556161538146499e-09   0.0000000000000000e+00   0.0000000000000000e+00
0253   9.8242187500000000e-01   9.9999900566010225e-01   6.0000000086428729e-01  -3.9767603662048714e-09   0.0000000000000000e+00   0.0000000000000000e+00
0254   9.8632812500000000e-01   9.9999900325342117e-01   6.0000000086639305e-01  -3.0955489581966338e-09   0.0000000000000000e+00   0.0000000000000000e+00
0255   9.9023437500000000e-01   9.9999900144718001e-01   6.0000000086799943e-01  -2.2123515042825872e-09   0.0000000000000000e+00   0.0000000000000000e+00
0256   9.9414062500000000e-01   9.9999900024236588e-01   6.0000000086903094e-01  -1.3281191854303678e-09   0.0000000000000000e+00   0.0000000000000000e+00
0257   9.9804687500000000e-01   9.9999899963994532e-01   6.0000000086971739e-01  -4.4237608505950516e-10   0.0000000000000000e+00   0.0000000000000000e+00
