# Athena++ data at time=1.397519e+02  cycle=71553  variables=prim 
# i       x1v         rho          press          vel1         vel2         vel3     
0002   1.9531250000000000e-03   9.9999903477662955e-01   6.0000003600641350e-01  -1.8538324913982316e-11   0.0000000000000000e+00   0.0000000000000000e+00
0003   5.8593750000000000e-03   9.9999903535858647e-01   6.0000003598529839e-01  -2.9734583615891199e-11   0.0000000000000000e+00   0.0000000000000000e+00
0004   9.7656250000000000e-03   9.9999903652224809e-01   6.0000003594311380e-01  -5.2412916096346152e-11   0.0000000000000000e+00   0.0000000000000000e+00
0005   1.3671875000000000e-02   9.9999903826681713e-01   6.0000003587980411e-01  -7.1794260437938040e-11   0.0000000000000000e+00   0.0000000000000000e+00
0006   1.7578125000000000e-02   9.9999904059081102e-01   6.0000003579502770e-01  -9.2764903108095773e-11   0.0000000000000000e+00   0.0000000000000000e+00
0007   2.1484375000000000e-02   9.9999904349300583e-01   6.0000003568896210e-01  -1.1355425525454978e-10   0.0000000000000000e+00   0.0000000000000000e+00
0008   2.5390625000000000e-02   9.9999904697137687e-01   6.0000003556141812e-01  -1.3460808427099387e-10   0.0000000000000000e+00   0.0000000000000000e+00
0009   2.9296875000000000e-02   9.9999905102380993e-01   6.0000003541244473e-01  -1.5568335912373172e-10   0.0000000000000000e+00   0.0000000000000000e+00
0010   3.3203125000000000e-02   9.9999905564778990e-01   6.0000003524204792e-01  -1.7677563895167185e-10   0.0000000000000000e+00   0.0000000000000000e+00
0011   3.7109375000000000e-02   9.9999906084048573e-01   6.0000003505030719e-01  -1.9782797453375833e-10   0.0000000000000000e+00   0.0000000000000000e+00
0012   4.1015625000000000e-02   9.9999906659876325e-01   6.0000003483731768e-01  -2.1881937333193209e-10   0.0000000000000000e+00   0.0000000000000000e+00
0013   4.4921875000000000e-02   9.9999907291913204e-01   6.0000003460319973e-01  -2.3972663369524921e-10   0.0000000000000000e+00   0.0000000000000000e+00
0014   4.8828125000000000e-02   9.9999907979780178e-01   6.0000003434808569e-01  -2.6052988194316618e-10   0.0000000000000000e+00   0.0000000000000000e+00
0015   5.2734375000000000e-02   9.9999908723059150e-01   6.0000003407212188e-01  -2.8120633863213432e-10   0.0000000000000000e+00   0.0000000000000000e+00
0016   5.6640625000000000e-02   9.9999909521304742e-01   6.0000003377546929e-01  -3.0173276762306672e-10   0.0000000000000000e+00   0.0000000000000000e+00
0017   6.0546875000000000e-02   9.9999910374033107e-01   6.0000003345830533e-01  -3.2208759223067418e-10   0.0000000000000000e+00   0.0000000000000000e+00
0018   6.4453125000000000e-02   9.9999911280733300e-01   6.0000003312082384e-01  -3.4225048054964208e-10   0.0000000000000000e+00   0.0000000000000000e+00
0019   6.8359375000000000e-02   9.9999912240860700e-01   6.0000003276323466e-01  -3.6220413161990351e-10   0.0000000000000000e+00   0.0000000000000000e+00
0020   7.2265625000000000e-02   9.9999913253837214e-01   6.0000003238576094e-01  -3.8193185461983708e-10   0.0000000000000000e+00   0.0000000000000000e+00
0021   7.6171875000000000e-02   9.9999914319047600e-01   6.0000003198864005e-01  -4.0141809437874935e-10   0.0000000000000000e+00   0.0000000000000000e+00
0022   8.0078125000000000e-02   9.9999915435860087e-01   6.0000003157212112e-01  -4.2064743268749215e-10   0.0000000000000000e+00   0.0000000000000000e+00
0023   8.3984375000000000e-02   9.9999916603596639e-01   6.0000003113646594e-01  -4.3960530684312644e-10   0.0000000000000000e+00   0.0000000000000000e+00
0024   8.7890625000000000e-02   9.9999917821558493e-01   6.0000003068194807e-01  -4.5827850828933991e-10   0.0000000000000000e+00   0.0000000000000000e+00
0025   9.1796875000000000e-02   9.9999919089010425e-01   6.0000003020885340e-01  -4.7665419483801619e-10   0.0000000000000000e+00   0.0000000000000000e+00
0026   9.5703125000000000e-02   9.9999920405192877e-01   6.0000002971747890e-01  -4.9471995002185174e-10   0.0000000000000000e+00   0.0000000000000000e+00
0027   9.9609375000000000e-02   9.9999921769313760e-01   6.0000002920813278e-01  -5.1246548585369520e-10   0.0000000000000000e+00   0.0000000000000000e+00
0028   1.0351562500000000e-01   9.9999923180554073e-01   6.0000002868113289e-01  -5.2988017723174734e-10   0.0000000000000000e+00   0.0000000000000000e+00
0029   1.0742187500000000e-01   9.9999924638058890e-01   6.0000002813680786e-01  -5.4695350677013990e-10   0.0000000000000000e+00   0.0000000000000000e+00
0030   1.1132812500000000e-01   9.9999926140954853e-01   6.0000002757549631e-01  -5.6367633388142265e-10   0.0000000000000000e+00   0.0000000000000000e+00
0031   1.1523437500000000e-01   9.9999927688341117e-01   6.0000002699754540e-01  -5.8003952347616110e-10   0.0000000000000000e+00   0.0000000000000000e+00
0032   1.1914062500000000e-01   9.9999929279280608e-01   6.0000002640331274e-01  -5.9603485220158106e-10   0.0000000000000000e+00   0.0000000000000000e+00
0033   1.2304687500000000e-01   9.9999930912820489e-01   6.0000002579316425e-01  -6.1165360990432643e-10   0.0000000000000000e+00   0.0000000000000000e+00
0034   1.2695312500000000e-01   9.9999932587973073e-01   6.0000002516747497e-01  -6.2688882013282423e-10   0.0000000000000000e+00   0.0000000000000000e+00
0035   1.3085937500000000e-01   9.9999934303735227e-01   6.0000002452662871e-01  -6.4173232471823109e-10   0.0000000000000000e+00   0.0000000000000000e+00
0036   1.3476562500000000e-01   9.9999936059068850e-01   6.0000002387101625e-01  -6.5617723870231173e-10   0.0000000000000000e+00   0.0000000000000000e+00
0037   1.3867187500000000e-01   9.9999937852920806e-01   6.0000002320103796e-01  -6.7021672258803995e-10   0.0000000000000000e+00   0.0000000000000000e+00
0038   1.4257812500000000e-01   9.9999939684208039e-01   6.0000002251710083e-01  -6.8384387805822909e-10   0.0000000000000000e+00   0.0000000000000000e+00
0039   1.4648437500000000e-01   9.9999941551829996e-01   6.0000002181962031e-01  -6.9705194764747754e-10   0.0000000000000000e+00   0.0000000000000000e+00
0040   1.5039062500000000e-01   9.9999943454662898e-01   6.0000002110901840e-01  -7.0983515380630561e-10   0.0000000000000000e+00   0.0000000000000000e+00
0041   1.5429687500000000e-01   9.9999945391557665e-01   6.0000002038572497e-01  -7.2218645190111682e-10   0.0000000000000000e+00   0.0000000000000000e+00
0042   1.5820312500000000e-01   9.9999947361345576e-01   6.0000001965017702e-01  -7.3410028177043492e-10   0.0000000000000000e+00   0.0000000000000000e+00
0043   1.6210937500000000e-01   9.9999949362847096e-01   6.0000001890281773e-01  -7.4557040791872477e-10   0.0000000000000000e+00   0.0000000000000000e+00
0044   1.6601562500000000e-01   9.9999951394853626e-01   6.0000001814409731e-01  -7.5659089570326040e-10   0.0000000000000000e+00   0.0000000000000000e+00
0045   1.6992187500000000e-01   9.9999953456139690e-01   6.0000001737447206e-01  -7.6715649805563462e-10   0.0000000000000000e+00   0.0000000000000000e+00
0046   1.7382812500000000e-01   9.9999955545463581e-01   6.0000001659440494e-01  -7.7726129789154150e-10   0.0000000000000000e+00   0.0000000000000000e+00
0047   1.7773437500000000e-01   9.9999957661569072e-01   6.0000001580436457e-01  -7.8690074762670082e-10   0.0000000000000000e+00   0.0000000000000000e+00
0048   1.8164062500000000e-01   9.9999959803179028e-01   6.0000001500482558e-01  -7.9606861156657858e-10   0.0000000000000000e+00   0.0000000000000000e+00
0049   1.8554687500000000e-01   9.9999961969003914e-01   6.0000001419626769e-01  -8.0476065859734514e-10   0.0000000000000000e+00   0.0000000000000000e+00
0050   1.8945312500000000e-01   9.9999964157740118e-01   6.0000001337917641e-01  -8.1297135789079262e-10   0.0000000000000000e+00   0.0000000000000000e+00
0051   1.9335937500000000e-01   9.9999966368066195e-01   6.0000001255404223e-01  -8.2069643094135045e-10   0.0000000000000000e+00   0.0000000000000000e+00
0052   1.9726562500000000e-01   9.9999968598651012e-01   6.0000001172136086e-01  -8.2793082840471015e-10   0.0000000000000000e+00   0.0000000000000000e+00
0053   2.0117187500000000e-01   9.9999970848154807e-01   6.0000001088163146e-01  -8.3467036532428959e-10   0.0000000000000000e+00   0.0000000000000000e+00
0054   2.0507812500000000e-01   9.9999973115218266e-01   6.0000001003535852e-01  -8.4091124019023147e-10   0.0000000000000000e+00   0.0000000000000000e+00
0055   2.0898437500000000e-01   9.9999975398478891e-01   6.0000000918305019e-01  -8.4664911438897714e-10   0.0000000000000000e+00   0.0000000000000000e+00
0056   2.1289062500000000e-01   9.9999977696558040e-01   6.0000000832521827e-01  -8.5188069531917896e-10   0.0000000000000000e+00   0.0000000000000000e+00
0057   2.1679687500000000e-01   9.9999980008074463e-01   6.0000000746237803e-01  -8.5660290545955274e-10   0.0000000000000000e+00   0.0000000000000000e+00
0058   2.2070312500000000e-01   9.9999982331628434e-01   6.0000000659504837e-01  -8.6081272970721974e-10   0.0000000000000000e+00   0.0000000000000000e+00
0059   2.2460937500000000e-01   9.9999984665830277e-01   6.0000000572374879e-01  -8.6450792716320242e-10   0.0000000000000000e+00   0.0000000000000000e+00
0060   2.2851562500000000e-01   9.9999987009270186e-01   6.0000000484900984e-01  -8.6768614899258008e-10   0.0000000000000000e+00   0.0000000000000000e+00
0061   2.3242187500000000e-01   9.9999989360533470e-01   6.0000000397133846e-01  -8.7034555334957362e-10   0.0000000000000000e+00   0.0000000000000000e+00
0062   2.3632812500000000e-01   9.9999991718207459e-01   6.0000000309131807e-01  -8.7248204006664983e-10   0.0000000000000000e+00   0.0000000000000000e+00
0063   2.4023437500000000e-01   9.9999994080859056e-01   6.0000000220932070e-01  -8.7411662826364218e-10   0.0000000000000000e+00   0.0000000000000000e+00
0064   2.4414062500000000e-01   9.9999996447107764e-01   6.0000000132628384e-01  -8.7517386427055495e-10   0.0000000000000000e+00   0.0000000000000000e+00
0065   2.4804687500000000e-01   9.9999998815426761e-01   6.0000000044176527e-01  -8.7588158977496647e-10   0.0000000000000000e+00   0.0000000000000000e+00
0066   2.5195312500000000e-01   1.0000000118457972e+00   5.9999999955818750e-01  -8.7590158292093372e-10   0.0000000000000000e+00   0.0000000000000000e+00
0067   2.5585937500000000e-01   1.0000000355289598e+00   5.9999999867367049e-01  -8.7523384590484465e-10   0.0000000000000000e+00   0.0000000000000000e+00
0068   2.5976562500000000e-01   1.0000000591914362e+00   5.9999999779063418e-01  -8.7421597158549414e-10   0.0000000000000000e+00   0.0000000000000000e+00
0069   2.6367187500000000e-01   1.0000000828179512e+00   5.9999999690863703e-01  -8.7262071873002354e-10   0.0000000000000000e+00   0.0000000000000000e+00
0070   2.6757812500000000e-01   1.0000001063947310e+00   5.9999999602861742e-01  -8.7052414141708213e-10   0.0000000000000000e+00   0.0000000000000000e+00
0071   2.7148437500000000e-01   1.0000001299073393e+00   5.9999999515094704e-01  -8.6790395811947005e-10   0.0000000000000000e+00   0.0000000000000000e+00
0072   2.7539062500000000e-01   1.0000001533417620e+00   5.9999999427620920e-01  -8.6476464580412081e-10   0.0000000000000000e+00   0.0000000000000000e+00
0073   2.7929687500000000e-01   1.0000001766837510e+00   5.9999999340491128e-01  -8.6110793873103128e-10   0.0000000000000000e+00   0.0000000000000000e+00
0074   2.8320312500000000e-01   1.0000001999193280e+00   5.9999999253758318e-01  -8.5693455059627589e-10   0.0000000000000000e+00   0.0000000000000000e+00
0075   2.8710937500000000e-01   1.0000002230344858e+00   5.9999999167474438e-01  -8.5224873815076774e-10   0.0000000000000000e+00   0.0000000000000000e+00
0076   2.9101562500000000e-01   1.0000002460152229e+00   5.9999999081691391e-01  -8.4705199295931935e-10   0.0000000000000000e+00   0.0000000000000000e+00
0077   2.9492187500000000e-01   1.0000002688478293e+00   5.9999998996460679e-01  -8.4134791798342728e-10   0.0000000000000000e+00   0.0000000000000000e+00
0078   2.9882812500000000e-01   1.0000002915185202e+00   5.9999998911833519e-01  -8.3513969780285297e-10   0.0000000000000000e+00   0.0000000000000000e+00
0079   3.0273437500000000e-01   1.0000003140135145e+00   5.9999998827860723e-01  -8.2843133936605744e-10   0.0000000000000000e+00   0.0000000000000000e+00
0080   3.0664062500000000e-01   1.0000003363193819e+00   5.9999998744592675e-01  -8.2122661043670376e-10   0.0000000000000000e+00   0.0000000000000000e+00
0081   3.1054687500000000e-01   1.0000003584226795e+00   5.9999998662079379e-01  -8.1353014641982606e-10   0.0000000000000000e+00   0.0000000000000000e+00
0082   3.1445312500000000e-01   1.0000003803100288e+00   5.9999998580370362e-01  -8.0534599399238654e-10   0.0000000000000000e+00   0.0000000000000000e+00
0083   3.1835937500000000e-01   1.0000004019682303e+00   5.9999998499514673e-01  -7.9667914261224855e-10   0.0000000000000000e+00   0.0000000000000000e+00
0084   3.2226562500000000e-01   1.0000004233843556e+00   5.9999998419560829e-01  -7.8753434367165597e-10   0.0000000000000000e+00   0.0000000000000000e+00
0085   3.2617187500000000e-01   1.0000004445454098e+00   5.9999998340556848e-01  -7.7791691147404456e-10   0.0000000000000000e+00   0.0000000000000000e+00
0086   3.3007812500000000e-01   1.0000004654386472e+00   5.9999998262550169e-01  -7.6783148232039465e-10   0.0000000000000000e+00   0.0000000000000000e+00
0087   3.3398437500000000e-01   1.0000004860515133e+00   5.9999998185587688e-01  -7.5728379841175218e-10   0.0000000000000000e+00   0.0000000000000000e+00
0088   3.3789062500000000e-01   1.0000005063715360e+00   5.9999998109715669e-01  -7.4627959279805099e-10   0.0000000000000000e+00   0.0000000000000000e+00
0089   3.4179687500000000e-01   1.0000005263865486e+00   5.9999998034979751e-01  -7.3482422638129997e-10   0.0000000000000000e+00   0.0000000000000000e+00
0090   3.4570312500000000e-01   1.0000005460844599e+00   5.9999997961424956e-01  -7.2292367292779826e-10   0.0000000000000000e+00   0.0000000000000000e+00
0091   3.4960937500000000e-01   1.0000005654533939e+00   5.9999997889095613e-01  -7.1058353626063946e-10   0.0000000000000000e+00   0.0000000000000000e+00
0092   3.5351562500000000e-01   1.0000005844817104e+00   5.9999997818035444e-01  -6.9781083099030845e-10   0.0000000000000000e+00   0.0000000000000000e+00
0093   3.5742187500000000e-01   1.0000006031579283e+00   5.9999997748287393e-01  -6.8461077749008849e-10   0.0000000000000000e+00   0.0000000000000000e+00
0094   3.6132812500000000e-01   1.0000006214707919e+00   5.9999997679893713e-01  -6.7099023479105541e-10   0.0000000000000000e+00   0.0000000000000000e+00
0095   3.6523437500000000e-01   1.0000006394093286e+00   5.9999997612895883e-01  -6.5695562591332302e-10   0.0000000000000000e+00   0.0000000000000000e+00
0096   3.6914062500000000e-01   1.0000006569626503e+00   5.9999997547334705e-01  -6.4251388707390777e-10   0.0000000000000000e+00   0.0000000000000000e+00
0097   3.7304687500000000e-01   1.0000006741202807e+00   5.9999997483250100e-01  -6.2767148564415973e-10   0.0000000000000000e+00   0.0000000000000000e+00
0098   3.7695312500000000e-01   1.0000006908718011e+00   5.9999997420681273e-01  -6.1243594014873123e-10   0.0000000000000000e+00   0.0000000000000000e+00
0099   3.8085937500000000e-01   1.0000007072072150e+00   5.9999997359666501e-01  -5.9681455187840912e-10   0.0000000000000000e+00   0.0000000000000000e+00
0100   3.8476562500000000e-01   1.0000007231166204e+00   5.9999997300243291e-01  -5.8081522846679056e-10   0.0000000000000000e+00   0.0000000000000000e+00
0101   3.8867187500000000e-01   1.0000007385904406e+00   5.9999997242448255e-01  -5.6444615806275387e-10   0.0000000000000000e+00   0.0000000000000000e+00
0102   3.9257812500000000e-01   1.0000007536194464e+00   5.9999997186317144e-01  -5.4771586142703350e-10   0.0000000000000000e+00   0.0000000000000000e+00
0103   3.9648437500000000e-01   1.0000007681944396e+00   5.9999997131884708e-01  -5.3063321200827736e-10   0.0000000000000000e+00   0.0000000000000000e+00
0104   4.0039062500000000e-01   1.0000007823068116e+00   5.9999997079184764e-01  -5.1320746110272470e-10   0.0000000000000000e+00   0.0000000000000000e+00
0105   4.0429687500000000e-01   1.0000007959480297e+00   5.9999997028250229e-01  -4.9544912482838319e-10   0.0000000000000000e+00   0.0000000000000000e+00
0106   4.0820312500000000e-01   1.0000008091098578e+00   5.9999996979112891e-01  -4.7736852876913823e-10   0.0000000000000000e+00   0.0000000000000000e+00
0107   4.1210937500000000e-01   1.0000008217844059e+00   5.9999996931803523e-01  -4.5897655533458469e-10   0.0000000000000000e+00   0.0000000000000000e+00
0108   4.1601562500000000e-01   1.0000008339640101e+00   5.9999996886351825e-01  -4.4028565637579116e-10   0.0000000000000000e+00   0.0000000000000000e+00
0109   4.1992187500000000e-01   1.0000008456414013e+00   5.9999996842786385e-01  -4.2130803867063398e-10   0.0000000000000000e+00   0.0000000000000000e+00
0110   4.2382812500000000e-01   1.0000008568095071e+00   5.9999996801134581e-01  -4.0205750461659967e-10   0.0000000000000000e+00   0.0000000000000000e+00
0111   4.2773437500000000e-01   1.0000008674616341e+00   5.9999996761422558e-01  -3.8254902429695282e-10   0.0000000000000000e+00   0.0000000000000000e+00
0112   4.3164062500000000e-01   1.0000008775913327e+00   5.9999996723675253e-01  -3.6279723093813603e-10   0.0000000000000000e+00   0.0000000000000000e+00
0113   4.3554687500000000e-01   1.0000008871926038e+00   5.9999996687916346e-01  -3.4281849655772500e-10   0.0000000000000000e+00   0.0000000000000000e+00
0114   4.3945312500000000e-01   1.0000008962596101e+00   5.9999996654168242e-01  -3.2262880117186820e-10   0.0000000000000000e+00   0.0000000000000000e+00
0115   4.4335937500000000e-01   1.0000009047869249e+00   5.9999996622451879e-01  -3.0224641128883683e-10   0.0000000000000000e+00   0.0000000000000000e+00
0116   4.4726562500000000e-01   1.0000009127693659e+00   5.9999996592786642e-01  -2.8169087318760375e-10   0.0000000000000000e+00   0.0000000000000000e+00
0117   4.5117187500000000e-01   1.0000009202021944e+00   5.9999996565190261e-01  -2.6098465429359563e-10   0.0000000000000000e+00   0.0000000000000000e+00
0118   4.5507812500000000e-01   1.0000009270808490e+00   5.9999996539678835e-01  -2.4015087544422924e-10   0.0000000000000000e+00   0.0000000000000000e+00
0119   4.5898437500000000e-01   1.0000009334011961e+00   5.9999996516267007e-01  -2.1921216340439909e-10   0.0000000000000000e+00   0.0000000000000000e+00
0120   4.6289062500000000e-01   1.0000009391595015e+00   5.9999996494968066e-01  -1.9818820180908821e-10   0.0000000000000000e+00   0.0000000000000000e+00
0121   4.6679687500000000e-01   1.0000009443521987e+00   5.9999996475793982e-01  -1.7710192764156324e-10   0.0000000000000000e+00   0.0000000000000000e+00
0122   4.7070312500000000e-01   1.0000009489761505e+00   5.9999996458754279e-01  -1.5597529811915136e-10   0.0000000000000000e+00   0.0000000000000000e+00
0123   4.7460937500000000e-01   1.0000009530285814e+00   5.9999996443856951e-01  -1.3486414066532952e-10   0.0000000000000000e+00   0.0000000000000000e+00
0124   4.7851562500000000e-01   1.0000009565069536e+00   5.9999996431102576e-01  -1.1377382343194002e-10   0.0000000000000000e+00   0.0000000000000000e+00
0125   4.8242187500000000e-01   1.0000009594091106e+00   5.9999996420495993e-01  -9.2946329665001210e-11   0.0000000000000000e+00   0.0000000000000000e+00
0126   4.8632812500000000e-01   1.0000009617331376e+00   5.9999996412018353e-01  -7.1936857257605124e-11   0.0000000000000000e+00   0.0000000000000000e+00
0127   4.9023437500000000e-01   1.0000009634776972e+00   5.9999996405687395e-01  -5.2515018740855698e-11   0.0000000000000000e+00   0.0000000000000000e+00
0128   4.9414062500000000e-01   1.0000009646413623e+00   5.9999996401468969e-01  -2.9795538670128411e-11   0.0000000000000000e+00   0.0000000000000000e+00
0129   4.9804687500000000e-01   1.0000009652233057e+00   5.9999996399357369e-01  -1.8557632404345220e-11   0.0000000000000000e+00   0.0000000000000000e+00
0130   5.0195312500000000e-01   1.0000009652232926e+00   5.9999996399357391e-01   1.8559495188336435e-11   0.0000000000000000e+00   0.0000000000000000e+00
0131   5.0585937500000000e-01   1.0000009646413841e+00   5.9999996401468980e-01   2.9797177919630087e-11   0.0000000000000000e+00   0.0000000000000000e+00
0132   5.0976562500000000e-01   1.0000009634776685e+00   5.9999996405687428e-01   5.2516546223143143e-11   0.0000000000000000e+00   0.0000000000000000e+00
0133   5.1367187500000000e-01   1.0000009617331078e+00   5.9999996412018353e-01   7.1938012182348530e-11   0.0000000000000000e+00   0.0000000000000000e+00
0134   5.1757812500000000e-01   1.0000009594091286e+00   5.9999996420495949e-01   9.2947559101225096e-11   0.0000000000000000e+00   0.0000000000000000e+00
0135   5.2148437500000000e-01   1.0000009565069288e+00   5.9999996431102487e-01   1.1377464305487706e-10   0.0000000000000000e+00   0.0000000000000000e+00
0136   5.2539062500000000e-01   1.0000009530285503e+00   5.9999996443856807e-01   1.3486484852103351e-10   0.0000000000000000e+00   0.0000000000000000e+00
0137   5.2929687500000000e-01   1.0000009489761401e+00   5.9999996458754135e-01   1.5597567067318482e-10   0.0000000000000000e+00   0.0000000000000000e+00
0138   5.3320312500000000e-01   1.0000009443521714e+00   5.9999996475793793e-01   1.7710233745125873e-10   0.0000000000000000e+00   0.0000000000000000e+00
0139   5.3710937500000000e-01   1.0000009391594831e+00   5.9999996494967844e-01   1.9818820180548220e-10   0.0000000000000000e+00   0.0000000000000000e+00
0140   5.4101562500000000e-01   1.0000009334011899e+00   5.9999996516266785e-01   2.1921171633188641e-10   0.0000000000000000e+00   0.0000000000000000e+00
0141   5.4492187500000000e-01   1.0000009270808194e+00   5.9999996539678579e-01   2.4015065190637544e-10   0.0000000000000000e+00   0.0000000000000000e+00
0142   5.4882812500000000e-01   1.0000009202021627e+00   5.9999996565189972e-01   2.6098439349972985e-10   0.0000000000000000e+00   0.0000000000000000e+00
0143   5.5273437500000000e-01   1.0000009127693736e+00   5.9999996592786331e-01   2.8169042611549309e-10   0.0000000000000000e+00   0.0000000000000000e+00
0144   5.5664062500000000e-01   1.0000009047869165e+00   5.9999996622451568e-01   3.0224574068167247e-10   0.0000000000000000e+00   0.0000000000000000e+00
0145   5.6054687500000000e-01   1.0000008962596123e+00   5.9999996654167953e-01   3.2262809330946844e-10   0.0000000000000000e+00   0.0000000000000000e+00
0146   5.6445312500000000e-01   1.0000008871926249e+00   5.9999996687916080e-01   3.4281786320656729e-10   0.0000000000000000e+00   0.0000000000000000e+00
0147   5.6835937500000000e-01   1.0000008775913538e+00   5.9999996723674986e-01   3.6279697014466114e-10   0.0000000000000000e+00   0.0000000000000000e+00
0148   5.7226562500000000e-01   1.0000008674616092e+00   5.9999996761422292e-01   3.8254906154931920e-10   0.0000000000000000e+00   0.0000000000000000e+00
0149   5.7617187500000000e-01   1.0000008568094507e+00   5.9999996801134348e-01   4.0205761638086081e-10   0.0000000000000000e+00   0.0000000000000000e+00
0150   5.8007812500000000e-01   1.0000008456414025e+00   5.9999996842786196e-01   4.2130815043470460e-10   0.0000000000000000e+00   0.0000000000000000e+00
0151   5.8398437500000000e-01   1.0000008339639741e+00   5.9999996886351670e-01   4.4028554460539912e-10   0.0000000000000000e+00   0.0000000000000000e+00
0152   5.8789062500000000e-01   1.0000008217843961e+00   5.9999996931803379e-01   4.5897674161056895e-10   0.0000000000000000e+00   0.0000000000000000e+00
0153   5.9179687500000000e-01   1.0000008091098540e+00   5.9999996979112769e-01   4.7736860327766538e-10   0.0000000000000000e+00   0.0000000000000000e+00
0154   5.9570312500000000e-01   1.0000007959479946e+00   5.9999997028250140e-01   4.9544919933670406e-10   0.0000000000000000e+00   0.0000000000000000e+00
0155   5.9960937500000000e-01   1.0000007823068298e+00   5.9999997079184708e-01   5.1320790816859144e-10   0.0000000000000000e+00   0.0000000000000000e+00
0156   6.0351562500000000e-01   1.0000007681944751e+00   5.9999997131884641e-01   5.3063369632983074e-10   0.0000000000000000e+00   0.0000000000000000e+00
0157   6.0742187500000000e-01   1.0000007536193789e+00   5.9999997186317089e-01   5.4771668105070533e-10   0.0000000000000000e+00   0.0000000000000000e+00
0158   6.1132812500000000e-01   1.0000007385904430e+00   5.9999997242448233e-01   5.6444742475575306e-10   0.0000000000000000e+00   0.0000000000000000e+00
0159   6.1523437500000000e-01   1.0000007231165879e+00   5.9999997300243280e-01   5.8081668143885044e-10   0.0000000000000000e+00   0.0000000000000000e+00
0160   6.1914062500000000e-01   1.0000007072071815e+00   5.9999997359666490e-01   5.9681596759421038e-10   0.0000000000000000e+00   0.0000000000000000e+00
0161   6.2304687500000000e-01   1.0000006908718169e+00   5.9999997420681250e-01   6.1243746763239258e-10   0.0000000000000000e+00   0.0000000000000000e+00
0162   6.2695312500000000e-01   1.0000006741202661e+00   5.9999997483250100e-01   6.2767319940649900e-10   0.0000000000000000e+00   0.0000000000000000e+00
0163   6.3085937500000000e-01   1.0000006569626856e+00   5.9999997547334727e-01   6.4251563809224449e-10   0.0000000000000000e+00   0.0000000000000000e+00
0164   6.3476562500000000e-01   1.0000006394093452e+00   5.9999997612895906e-01   6.5695767497765708e-10   0.0000000000000000e+00   0.0000000000000000e+00
0165   6.3867187500000000e-01   1.0000006214708081e+00   5.9999997679893702e-01   6.7099261915755838e-10   0.0000000000000000e+00   0.0000000000000000e+00
0166   6.4257812500000000e-01   1.0000006031579218e+00   5.9999997748287381e-01   6.8461286381062649e-10   0.0000000000000000e+00   0.0000000000000000e+00
0167   6.4648437500000000e-01   1.0000005844817195e+00   5.9999997818035433e-01   6.9781306633366888e-10   0.0000000000000000e+00   0.0000000000000000e+00
0168   6.5039062500000000e-01   1.0000005654534041e+00   5.9999997889095591e-01   7.1058584611539332e-10   0.0000000000000000e+00   0.0000000000000000e+00
0169   6.5429687500000000e-01   1.0000005460844763e+00   5.9999997961424911e-01   7.2292590827139878e-10   0.0000000000000000e+00   0.0000000000000000e+00
0170   6.5820312500000000e-01   1.0000005263865579e+00   5.9999998034979674e-01   7.3482631270177644e-10   0.0000000000000000e+00   0.0000000000000000e+00
0171   6.6210937500000000e-01   1.0000005063715547e+00   5.9999998109715580e-01   7.4628153009598027e-10   0.0000000000000000e+00   0.0000000000000000e+00
0172   6.6601562500000000e-01   1.0000004860515113e+00   5.9999998185587600e-01   7.5728607101108793e-10   0.0000000000000000e+00   0.0000000000000000e+00
0173   6.6992187500000000e-01   1.0000004654386350e+00   5.9999998262550058e-01   7.6783353138600184e-10   0.0000000000000000e+00   0.0000000000000000e+00
0174   6.7382812500000000e-01   1.0000004445453952e+00   5.9999998340556693e-01   7.7791914681793738e-10   0.0000000000000000e+00   0.0000000000000000e+00
0175   6.7773437500000000e-01   1.0000004233843454e+00   5.9999998419560596e-01   7.8753695157379054e-10   0.0000000000000000e+00   0.0000000000000000e+00
0176   6.8164062500000000e-01   1.0000004019682518e+00   5.9999998499514395e-01   7.9668137795720037e-10   0.0000000000000000e+00   0.0000000000000000e+00
0177   6.8554687500000000e-01   1.0000003803099968e+00   5.9999998580370073e-01   8.0534819208150428e-10   0.0000000000000000e+00   0.0000000000000000e+00
0178   6.8945312500000000e-01   1.0000003584226536e+00   5.9999998662079079e-01   8.1353249353186891e-10   0.0000000000000000e+00   0.0000000000000000e+00
0179   6.9335937500000000e-01   1.0000003363194019e+00   5.9999998744592320e-01   8.2122862224684497e-10   0.0000000000000000e+00   0.0000000000000000e+00
0180   6.9726562500000000e-01   1.0000003140135010e+00   5.9999998827860335e-01   8.2843350019901964e-10   0.0000000000000000e+00   0.0000000000000000e+00
0181   7.0117187500000000e-01   1.0000002915185051e+00   5.9999998911833108e-01   8.3514148607867885e-10   0.0000000000000000e+00   0.0000000000000000e+00
0182   7.0507812500000000e-01   1.0000002688478506e+00   5.9999998996460258e-01   8.4134940821360995e-10   0.0000000000000000e+00   0.0000000000000000e+00
0183   7.0898437500000000e-01   1.0000002460152548e+00   5.9999999081690947e-01   8.4705348318993588e-10   0.0000000000000000e+00   0.0000000000000000e+00
0184   7.1289062500000000e-01   1.0000002230344696e+00   5.9999999167474016e-01   8.5225011661316011e-10   0.0000000000000000e+00   0.0000000000000000e+00
0185   7.1679687500000000e-01   1.0000001999193320e+00   5.9999999253757919e-01   8.5693611533818463e-10   0.0000000000000000e+00   0.0000000000000000e+00
0186   7.2070312500000000e-01   1.0000001766837596e+00   5.9999999340490728e-01   8.6110894463604910e-10   0.0000000000000000e+00   0.0000000000000000e+00
0187   7.2460937500000000e-01   1.0000001533417302e+00   5.9999999427620543e-01   8.6476565170994917e-10   0.0000000000000000e+00   0.0000000000000000e+00
0188   7.2851562500000000e-01   1.0000001299073580e+00   5.9999999515094338e-01   8.6790488951401654e-10   0.0000000000000000e+00   0.0000000000000000e+00
0189   7.3242187500000000e-01   1.0000001063947082e+00   5.9999999602861409e-01   8.7052484927664483e-10   0.0000000000000000e+00   0.0000000000000000e+00
0190   7.3632812500000000e-01   1.0000000828179876e+00   5.9999999690863370e-01   8.7262138933428258e-10   0.0000000000000000e+00   0.0000000000000000e+00
0191   7.4023437500000000e-01   1.0000000591914373e+00   5.9999999779063096e-01   8.7421593432907349e-10   0.0000000000000000e+00   0.0000000000000000e+00
0192   7.4414062500000000e-01   1.0000000355289633e+00   5.9999999867366760e-01   8.7523347334645061e-10   0.0000000000000000e+00   0.0000000000000000e+00
0193   7.4804687500000000e-01   1.0000000118458059e+00   5.9999999955818473e-01   8.7590094957270449e-10   0.0000000000000000e+00   0.0000000000000000e+00
0194   7.5195312500000000e-01   9.9999998815428015e-01   6.0000000044176272e-01   8.7588099368266955e-10   0.0000000000000000e+00   0.0000000000000000e+00
0195   7.5585937500000000e-01   9.9999996447106165e-01   6.0000000132628184e-01   8.7517311915403766e-10   0.0000000000000000e+00   0.0000000000000000e+00
0196   7.5976562500000000e-01   9.9999994080858179e-01   6.0000000220931915e-01   8.7411562235677592e-10   0.0000000000000000e+00   0.0000000000000000e+00
0197   7.6367187500000000e-01   9.9999991718206782e-01   6.0000000309131674e-01   8.7248073611447495e-10   0.0000000000000000e+00   0.0000000000000000e+00
0198   7.6757812500000000e-01   9.9999989360531383e-01   6.0000000397133746e-01   8.7034428665337561e-10   0.0000000000000000e+00   0.0000000000000000e+00
0199   7.7148437500000000e-01   9.9999987009270341e-01   6.0000000484900917e-01   8.6768521759824359e-10   0.0000000000000000e+00   0.0000000000000000e+00
0200   7.7539062500000000e-01   9.9999984665831099e-01   6.0000000572374856e-01   8.6450718204705291e-10   0.0000000000000000e+00   0.0000000000000000e+00
0201   7.7929687500000000e-01   9.9999982331630144e-01   6.0000000659504837e-01   8.6081243166123067e-10   0.0000000000000000e+00   0.0000000000000000e+00
0202   7.8320312500000000e-01   9.9999980008073885e-01   6.0000000746237814e-01   8.5660234662318812e-10   0.0000000000000000e+00   0.0000000000000000e+00
0203   7.8710937500000000e-01   9.9999977696560050e-01   6.0000000832521849e-01   8.5188017373941212e-10   0.0000000000000000e+00   0.0000000000000000e+00
0204   7.9101562500000000e-01   9.9999975398477914e-01   6.0000000918305063e-01   8.4664822025029875e-10   0.0000000000000000e+00   0.0000000000000000e+00
0205   7.9492187500000000e-01   9.9999973115218199e-01   6.0000001003535897e-01   8.4091023428426911e-10   0.0000000000000000e+00   0.0000000000000000e+00
0206   7.9882812500000000e-01   9.9999970848154784e-01   6.0000001088163180e-01   8.3466947118587765e-10   0.0000000000000000e+00   0.0000000000000000e+00
0207   8.0273437500000000e-01   9.9999968598651146e-01   6.0000001172136119e-01   8.2792993426645073e-10   0.0000000000000000e+00   0.0000000000000000e+00
0208   8.0664062500000000e-01   9.9999966368065285e-01   6.0000001255404289e-01   8.2069561131510184e-10   0.0000000000000000e+00   0.0000000000000000e+00
0209   8.1054687500000000e-01   9.9999964157736410e-01   6.0000001337917697e-01   8.1297113435711525e-10   0.0000000000000000e+00   0.0000000000000000e+00
0210   8.1445312500000000e-01   9.9999961969003204e-01   6.0000001419626836e-01   8.0476073310947363e-10   0.0000000000000000e+00   0.0000000000000000e+00
0211   8.1835937500000000e-01   9.9999959803178673e-01   6.0000001500482636e-01   7.9606887235867972e-10   0.0000000000000000e+00   0.0000000000000000e+00
0212   8.2226562500000000e-01   9.9999957661568983e-01   6.0000001580436557e-01   7.8690108293069894e-10   0.0000000000000000e+00   0.0000000000000000e+00
0213   8.2617187500000000e-01   9.9999955545464436e-01   6.0000001659440583e-01   7.7726208026420741e-10   0.0000000000000000e+00   0.0000000000000000e+00
0214   8.3007812500000000e-01   9.9999953456138047e-01   6.0000001737447273e-01   7.6715705689470494e-10   0.0000000000000000e+00   0.0000000000000000e+00
0215   8.3398437500000000e-01   9.9999951394854625e-01   6.0000001814409765e-01   7.5659141728676197e-10   0.0000000000000000e+00   0.0000000000000000e+00
0216   8.3789062500000000e-01   9.9999949362847518e-01   6.0000001890281807e-01   7.4557055694357627e-10   0.0000000000000000e+00   0.0000000000000000e+00
0217   8.4179687500000000e-01   9.9999947361346064e-01   6.0000001965017724e-01   7.3410076609783470e-10   0.0000000000000000e+00   0.0000000000000000e+00
0218   8.4570312500000000e-01   9.9999945391557687e-01   6.0000002038572509e-01   7.2218689897319269e-10   0.0000000000000000e+00   0.0000000000000000e+00
0219   8.4960937500000000e-01   9.9999943454660756e-01   6.0000002110901807e-01   7.0983548911078360e-10   0.0000000000000000e+00   0.0000000000000000e+00
0220   8.5351562500000000e-01   9.9999941551830662e-01   6.0000002181961964e-01   6.9705258099780016e-10   0.0000000000000000e+00   0.0000000000000000e+00
0221   8.5742187500000000e-01   9.9999939684206451e-01   6.0000002251709994e-01   6.8384436238598580e-10   0.0000000000000000e+00   0.0000000000000000e+00
0222   8.6132812500000000e-01   9.9999937852919751e-01   6.0000002320103685e-01   6.7021702063693667e-10   0.0000000000000000e+00   0.0000000000000000e+00
0223   8.6523437500000000e-01   9.9999936059067551e-01   6.0000002387101492e-01   6.5617697791455173e-10   0.0000000000000000e+00   0.0000000000000000e+00
0224   8.6914062500000000e-01   9.9999934303733518e-01   6.0000002452662682e-01   6.4173217569823400e-10   0.0000000000000000e+00   0.0000000000000000e+00
0225   8.7304687500000000e-01   9.9999932587973306e-01   6.0000002516747308e-01   6.2688841032194153e-10   0.0000000000000000e+00   0.0000000000000000e+00
0226   8.7695312500000000e-01   9.9999930912819612e-01   6.0000002579316225e-01   6.1165334911628106e-10   0.0000000000000000e+00   0.0000000000000000e+00
0227   8.8085937500000000e-01   9.9999929279279243e-01   6.0000002640331063e-01   5.9603406983251443e-10   0.0000000000000000e+00   0.0000000000000000e+00
0228   8.8476562500000000e-01   9.9999927688340762e-01   6.0000002699754329e-01   5.8003874110645371e-10   0.0000000000000000e+00   0.0000000000000000e+00
0229   8.8867187500000000e-01   9.9999926140954787e-01   6.0000002757549420e-01   5.6367510444251850e-10   0.0000000000000000e+00   0.0000000000000000e+00
0230   8.9257812500000000e-01   9.9999924638059567e-01   6.0000002813680631e-01   5.4695224007596383e-10   0.0000000000000000e+00   0.0000000000000000e+00
0231   8.9648437500000000e-01   9.9999923180553796e-01   6.0000002868113145e-01   5.2987857523525967e-10   0.0000000000000000e+00   0.0000000000000000e+00
0232   9.0039062500000000e-01   9.9999921769315614e-01   6.0000002920813122e-01   5.1246403288008508e-10   0.0000000000000000e+00   0.0000000000000000e+00
0233   9.0429687500000000e-01   9.9999920405196696e-01   6.0000002971747768e-01   4.9471808723422877e-10   0.0000000000000000e+00   0.0000000000000000e+00
0234   9.0820312500000000e-01   9.9999919089012179e-01   6.0000003020885184e-01   4.7665184772442662e-10   0.0000000000000000e+00   0.0000000000000000e+00
0235   9.1210937500000000e-01   9.9999917821556361e-01   6.0000003068194652e-01   4.5827597489726458e-10   0.0000000000000000e+00   0.0000000000000000e+00
0236   9.1601562500000000e-01   9.9999916603595063e-01   6.0000003113646427e-01   4.3960303424136959e-10   0.0000000000000000e+00   0.0000000000000000e+00
0237   9.1992187500000000e-01   9.9999915435860276e-01   6.0000003157211956e-01   4.2064512283002116e-10   0.0000000000000000e+00   0.0000000000000000e+00
0238   9.2382812500000000e-01   9.9999914319049399e-01   6.0000003198863849e-01   4.0141571000986735e-10   0.0000000000000000e+00   0.0000000000000000e+00
0239   9.2773437500000000e-01   9.9999913253836326e-01   6.0000003238575961e-01   3.8192976829771038e-10   0.0000000000000000e+00   0.0000000000000000e+00
0240   9.3164062500000000e-01   9.9999912240860855e-01   6.0000003276323322e-01   3.6220204529760833e-10   0.0000000000000000e+00   0.0000000000000000e+00
0241   9.3554687500000000e-01   9.9999911280733922e-01   6.0000003312082273e-01   3.4224843148326235e-10   0.0000000000000000e+00   0.0000000000000000e+00
0242   9.3945312500000000e-01   9.9999910374033185e-01   6.0000003345830411e-01   3.2208524511781253e-10   0.0000000000000000e+00   0.0000000000000000e+00
0243   9.4335937500000000e-01   9.9999909521306785e-01   6.0000003377546818e-01   3.0173023423078594e-10   0.0000000000000000e+00   0.0000000000000000e+00
0244   9.4726562500000000e-01   9.9999908723058717e-01   6.0000003407212066e-01   2.8120387975152894e-10   0.0000000000000000e+00   0.0000000000000000e+00
0245   9.5117187500000000e-01   9.9999907979778224e-01   6.0000003434808458e-01   2.6052760934171197e-10   0.0000000000000000e+00   0.0000000000000000e+00
0246   9.5507812500000000e-01   9.9999907291913481e-01   6.0000003460319906e-01   2.3972454737285522e-10   0.0000000000000000e+00   0.0000000000000000e+00
0247   9.5898437500000000e-01   9.9999906659874205e-01   6.0000003483731723e-01   2.1881717524225050e-10   0.0000000000000000e+00   0.0000000000000000e+00
0248   9.6289062500000000e-01   9.9999906084048895e-01   6.0000003505030652e-01   1.9782622351400959e-10   0.0000000000000000e+00   0.0000000000000000e+00
0249   9.6679687500000000e-01   9.9999905564778846e-01   6.0000003524204726e-01   1.7677373890856808e-10   0.0000000000000000e+00   0.0000000000000000e+00
0250   9.7070312500000000e-01   9.9999905102381370e-01   6.0000003541244384e-01   1.5568179438293428e-10   0.0000000000000000e+00   0.0000000000000000e+00
0251   9.7460937500000000e-01   9.9999904697136599e-01   6.0000003556141746e-01   1.3460629599530469e-10   0.0000000000000000e+00   0.0000000000000000e+00
0252   9.7851562500000000e-01   9.9999904349300761e-01   6.0000003568896132e-01   1.1355254149053974e-10   0.0000000000000000e+00   0.0000000000000000e+00
0253   9.8242187500000000e-01   9.9999904059080991e-01   6.0000003579502714e-01   9.2763636414051023e-11   0.0000000000000000e+00   0.0000000000000000e+00
0254   9.8632812500000000e-01   9.9999903826679537e-01   6.0000003587980366e-01   7.1793105511351598e-11   0.0000000000000000e+00   0.0000000000000000e+00
0255   9.9023437500000000e-01   9.9999903652225930e-01   6.0000003594311335e-01   5.2411500378983632e-11   0.0000000000000000e+00   0.0000000000000000e+00
0256   9.9414062500000000e-01   9.9999903535859458e-01   6.0000003598529827e-01   2.9732720828668003e-11   0.0000000000000000e+00   0.0000000000000000e+00
0257   9.9804687500000000e-01   9.9999903477661589e-01   6.0000003600641350e-01   1.8536238591826801e-11   0.0000000000000000e+00   0.0000000000000000e+00
