# Athena++ data at time=3.975193e+01  cycle=20353  variables=prim 
# i       x1v         rho          press          vel1         vel2         vel3     
0002   1.9531250000000000e-03   9.9999903486552777e-01   6.0000003609533048e-01  -1.8636052211780004e-11   0.0000000000000000e+00   0.0000000000000000e+00
0003   5.8593750000000000e-03   9.9999903544735336e-01   6.0000003607404773e-01  -2.9825726389035873e-11   0.0000000000000000e+00   0.0000000000000000e+00
0004   9.7656250000000000e-03   9.9999903661065781e-01   6.0000003603152063e-01  -5.2577429849482982e-11   0.0000000000000000e+00   0.0000000000000000e+00
0005   1.3671875000000000e-02   9.9999903835470638e-01   6.0000003596770601e-01  -7.1997650527356654e-11   0.0000000000000000e+00   0.0000000000000000e+00
0006   1.7578125000000000e-02   9.9999904067804313e-01   6.0000003588226225e-01  -9.3000880649549605e-11   0.0000000000000000e+00   0.0000000000000000e+00
0007   2.1484375000000000e-02   9.9999904357942293e-01   6.0000003577537930e-01  -1.1380110902326458e-10   0.0000000000000000e+00   0.0000000000000000e+00
0008   2.5390625000000000e-02   9.9999904705683285e-01   6.0000003564687676e-01  -1.3484157181043236e-10   0.0000000000000000e+00   0.0000000000000000e+00
0009   2.9296875000000000e-02   9.9999905110817777e-01   6.0000003549681624e-01  -1.5587525354075847e-10   0.0000000000000000e+00   0.0000000000000000e+00
0010   3.3203125000000000e-02   9.9999905573095649e-01   6.0000003532521717e-01  -1.7689398977573266e-10   0.0000000000000000e+00   0.0000000000000000e+00
0011   3.7109375000000000e-02   9.9999906092235613e-01   6.0000003513217426e-01  -1.9783919400730181e-10   0.0000000000000000e+00   0.0000000000000000e+00
0012   4.1015625000000000e-02   9.9999906667924454e-01   6.0000003491779863e-01  -2.1868823640953240e-10   0.0000000000000000e+00   0.0000000000000000e+00
0013   4.4921875000000000e-02   9.9999907299815316e-01   6.0000003468222640e-01  -2.3941754472649915e-10   0.0000000000000000e+00   0.0000000000000000e+00
0014   4.8828125000000000e-02   9.9999907987531422e-01   6.0000003442560645e-01  -2.6000810410375270e-10   0.0000000000000000e+00   0.0000000000000000e+00
0015   5.2734375000000000e-02   9.9999908730657350e-01   6.0000003414810099e-01  -2.8043870176996423e-10   0.0000000000000000e+00   0.0000000000000000e+00
0016   5.6640625000000000e-02   9.9999909528746489e-01   6.0000003384988621e-01  -3.0068800354560630e-10   0.0000000000000000e+00   0.0000000000000000e+00
0017   6.0546875000000000e-02   9.9999910381319679e-01   6.0000003353115317e-01  -3.2073711706250133e-10   0.0000000000000000e+00   0.0000000000000000e+00
0018   6.4453125000000000e-02   9.9999911287863497e-01   6.0000003319210859e-01  -3.4056969866789175e-10   0.0000000000000000e+00   0.0000000000000000e+00
0019   6.8359375000000000e-02   9.9999912247834966e-01   6.0000003283297265e-01  -3.6017161600886558e-10   0.0000000000000000e+00   0.0000000000000000e+00
0020   7.2265625000000000e-02   9.9999913260657136e-01   6.0000003245397882e-01  -3.7953061354863979e-10   0.0000000000000000e+00   0.0000000000000000e+00
0021   7.6171875000000000e-02   9.9999914325720918e-01   6.0000003205537178e-01  -3.9863463998530704e-10   0.0000000000000000e+00   0.0000000000000000e+00
0022   8.0078125000000000e-02   9.9999915442387555e-01   6.0000003163740645e-01  -4.1747353198035105e-10   0.0000000000000000e+00   0.0000000000000000e+00
0023   8.3984375000000000e-02   9.9999916609984985e-01   6.0000003120034873e-01  -4.3603719930514245e-10   0.0000000000000000e+00   0.0000000000000000e+00
0024   8.7890625000000000e-02   9.9999917827810181e-01   6.0000003074447439e-01  -4.5431645878587044e-10   0.0000000000000000e+00   0.0000000000000000e+00
0025   9.1796875000000000e-02   9.9999919095132817e-01   6.0000003027006943e-01  -4.7230208377511301e-10   0.0000000000000000e+00   0.0000000000000000e+00
0026   9.5703125000000000e-02   9.9999920411188448e-01   6.0000002977742961e-01  -4.8998668904428722e-10   0.0000000000000000e+00   0.0000000000000000e+00
0027   9.9609375000000000e-02   9.9999921775187461e-01   6.0000002926685980e-01  -5.0736185107045967e-10   0.0000000000000000e+00   0.0000000000000000e+00
0028   1.0351562500000000e-01   9.9999923186307849e-01   6.0000002873867431e-01  -5.2442003863147063e-10   0.0000000000000000e+00   0.0000000000000000e+00
0029   1.0742187500000000e-01   9.9999924643696869e-01   6.0000002819319620e-01  -5.4115367916770523e-10   0.0000000000000000e+00   0.0000000000000000e+00
0030   1.1132812500000000e-01   9.9999926146481977e-01   6.0000002763075744e-01  -5.5755463958583935e-10   0.0000000000000000e+00   0.0000000000000000e+00
0031   1.1523437500000000e-01   9.9999927693755664e-01   6.0000002705169897e-01  -5.7361561188732498e-10   0.0000000000000000e+00   0.0000000000000000e+00
0032   1.1914062500000000e-01   9.9999929284586175e-01   6.0000002645637129e-01  -5.8932893308055095e-10   0.0000000000000000e+00   0.0000000000000000e+00
0033   1.2304687500000000e-01   9.9999930918016933e-01   6.0000002584513246e-01  -6.0468693766617403e-10   0.0000000000000000e+00   0.0000000000000000e+00
0034   1.2695312500000000e-01   9.9999932593061380e-01   6.0000002521835027e-01  -6.1968086237223951e-10   0.0000000000000000e+00   0.0000000000000000e+00
0035   1.3085937500000000e-01   9.9999934308711547e-01   6.0000002457640067e-01  -6.3430392891819242e-10   0.0000000000000000e+00   0.0000000000000000e+00
0036   1.3476562500000000e-01   9.9999936063933959e-01   6.0000002391966845e-01  -6.4854709289621426e-10   0.0000000000000000e+00   0.0000000000000000e+00
0037   1.3867187500000000e-01   9.9999937857670795e-01   6.0000002324854684e-01  -6.6240277104680052e-10   0.0000000000000000e+00   0.0000000000000000e+00
0038   1.4257812500000000e-01   9.9999939688842010e-01   6.0000002256343765e-01  -6.7586272515733929e-10   0.0000000000000000e+00   0.0000000000000000e+00
0039   1.4648437500000000e-01   9.9999941556342897e-01   6.0000002186475132e-01  -6.8891867155147754e-10   0.0000000000000000e+00   0.0000000000000000e+00
0040   1.5039062500000000e-01   9.9999943459050855e-01   6.0000002115290563e-01  -7.0156338094210967e-10   0.0000000000000000e+00   0.0000000000000000e+00
0041   1.5429687500000000e-01   9.9999945395816170e-01   6.0000002042832690e-01  -7.1378850594046830e-10   0.0000000000000000e+00   0.0000000000000000e+00
0042   1.5820312500000000e-01   9.9999947365474395e-01   6.0000001969144967e-01  -7.2558669926595161e-10   0.0000000000000000e+00   0.0000000000000000e+00
0043   1.6210937500000000e-01   9.9999949366837548e-01   6.0000001894271560e-01  -7.3694990100610598e-10   0.0000000000000000e+00   0.0000000000000000e+00
0044   1.6601562500000000e-01   9.9999951398700260e-01   6.0000001818257354e-01  -7.4787176778246035e-10   0.0000000000000000e+00   0.0000000000000000e+00
0045   1.6992187500000000e-01   9.9999953459840407e-01   6.0000001741148024e-01  -7.5834437114305547e-10   0.0000000000000000e+00   0.0000000000000000e+00
0046   1.7382812500000000e-01   9.9999955549013320e-01   6.0000001662989888e-01  -7.6836172048388291e-10   0.0000000000000000e+00   0.0000000000000000e+00
0047   1.7773437500000000e-01   9.9999957664962813e-01   6.0000001583829943e-01  -7.7791677303138753e-10   0.0000000000000000e+00   0.0000000000000000e+00
0048   1.8164062500000000e-01   9.9999959806411653e-01   6.0000001503715794e-01  -7.8700437441366214e-10   0.0000000000000000e+00   0.0000000000000000e+00
0049   1.8554687500000000e-01   9.9999961972073381e-01   6.0000001422695648e-01  -7.9561839433272630e-10   0.0000000000000000e+00   0.0000000000000000e+00
0050   1.8945312500000000e-01   9.9999964160640309e-01   6.0000001340818299e-01  -8.0375374984539518e-10   0.0000000000000000e+00   0.0000000000000000e+00
0051   1.9335937500000000e-01   9.9999966370793725e-01   6.0000001258133040e-01  -8.1140478475275005e-10   0.0000000000000000e+00   0.0000000000000000e+00
0052   1.9726562500000000e-01   9.9999968601204803e-01   6.0000001174689677e-01  -8.1856741908432262e-10   0.0000000000000000e+00   0.0000000000000000e+00
0053   2.0117187500000000e-01   9.9999970850529540e-01   6.0000001090538535e-01  -8.2523728228468890e-10   0.0000000000000000e+00   0.0000000000000000e+00
0054   2.0507812500000000e-01   9.9999973117413743e-01   6.0000001005730297e-01  -8.3141042445122197e-10   0.0000000000000000e+00   0.0000000000000000e+00
0055   2.0898437500000000e-01   9.9999975400490060e-01   6.0000000920316077e-01  -8.3708273108995835e-10   0.0000000000000000e+00   0.0000000000000000e+00
0056   2.1289062500000000e-01   9.9999977698383546e-01   6.0000000834347333e-01  -8.4225180427641594e-10   0.0000000000000000e+00   0.0000000000000000e+00
0057   2.1679687500000000e-01   9.9999980009711242e-01   6.0000000747875848e-01  -8.4691419442287422e-10   0.0000000000000000e+00   0.0000000000000000e+00
0058   2.2070312500000000e-01   9.9999982333079218e-01   6.0000000660953856e-01  -8.5106793001967027e-10   0.0000000000000000e+00   0.0000000000000000e+00
0059   2.2460937500000000e-01   9.9999984667089004e-01   6.0000000573633505e-01  -8.5470995097214104e-10   0.0000000000000000e+00   0.0000000000000000e+00
0060   2.2851562500000000e-01   9.9999987010337299e-01   6.0000000485968086e-01  -8.5783969697486465e-10   0.0000000000000000e+00   0.0000000000000000e+00
0061   2.3242187500000000e-01   9.9999989361406350e-01   6.0000000398008446e-01  -8.6045473064021116e-10   0.0000000000000000e+00   0.0000000000000000e+00
0062   2.3632812500000000e-01   9.9999991718889425e-01   6.0000000309813251e-01  -8.6255221822314527e-10   0.0000000000000000e+00   0.0000000000000000e+00
0063   2.4023437500000000e-01   9.9999994081347454e-01   6.0000000221419592e-01  -8.6415318007719121e-10   0.0000000000000000e+00   0.0000000000000000e+00
0064   2.4414062500000000e-01   9.9999996447400930e-01   6.0000000132922182e-01  -8.6518305576763267e-10   0.0000000000000000e+00   0.0000000000000000e+00
0065   2.4804687500000000e-01   9.9999998815523872e-01   6.0000000044274582e-01  -8.6587035457798833e-10   0.0000000000000000e+00   0.0000000000000000e+00
0066   2.5195312500000000e-01   1.0000000118448595e+00   5.9999999955724437e-01  -8.6587537113204192e-10   0.0000000000000000e+00   0.0000000000000000e+00
0067   2.5585937500000000e-01   1.0000000355260701e+00   5.9999999867076859e-01  -8.6519792134801014e-10   0.0000000000000000e+00   0.0000000000000000e+00
0068   2.5976562500000000e-01   1.0000000591866016e+00   5.9999999778579427e-01  -8.6417831104200244e-10   0.0000000000000000e+00   0.0000000000000000e+00
0069   2.6367187500000000e-01   1.0000000828111892e+00   5.9999999690185724e-01  -8.6258691761992080e-10   0.0000000000000000e+00   0.0000000000000000e+00
0070   2.6757812500000000e-01   1.0000001063860098e+00   5.9999999601990517e-01  -8.6049949801532955e-10   0.0000000000000000e+00   0.0000000000000000e+00
0071   2.7148437500000000e-01   1.0000001298967169e+00   5.9999999514030855e-01  -8.5789473811835533e-10   0.0000000000000000e+00   0.0000000000000000e+00
0072   2.7539062500000000e-01   1.0000001533291907e+00   5.9999999426365369e-01  -8.5477577395973127e-10   0.0000000000000000e+00   0.0000000000000000e+00
0073   2.7929687500000000e-01   1.0000001766692868e+00   5.9999999339045018e-01  -8.5114415296906885e-10   0.0000000000000000e+00   0.0000000000000000e+00
0074   2.8320312500000000e-01   1.0000001999029664e+00   5.9999999252122993e-01  -8.4700036505671589e-10   0.0000000000000000e+00   0.0000000000000000e+00
0075   2.8710937500000000e-01   1.0000002230162355e+00   5.9999999165651474e-01  -8.4234799593521800e-10   0.0000000000000000e+00   0.0000000000000000e+00
0076   2.9101562500000000e-01   1.0000002459951778e+00   5.9999999079682675e-01  -8.3718883478639980e-10   0.0000000000000000e+00   0.0000000000000000e+00
0077   2.9492187500000000e-01   1.0000002688259284e+00   5.9999998994268366e-01  -8.3152577621632238e-10   0.0000000000000000e+00   0.0000000000000000e+00
0078   2.9882812500000000e-01   1.0000002914947776e+00   5.9999998909460073e-01  -8.2536163171164416e-10   0.0000000000000000e+00   0.0000000000000000e+00
0079   3.0273437500000000e-01   1.0000003139880029e+00   5.9999998825308887e-01  -8.1870025861084797e-10   0.0000000000000000e+00   0.0000000000000000e+00
0080   3.0664062500000000e-01   1.0000003362921033e+00   5.9999998741865490e-01  -8.1154583386034923e-10   0.0000000000000000e+00   0.0000000000000000e+00
0081   3.1054687500000000e-01   1.0000003583936763e+00   5.9999998659180187e-01  -8.0390209804649680e-10   0.0000000000000000e+00   0.0000000000000000e+00
0082   3.1445312500000000e-01   1.0000003802793336e+00   5.9999998577302804e-01  -7.9577395400528344e-10   0.0000000000000000e+00   0.0000000000000000e+00
0083   3.1835937500000000e-01   1.0000004019359239e+00   5.9999998496282669e-01  -7.8716605512016058e-10   0.0000000000000000e+00   0.0000000000000000e+00
0084   3.2226562500000000e-01   1.0000004233504221e+00   5.9999998416168521e-01  -7.7808415787302902e-10   0.0000000000000000e+00   0.0000000000000000e+00
0085   3.2617187500000000e-01   1.0000004445099013e+00   5.9999998337008542e-01  -7.6853398552047383e-10   0.0000000000000000e+00   0.0000000000000000e+00
0086   3.3007812500000000e-01   1.0000004654016510e+00   5.9999998258850418e-01  -7.5852114210752043e-10   0.0000000000000000e+00   0.0000000000000000e+00
0087   3.3398437500000000e-01   1.0000004860130407e+00   5.9999998181741032e-01  -7.4805244930132445e-10   0.0000000000000000e+00   0.0000000000000000e+00
0088   3.3789062500000000e-01   1.0000005063316519e+00   5.9999998105726782e-01  -7.3713471957776499e-10   0.0000000000000000e+00   0.0000000000000000e+00
0089   3.4179687500000000e-01   1.0000005263452916e+00   5.9999998030853297e-01  -7.2577484028833998e-10   0.0000000000000000e+00   0.0000000000000000e+00
0090   3.4570312500000000e-01   1.0000005460418775e+00   5.9999997957165496e-01  -7.1397990179471487e-10   0.0000000000000000e+00   0.0000000000000000e+00
0091   3.4960937500000000e-01   1.0000005654095236e+00   5.9999997884707568e-01  -7.0175763037893046e-10   0.0000000000000000e+00   0.0000000000000000e+00
0092   3.5351562500000000e-01   1.0000005844365998e+00   5.9999997813522954e-01  -6.8911541204899185e-10   0.0000000000000000e+00   0.0000000000000000e+00
0093   3.5742187500000000e-01   1.0000006031115998e+00   5.9999997743654210e-01  -6.7606152095039825e-10   0.0000000000000000e+00   0.0000000000000000e+00
0094   3.6132812500000000e-01   1.0000006214232990e+00   5.9999997675143224e-01  -6.6260318743206102e-10   0.0000000000000000e+00   0.0000000000000000e+00
0095   3.6523437500000000e-01   1.0000006393606939e+00   5.9999997608031019e-01  -6.4874880779065842e-10   0.0000000000000000e+00   0.0000000000000000e+00
0096   3.6914062500000000e-01   1.0000006569128961e+00   5.9999997542357730e-01  -6.3450680715807549e-10   0.0000000000000000e+00   0.0000000000000000e+00
0097   3.7304687500000000e-01   1.0000006740693992e+00   5.9999997478162659e-01  -6.1988462020034112e-10   0.0000000000000000e+00   0.0000000000000000e+00
0098   3.7695312500000000e-01   1.0000006908198307e+00   5.9999997415484352e-01  -6.0489114251619231e-10   0.0000000000000000e+00   0.0000000000000000e+00
0099   3.8085937500000000e-01   1.0000007071541328e+00   5.9999997354360401e-01  -5.8953345043604071e-10   0.0000000000000000e+00   0.0000000000000000e+00
0100   3.8476562500000000e-01   1.0000007230624199e+00   5.9999997294827534e-01  -5.7381959915750783e-10   0.0000000000000000e+00   0.0000000000000000e+00
0101   3.8867187500000000e-01   1.0000007385351668e+00   5.9999997236921609e-01  -5.5775777533603795e-10   0.0000000000000000e+00   0.0000000000000000e+00
0102   3.9257812500000000e-01   1.0000007535630144e+00   5.9999997180677622e-01  -5.4135515700011259e-10   0.0000000000000000e+00   0.0000000000000000e+00
0103   3.9648437500000000e-01   1.0000007681369130e+00   5.9999997126129700e-01  -5.2461990818233058e-10   0.0000000000000000e+00   0.0000000000000000e+00
0104   4.0039062500000000e-01   1.0000007822480932e+00   5.9999997073311084e-01  -5.0755934129140875e-10   0.0000000000000000e+00   0.0000000000000000e+00
0105   4.0429687500000000e-01   1.0000007958880770e+00   5.9999997022254037e-01  -4.9018151194783112e-10   0.0000000000000000e+00   0.0000000000000000e+00
0106   4.0820312500000000e-01   1.0000008090486330e+00   5.9999996972990011e-01  -4.7249383814018234e-10   0.0000000000000000e+00   0.0000000000000000e+00
0107   4.1210937500000000e-01   1.0000008217218563e+00   5.9999996925549481e-01  -4.5450410837530803e-10   0.0000000000000000e+00   0.0000000000000000e+00
0108   4.1601562500000000e-01   1.0000008339001143e+00   5.9999996879962036e-01  -4.3622030211287929e-10   0.0000000000000000e+00   0.0000000000000000e+00
0109   4.1992187500000000e-01   1.0000008455761009e+00   5.9999996836256242e-01  -4.1765119687394200e-10   0.0000000000000000e+00   0.0000000000000000e+00
0110   4.2382812500000000e-01   1.0000008567427539e+00   5.9999996794459720e-01  -3.9880649517136017e-10   0.0000000000000000e+00   0.0000000000000000e+00
0111   4.2773437500000000e-01   1.0000008673933720e+00   5.9999996754598983e-01  -3.7969580048421292e-10   0.0000000000000000e+00   0.0000000000000000e+00
0112   4.3164062500000000e-01   1.0000008775215918e+00   5.9999996716699588e-01  -3.6033024220032816e-10   0.0000000000000000e+00   0.0000000000000000e+00
0113   4.3554687500000000e-01   1.0000008871213200e+00   5.9999996680785972e-01  -3.4072056489789300e-10   0.0000000000000000e+00   0.0000000000000000e+00
0114   4.3945312500000000e-01   1.0000008961867701e+00   5.9999996646881448e-01  -3.2088028787373847e-10   0.0000000000000000e+00   0.0000000000000000e+00
0115   4.4335937500000000e-01   1.0000009047124581e+00   5.9999996615008111e-01  -3.0082268350472000e-10   0.0000000000000000e+00   0.0000000000000000e+00
0116   4.4726562500000000e-01   1.0000009126933602e+00   5.9999996585186577e-01  -2.8056442749955879e-10   0.0000000000000000e+00   0.0000000000000000e+00
0117   4.5117187500000000e-01   1.0000009201246225e+00   5.9999996557435997e-01  -2.6012489316031063e-10   0.0000000000000000e+00   0.0000000000000000e+00
0118   4.5507812500000000e-01   1.0000009270017811e+00   5.9999996531773936e-01  -2.3952526211515555e-10   0.0000000000000000e+00   0.0000000000000000e+00
0119   4.5898437500000000e-01   1.0000009333206989e+00   5.9999996508216691e-01  -2.1878633367070921e-10   0.0000000000000000e+00   0.0000000000000000e+00
0120   4.6289062500000000e-01   1.0000009390775810e+00   5.9999996486779084e-01  -1.9792812482437775e-10   0.0000000000000000e+00   0.0000000000000000e+00
0121   4.6679687500000000e-01   1.0000009442689837e+00   5.9999996467474759e-01  -1.7697316079411781e-10   0.0000000000000000e+00   0.0000000000000000e+00
0122   4.7070312500000000e-01   1.0000009488917394e+00   5.9999996450314796e-01  -1.5594440273601900e-10   0.0000000000000000e+00   0.0000000000000000e+00
0123   4.7460937500000000e-01   1.0000009529430878e+00   5.9999996435308678e-01  -1.3490128991305828e-10   0.0000000000000000e+00   0.0000000000000000e+00
0124   4.7851562500000000e-01   1.0000009564204981e+00   5.9999996422458379e-01  -1.1385086498235524e-10   0.0000000000000000e+00   0.0000000000000000e+00
0125   4.8242187500000000e-01   1.0000009593218635e+00   5.9999996411770051e-01  -9.3041591754795553e-11   0.0000000000000000e+00   0.0000000000000000e+00
0126   4.8632812500000000e-01   1.0000009616452121e+00   5.9999996403225631e-01  -7.2029150284468559e-11   0.0000000000000000e+00   0.0000000000000000e+00
0127   4.9023437500000000e-01   1.0000009633892630e+00   5.9999996396844135e-01  -5.2600065643764799e-11   0.0000000000000000e+00   0.0000000000000000e+00
0128   4.9414062500000000e-01   1.0000009645525763e+00   5.9999996392591404e-01  -2.9839142917674048e-11   0.0000000000000000e+00   0.0000000000000000e+00
0129   4.9804687500000000e-01   1.0000009651343806e+00   5.9999996390463095e-01  -1.8640494463883269e-11   0.0000000000000000e+00   0.0000000000000000e+00
0130   5.0195312500000000e-01   1.0000009651343766e+00   5.9999996390463106e-01   1.8640196417834544e-11   0.0000000000000000e+00   0.0000000000000000e+00
0131   5.0585937500000000e-01   1.0000009645525763e+00   5.9999996392591415e-01   2.9838584081370798e-11   0.0000000000000000e+00   0.0000000000000000e+00
0132   5.0976562500000000e-01   1.0000009633892519e+00   5.9999996396844169e-01   5.2599693086226621e-11   0.0000000000000000e+00   0.0000000000000000e+00
0133   5.1367187500000000e-01   1.0000009616452121e+00   5.9999996403225675e-01   7.2028442425168225e-11   0.0000000000000000e+00   0.0000000000000000e+00
0134   5.1757812500000000e-01   1.0000009593218617e+00   5.9999996411770085e-01   9.3041181941516230e-11   0.0000000000000000e+00   0.0000000000000000e+00
0135   5.2148437500000000e-01   1.0000009564205012e+00   5.9999996422458424e-01   1.1385093949380512e-10   0.0000000000000000e+00   0.0000000000000000e+00
0136   5.2539062500000000e-01   1.0000009529430756e+00   5.9999996435308722e-01   1.3490147619179226e-10   0.0000000000000000e+00   0.0000000000000000e+00
0137   5.2929687500000000e-01   1.0000009488917228e+00   5.9999996450314841e-01   1.5594466352625899e-10   0.0000000000000000e+00   0.0000000000000000e+00
0138   5.3320312500000000e-01   1.0000009442689926e+00   5.9999996467474803e-01   1.7697330981697090e-10   0.0000000000000000e+00   0.0000000000000000e+00
0139   5.3710937500000000e-01   1.0000009390775828e+00   5.9999996486779139e-01   1.9792805031280479e-10   0.0000000000000000e+00   0.0000000000000000e+00
0140   5.4101562500000000e-01   1.0000009333206978e+00   5.9999996508216735e-01   2.1878618464763726e-10   0.0000000000000000e+00   0.0000000000000000e+00
0141   5.4492187500000000e-01   1.0000009270017740e+00   5.9999996531773980e-01   2.3952477779017832e-10   0.0000000000000000e+00   0.0000000000000000e+00
0142   5.4882812500000000e-01   1.0000009201246229e+00   5.9999996557436008e-01   2.6012440883537134e-10   0.0000000000000000e+00   0.0000000000000000e+00
0143   5.5273437500000000e-01   1.0000009126933564e+00   5.9999996585186566e-01   2.8056371964035209e-10   0.0000000000000000e+00   0.0000000000000000e+00
0144   5.5664062500000000e-01   1.0000009047124678e+00   5.9999996615008078e-01   3.0082201290108879e-10   0.0000000000000000e+00   0.0000000000000000e+00
0145   5.6054687500000000e-01   1.0000008961867457e+00   5.9999996646881415e-01   3.2087976629332669e-10   0.0000000000000000e+00   0.0000000000000000e+00
0146   5.6445312500000000e-01   1.0000008871213040e+00   5.9999996680785961e-01   3.4072056489775393e-10   0.0000000000000000e+00   0.0000000000000000e+00
0147   5.6835937500000000e-01   1.0000008775215805e+00   5.9999996716699566e-01   3.6032986964265924e-10   0.0000000000000000e+00   0.0000000000000000e+00
0148   5.7226562500000000e-01   1.0000008673933751e+00   5.9999996754598972e-01   3.7969576322844992e-10   0.0000000000000000e+00   0.0000000000000000e+00
0149   5.7617187500000000e-01   1.0000008567427243e+00   5.9999996794459676e-01   3.9880638340402079e-10   0.0000000000000000e+00   0.0000000000000000e+00
0150   5.8007812500000000e-01   1.0000008455760834e+00   5.9999996836256220e-01   4.1765134589687347e-10   0.0000000000000000e+00   0.0000000000000000e+00
0151   5.8398437500000000e-01   1.0000008339000976e+00   5.9999996879962014e-01   4.3622037662423565e-10   0.0000000000000000e+00   0.0000000000000000e+00
0152   5.8789062500000000e-01   1.0000008217218306e+00   5.9999996925549459e-01   4.5450425739840219e-10   0.0000000000000000e+00   0.0000000000000000e+00
0153   5.9179687500000000e-01   1.0000008090486296e+00   5.9999996972989988e-01   4.7249424795350584e-10   0.0000000000000000e+00   0.0000000000000000e+00
0154   5.9570312500000000e-01   1.0000007958880581e+00   5.9999997022254004e-01   4.9018207078418105e-10   0.0000000000000000e+00   0.0000000000000000e+00
0155   5.9960937500000000e-01   1.0000007822481012e+00   5.9999997073311040e-01   5.0756045896400905e-10   0.0000000000000000e+00   0.0000000000000000e+00
0156   6.0351562500000000e-01   1.0000007681369081e+00   5.9999997126129678e-01   5.2462065329735223e-10   0.0000000000000000e+00   0.0000000000000000e+00
0157   6.0742187500000000e-01   1.0000007535630151e+00   5.9999997180677589e-01   5.4135560406918818e-10   0.0000000000000000e+00   0.0000000000000000e+00
0158   6.1132812500000000e-01   1.0000007385351550e+00   5.9999997236921543e-01   5.5775796161474481e-10   0.0000000000000000e+00   0.0000000000000000e+00
0159   6.1523437500000000e-01   1.0000007230624282e+00   5.9999997294827445e-01   5.7381978543635387e-10   0.0000000000000000e+00   0.0000000000000000e+00
0160   6.1914062500000000e-01   1.0000007071541093e+00   5.9999997354360324e-01   5.8953341317997843e-10   0.0000000000000000e+00   0.0000000000000000e+00
0161   6.2304687500000000e-01   1.0000006908198349e+00   5.9999997415484307e-01   6.0489103074886574e-10   0.0000000000000000e+00   0.0000000000000000e+00
0162   6.2695312500000000e-01   1.0000006740693925e+00   5.9999997478162614e-01   6.1988458294439609e-10   0.0000000000000000e+00   0.0000000000000000e+00
0163   6.3085937500000000e-01   1.0000006569129027e+00   5.9999997542357641e-01   6.3450647185614067e-10   0.0000000000000000e+00   0.0000000000000000e+00
0164   6.3476562500000000e-01   1.0000006393606695e+00   5.9999997608030953e-01   6.4874858425599319e-10   0.0000000000000000e+00   0.0000000000000000e+00
0165   6.3867187500000000e-01   1.0000006214233113e+00   5.9999997675143180e-01   6.6260277761868148e-10   0.0000000000000000e+00   0.0000000000000000e+00
0166   6.4257812500000000e-01   1.0000006031116035e+00   5.9999997743654154e-01   6.7606085034666157e-10   0.0000000000000000e+00   0.0000000000000000e+00
0167   6.4648437500000000e-01   1.0000005844365856e+00   5.9999997813522887e-01   6.8911492772383568e-10   0.0000000000000000e+00   0.0000000000000000e+00
0168   6.5039062500000000e-01   1.0000005654095077e+00   5.9999997884707545e-01   7.0175710879805664e-10   0.0000000000000000e+00   0.0000000000000000e+00
0169   6.5429687500000000e-01   1.0000005460418704e+00   5.9999997957165496e-01   7.1397949198111644e-10   0.0000000000000000e+00   0.0000000000000000e+00
0170   6.5820312500000000e-01   1.0000005263452869e+00   5.9999998030853308e-01   7.2577457949787479e-10   0.0000000000000000e+00   0.0000000000000000e+00
0171   6.6210937500000000e-01   1.0000005063316679e+00   5.9999998105726793e-01   7.3713471957770253e-10   0.0000000000000000e+00   0.0000000000000000e+00
0172   6.6601562500000000e-01   1.0000004860130385e+00   5.9999998181741054e-01   7.4805259832394236e-10   0.0000000000000000e+00   0.0000000000000000e+00
0173   6.6992187500000000e-01   1.0000004654016446e+00   5.9999998258850418e-01   7.5852125387490159e-10   0.0000000000000000e+00   0.0000000000000000e+00
0174   6.7382812500000000e-01   1.0000004445099164e+00   5.9999998337008542e-01   7.6853398551984331e-10   0.0000000000000000e+00   0.0000000000000000e+00
0175   6.7773437500000000e-01   1.0000004233504221e+00   5.9999998416168498e-01   7.7808441866340073e-10   0.0000000000000000e+00   0.0000000000000000e+00
0176   6.8164062500000000e-01   1.0000004019359345e+00   5.9999998496282669e-01   7.8716627865491670e-10   0.0000000000000000e+00   0.0000000000000000e+00
0177   6.8554687500000000e-01   1.0000003802793243e+00   5.9999998577302815e-01   7.9577406577262014e-10   0.0000000000000000e+00   0.0000000000000000e+00
0178   6.8945312500000000e-01   1.0000003583936659e+00   5.9999998659180165e-01   8.0390261962741270e-10   0.0000000000000000e+00   0.0000000000000000e+00
0179   6.9335937500000000e-01   1.0000003362921259e+00   5.9999998741865446e-01   8.1154646720825762e-10   0.0000000000000000e+00   0.0000000000000000e+00
0180   6.9726562500000000e-01   1.0000003139880103e+00   5.9999998825308809e-01   8.1870130177274739e-10   0.0000000000000000e+00   0.0000000000000000e+00
0181   7.0117187500000000e-01   1.0000002914947743e+00   5.9999998909459973e-01   8.2536260036199898e-10   0.0000000000000000e+00   0.0000000000000000e+00
0182   7.0507812500000000e-01   1.0000002688259324e+00   5.9999998994268233e-01   8.3152696840129590e-10   0.0000000000000000e+00   0.0000000000000000e+00
0183   7.0898437500000000e-01   1.0000002459951778e+00   5.9999999079682509e-01   8.3719028776222356e-10   0.0000000000000000e+00   0.0000000000000000e+00
0184   7.1289062500000000e-01   1.0000002230162310e+00   5.9999999165651297e-01   8.4234929988705849e-10   0.0000000000000000e+00   0.0000000000000000e+00
0185   7.1679687500000000e-01   1.0000001999029773e+00   5.9999999252122815e-01   8.4700181803222367e-10   0.0000000000000000e+00   0.0000000000000000e+00
0186   7.2070312500000000e-01   1.0000001766692845e+00   5.9999999339044841e-01   8.5114508436347648e-10   0.0000000000000000e+00   0.0000000000000000e+00
0187   7.2460937500000000e-01   1.0000001533291873e+00   5.9999999426365225e-01   8.5477722693485855e-10   0.0000000000000000e+00   0.0000000000000000e+00
0188   7.2851562500000000e-01   1.0000001298967076e+00   5.9999999514030711e-01   8.5789652639619840e-10   0.0000000000000000e+00   0.0000000000000000e+00
0189   7.3242187500000000e-01   1.0000001063859900e+00   5.9999999601990395e-01   8.6050128629276875e-10   0.0000000000000000e+00   0.0000000000000000e+00
0190   7.3632812500000000e-01   1.0000000828112074e+00   5.9999999690185590e-01   8.6258863138606428e-10   0.0000000000000000e+00   0.0000000000000000e+00
0191   7.4023437500000000e-01   1.0000000591866038e+00   5.9999999778579305e-01   8.6417961499469565e-10   0.0000000000000000e+00   0.0000000000000000e+00
0192   7.4414062500000000e-01   1.0000000355260656e+00   5.9999999867076748e-01   8.6519903902148373e-10   0.0000000000000000e+00   0.0000000000000000e+00
0193   7.4804687500000000e-01   1.0000000118448473e+00   5.9999999955724281e-01   8.6587648880531461e-10   0.0000000000000000e+00   0.0000000000000000e+00
0194   7.5195312500000000e-01   9.9999998815524105e-01   6.0000000044274437e-01   8.6587139774018140e-10   0.0000000000000000e+00   0.0000000000000000e+00
0195   7.5585937500000000e-01   9.9999996447399975e-01   6.0000000132922049e-01   8.6518391265043728e-10   0.0000000000000000e+00   0.0000000000000000e+00
0196   7.5976562500000000e-01   9.9999994081346477e-01   6.0000000221419436e-01   8.6415388793752339e-10   0.0000000000000000e+00   0.0000000000000000e+00
0197   7.6367187500000000e-01   9.9999991718887660e-01   6.0000000309813095e-01   8.6255251626974728e-10   0.0000000000000000e+00   0.0000000000000000e+00
0198   7.6757812500000000e-01   9.9999989361406338e-01   6.0000000398008280e-01   8.6045484240779508e-10   0.0000000000000000e+00   0.0000000000000000e+00
0199   7.7148437500000000e-01   9.9999987010336622e-01   6.0000000485967930e-01   8.5783958520727566e-10   0.0000000000000000e+00   0.0000000000000000e+00
0200   7.7539062500000000e-01   9.9999984667089925e-01   6.0000000573633383e-01   8.5470991371585759e-10   0.0000000000000000e+00   0.0000000000000000e+00
0201   7.7929687500000000e-01   9.9999982333080251e-01   6.0000000660953756e-01   8.5106778099659969e-10   0.0000000000000000e+00   0.0000000000000000e+00
0202   7.8320312500000000e-01   9.9999980009710909e-01   6.0000000747875792e-01   8.4691423167861276e-10   0.0000000000000000e+00   0.0000000000000000e+00
0203   7.8710937500000000e-01   9.9999977698384634e-01   6.0000000834347300e-01   8.4225195329973820e-10   0.0000000000000000e+00   0.0000000000000000e+00
0204   7.9101562500000000e-01   9.9999975400489627e-01   6.0000000920316077e-01   8.3708328992688462e-10   0.0000000000000000e+00   0.0000000000000000e+00
0205   7.9492187500000000e-01   9.9999973117414043e-01   6.0000001005730319e-01   8.3141053621801366e-10   0.0000000000000000e+00   0.0000000000000000e+00
0206   7.9882812500000000e-01   9.9999970850531184e-01   6.0000001090538591e-01   8.2523754307480698e-10   0.0000000000000000e+00   0.0000000000000000e+00
0207   8.0273437500000000e-01   9.9999968601205291e-01   6.0000001174689765e-01   8.1856790340998936e-10   0.0000000000000000e+00   0.0000000000000000e+00
0208   8.0664062500000000e-01   9.9999966370794213e-01   6.0000001258133107e-01   8.1140526907826945e-10   0.0000000000000000e+00   0.0000000000000000e+00
0209   8.1054687500000000e-01   9.9999964160639543e-01   6.0000001340818365e-01   8.0375378710087864e-10   0.0000000000000000e+00   0.0000000000000000e+00
0210   8.1445312500000000e-01   9.9999961972072660e-01   6.0000001422695737e-01   7.9561839433262931e-10   0.0000000000000000e+00   0.0000000000000000e+00
0211   8.1835937500000000e-01   9.9999959806412042e-01   6.0000001503715861e-01   7.8700429990212540e-10   0.0000000000000000e+00   0.0000000000000000e+00
0212   8.2226562500000000e-01   9.9999957664963346e-01   6.0000001583830020e-01   7.7791640047344885e-10   0.0000000000000000e+00   0.0000000000000000e+00
0213   8.2617187500000000e-01   9.9999955549013608e-01   6.0000001662989944e-01   7.6836119890256365e-10   0.0000000000000000e+00   0.0000000000000000e+00
0214   8.3007812500000000e-01   9.9999953459839930e-01   6.0000001741148068e-01   7.5834396132948092e-10   0.0000000000000000e+00   0.0000000000000000e+00
0215   8.3398437500000000e-01   9.9999951398701481e-01   6.0000001818257387e-01   7.4787117168989273e-10   0.0000000000000000e+00   0.0000000000000000e+00
0216   8.3789062500000000e-01   9.9999949366837249e-01   6.0000001894271582e-01   7.3694997551754738e-10   0.0000000000000000e+00   0.0000000000000000e+00
0217   8.4179687500000000e-01   9.9999947365474551e-01   6.0000001969144989e-01   7.2558696005637802e-10   0.0000000000000000e+00   0.0000000000000000e+00
0218   8.4570312500000000e-01   9.9999945395817136e-01   6.0000002042832712e-01   7.1378936282405770e-10   0.0000000000000000e+00   0.0000000000000000e+00
0219   8.4960937500000000e-01   9.9999943459050322e-01   6.0000002115290552e-01   7.0156397703499524e-10   0.0000000000000000e+00   0.0000000000000000e+00
0220   8.5351562500000000e-01   9.9999941556343475e-01   6.0000002186475110e-01   6.8891952843491060e-10   0.0000000000000000e+00   0.0000000000000000e+00
0221   8.5742187500000000e-01   9.9999939688840001e-01   6.0000002256343732e-01   6.7586320948282932e-10   0.0000000000000000e+00   0.0000000000000000e+00
0222   8.6132812500000000e-01   9.9999937857670562e-01   6.0000002324854618e-01   6.6240332988388024e-10   0.0000000000000000e+00   0.0000000000000000e+00
0223   8.6523437500000000e-01   9.9999936063932948e-01   6.0000002391966778e-01   6.4854765173371439e-10   0.0000000000000000e+00   0.0000000000000000e+00
0224   8.6914062500000000e-01   9.9999934308711991e-01   6.0000002457639978e-01   6.3430415245338735e-10   0.0000000000000000e+00   0.0000000000000000e+00
0225   8.7304687500000000e-01   9.9999932593061547e-01   6.0000002521834950e-01   6.1968127218629538e-10   0.0000000000000000e+00   0.0000000000000000e+00
0226   8.7695312500000000e-01   9.9999930918016089e-01   6.0000002584513201e-01   6.0468712394538641e-10   0.0000000000000000e+00   0.0000000000000000e+00
0227   8.8085937500000000e-01   9.9999929284585076e-01   6.0000002645637063e-01   5.8932967819730657e-10   0.0000000000000000e+00   0.0000000000000000e+00
0228   8.8476562500000000e-01   9.9999927693756840e-01   6.0000002705169841e-01   5.7361624523596377e-10   0.0000000000000000e+00   0.0000000000000000e+00
0229   8.8867187500000000e-01   9.9999926146481188e-01   6.0000002763075666e-01   5.5755493763244953e-10   0.0000000000000000e+00   0.0000000000000000e+00
0230   8.9257812500000000e-01   9.9999924643698079e-01   6.0000002819319553e-01   5.4115382819117566e-10   0.0000000000000000e+00   0.0000000000000000e+00
0231   8.9648437500000000e-01   9.9999923186306572e-01   6.0000002873867364e-01   5.2442007588733356e-10   0.0000000000000000e+00   0.0000000000000000e+00
0232   9.0039062500000000e-01   9.9999921775188372e-01   6.0000002926685936e-01   5.0736166479148655e-10   0.0000000000000000e+00   0.0000000000000000e+00
0233   9.0429687500000000e-01   9.9999920411189747e-01   6.0000002977742939e-01   4.8998639099757757e-10   0.0000000000000000e+00   0.0000000000000000e+00
0234   9.0820312500000000e-01   9.9999919095132961e-01   6.0000003027006932e-01   4.7230152493790674e-10   0.0000000000000000e+00   0.0000000000000000e+00
0235   9.1210937500000000e-01   9.9999917827811069e-01   6.0000003074447439e-01   4.5431571366952701e-10   0.0000000000000000e+00   0.0000000000000000e+00
0236   9.1601562500000000e-01   9.9999916609984218e-01   6.0000003120034884e-01   4.3603630516557680e-10   0.0000000000000000e+00   0.0000000000000000e+00
0237   9.1992187500000000e-01   9.9999915442388698e-01   6.0000003163740667e-01   4.1747248881751774e-10   0.0000000000000000e+00   0.0000000000000000e+00
0238   9.2382812500000000e-01   9.9999914325722128e-01   6.0000003205537189e-01   3.9863355956653113e-10   0.0000000000000000e+00   0.0000000000000000e+00
0239   9.2773437500000000e-01   9.9999913260657902e-01   6.0000003245397893e-01   3.7952912331591922e-10   0.0000000000000000e+00   0.0000000000000000e+00
0240   9.3164062500000000e-01   9.9999912247835077e-01   6.0000003283297265e-01   3.6017016303203400e-10   0.0000000000000000e+00   0.0000000000000000e+00
0241   9.3554687500000000e-01   9.9999911287863907e-01   6.0000003319210826e-01   3.4056850648181399e-10   0.0000000000000000e+00   0.0000000000000000e+00
0242   9.3945312500000000e-01   9.9999910381319368e-01   6.0000003353115305e-01   3.2073603664381094e-10   0.0000000000000000e+00   0.0000000000000000e+00
0243   9.4335937500000000e-01   9.9999909528747177e-01   6.0000003384988565e-01   3.0068666233605554e-10   0.0000000000000000e+00   0.0000000000000000e+00
0244   9.4726562500000000e-01   9.9999908730657927e-01   6.0000003414810044e-01   2.8043747232790727e-10   0.0000000000000000e+00   0.0000000000000000e+00
0245   9.5117187500000000e-01   9.9999907987530878e-01   6.0000003442560568e-01   2.6000687466173069e-10   0.0000000000000000e+00   0.0000000000000000e+00
0246   9.5507812500000000e-01   9.9999907299816393e-01   6.0000003468222529e-01   2.3941657607519214e-10   0.0000000000000000e+00   0.0000000000000000e+00
0247   9.5898437500000000e-01   9.9999906667923810e-01   6.0000003491779730e-01   2.1868696971167588e-10   0.0000000000000000e+00   0.0000000000000000e+00
0248   9.6289062500000000e-01   9.9999906092234847e-01   6.0000003513217270e-01   1.9783803907684060e-10   0.0000000000000000e+00   0.0000000000000000e+00
0249   9.6679687500000000e-01   9.9999905573094761e-01   6.0000003532521540e-01   1.7689279758938945e-10   0.0000000000000000e+00   0.0000000000000000e+00
0250   9.7070312500000000e-01   9.9999905110818377e-01   6.0000003549681469e-01   1.5587424763357269e-10   0.0000000000000000e+00   0.0000000000000000e+00
0251   9.7460937500000000e-01   9.9999904705682996e-01   6.0000003564687576e-01   1.3484056590324525e-10   0.0000000000000000e+00   0.0000000000000000e+00
0252   9.7851562500000000e-01   9.9999904357941560e-01   6.0000003577537842e-01   1.1379991683693440e-10   0.0000000000000000e+00   0.0000000000000000e+00
0253   9.8242187500000000e-01   9.9999904067804057e-01   6.0000003588226147e-01   9.2999949254035365e-11   0.0000000000000000e+00   0.0000000000000000e+00
0254   9.8632812500000000e-01   9.9999903835469983e-01   6.0000003596770524e-01   7.1996719131829567e-11   0.0000000000000000e+00   0.0000000000000000e+00
0255   9.9023437500000000e-01   9.9999903661066925e-01   6.0000003603151997e-01   5.2576759244699778e-11   0.0000000000000000e+00   0.0000000000000000e+00
0256   9.9414062500000000e-01   9.9999903544735247e-01   6.0000003607404717e-01   2.9825018528449428e-11   0.0000000000000000e+00   0.0000000000000000e+00
0257   9.9804687500000000e-01   9.9999903486552577e-01   6.0000003609533015e-01   1.8635232583712511e-11   0.0000000000000000e+00   0.0000000000000000e+00
