# Athena++ data at time=1.042519e+02  cycle=53377  variables=prim 
# i       x1v         rho          press          vel1         vel2         vel3     
0002   1.9531250000000000e-03   9.9999896273300515e-01   5.9999996396272559e-01   1.8561655166411466e-11   0.0000000000000000e+00   0.0000000000000000e+00
0003   5.8593750000000000e-03   9.9999896335724703e-01   5.9999996398388555e-01   2.9751445954082967e-11   0.0000000000000000e+00   0.0000000000000000e+00
0004   9.7656250000000000e-03   9.9999896460536841e-01   5.9999996402616118e-01   5.2447271855006941e-11   0.0000000000000000e+00   0.0000000000000000e+00
0005   1.3671875000000000e-02   9.9999896647668718e-01   5.9999996408960632e-01   7.1838314800316297e-11   0.0000000000000000e+00   0.0000000000000000e+00
0006   1.7578125000000000e-02   9.9999896897041596e-01   5.9999996417456214e-01   9.2819505888097787e-11   0.0000000000000000e+00   0.0000000000000000e+00
0007   2.1484375000000000e-02   9.9999897208495969e-01   5.9999996428084901e-01   1.1361661612835911e-10   0.0000000000000000e+00   0.0000000000000000e+00
0008   2.5390625000000000e-02   9.9999897581868202e-01   5.9999996440865366e-01   1.3467440325829555e-10   0.0000000000000000e+00   0.0000000000000000e+00
0009   2.9296875000000000e-02   9.9999898016935784e-01   5.9999996455792592e-01   1.5574859136423962e-10   0.0000000000000000e+00   0.0000000000000000e+00
0010   3.3203125000000000e-02   9.9999898513446939e-01   5.9999996472865658e-01   1.7683389675168826e-10   0.0000000000000000e+00   0.0000000000000000e+00
0011   3.7109375000000000e-02   9.9999899071101328e-01   5.9999996492076346e-01   1.9787266895533749e-10   0.0000000000000000e+00   0.0000000000000000e+00
0012   4.1015625000000000e-02   9.9999899689565319e-01   5.9999996513414822e-01   2.1884290652351979e-10   0.0000000000000000e+00   0.0000000000000000e+00
0013   4.4921875000000000e-02   9.9999900368467520e-01   5.9999996536868749e-01   2.3972097977537915e-10   0.0000000000000000e+00   0.0000000000000000e+00
0014   4.8828125000000000e-02   9.9999901107401790e-01   5.9999996562424551e-01   2.6048671162551188e-10   0.0000000000000000e+00   0.0000000000000000e+00
0015   5.2734375000000000e-02   9.9999901905919852e-01   5.9999996590067228e-01   2.8111724238677772e-10   0.0000000000000000e+00   0.0000000000000000e+00
0016   5.6640625000000000e-02   9.9999902763543402e-01   5.9999996619780327e-01   3.0158990828473797e-10   0.0000000000000000e+00   0.0000000000000000e+00
0017   6.0546875000000000e-02   9.9999903679753810e-01   5.9999996651545784e-01   3.2188239791424322e-10   0.0000000000000000e+00   0.0000000000000000e+00
0018   6.4453125000000000e-02   9.9999904654000338e-01   5.9999996685343904e-01   3.4197558854367077e-10   0.0000000000000000e+00   0.0000000000000000e+00
0019   6.8359375000000000e-02   9.9999905685695123e-01   5.9999996721153404e-01   3.6185175994853120e-10   0.0000000000000000e+00   0.0000000000000000e+00
0020   7.2265625000000000e-02   9.9999906774216896e-01   5.9999996758951701e-01   3.8149518968446229e-10   0.0000000000000000e+00   0.0000000000000000e+00
0021   7.6171875000000000e-02   9.9999907918902708e-01   5.9999996798714827e-01   4.0089065892356065e-10   0.0000000000000000e+00   0.0000000000000000e+00
0022   8.0078125000000000e-02   9.9999909119068942e-01   5.9999996840417624e-01   4.2002392956346670e-10   0.0000000000000000e+00   0.0000000000000000e+00
0023   8.3984375000000000e-02   9.9999910373987377e-01   5.9999996884033735e-01   4.3888151000753411e-10   0.0000000000000000e+00   0.0000000000000000e+00
0024   8.7890625000000000e-02   9.9999911682901765e-01   5.9999996929535615e-01   4.5745034280430567e-10   0.0000000000000000e+00   0.0000000000000000e+00
0025   9.1796875000000000e-02   9.9999913045022770e-01   5.9999996976894587e-01   4.7571905321942726e-10   0.0000000000000000e+00   0.0000000000000000e+00
0026   9.5703125000000000e-02   9.9999914459528727e-01   5.9999997026080865e-01   4.9367643690235839e-10   0.0000000000000000e+00   0.0000000000000000e+00
0027   9.9609375000000000e-02   9.9999915925567640e-01   5.9999997077063638e-01   5.1131232778205561e-10   0.0000000000000000e+00   0.0000000000000000e+00
0028   1.0351562500000000e-01   9.9999917442252806e-01   5.9999997129811000e-01   5.2861723221904935e-10   0.0000000000000000e+00   0.0000000000000000e+00
0029   1.0742187500000000e-01   9.9999919008669802e-01   5.9999997184290133e-01   5.4558147436111046e-10   0.0000000000000000e+00   0.0000000000000000e+00
0030   1.1132812500000000e-01   9.9999920623874428e-01   5.9999997240467284e-01   5.6219716831725230e-10   0.0000000000000000e+00   0.0000000000000000e+00
0031   1.1523437500000000e-01   9.9999922286894638e-01   5.9999997298307706e-01   5.7845493248120956e-10   0.0000000000000000e+00   0.0000000000000000e+00
0032   1.1914062500000000e-01   9.9999923996725726e-01   5.9999997357775825e-01   5.9434771478233991e-10   0.0000000000000000e+00   0.0000000000000000e+00
0033   1.2304687500000000e-01   9.9999925752338303e-01   5.9999997418835072e-01   6.0986786954744236e-10   0.0000000000000000e+00   0.0000000000000000e+00
0034   1.2695312500000000e-01   9.9999927552673529e-01   5.9999997481448120e-01   6.2500761941868212e-10   0.0000000000000000e+00   0.0000000000000000e+00
0035   1.3085937500000000e-01   9.9999929396648291e-01   5.9999997545576755e-01   6.3976003346947487e-10   0.0000000000000000e+00   0.0000000000000000e+00
0036   1.3476562500000000e-01   9.9999931283148302e-01   5.9999997611182010e-01   6.5411776446393804e-10   0.0000000000000000e+00   0.0000000000000000e+00
0037   1.3867187500000000e-01   9.9999933211039072e-01   5.9999997678224026e-01   6.6807423934936291e-10   0.0000000000000000e+00   0.0000000000000000e+00
0038   1.4257812500000000e-01   9.9999935179158883e-01   5.9999997746662237e-01   6.8162249684177018e-10   0.0000000000000000e+00   0.0000000000000000e+00
0039   1.4648437500000000e-01   9.9999937186322130e-01   5.9999997816455253e-01   6.9475640347465806e-10   0.0000000000000000e+00   0.0000000000000000e+00
0040   1.5039062500000000e-01   9.9999939231319912e-01   5.9999997887561007e-01   7.0746884588274426e-10   0.0000000000000000e+00   0.0000000000000000e+00
0041   1.5429687500000000e-01   9.9999941312918550e-01   5.9999997959936691e-01   7.1975382878111020e-10   0.0000000000000000e+00   0.0000000000000000e+00
0042   1.5820312500000000e-01   9.9999943429864535e-01   5.9999998033538715e-01   7.3160491559274399e-10   0.0000000000000000e+00   0.0000000000000000e+00
0043   1.6210937500000000e-01   9.9999945580884797e-01   5.9999998108322827e-01   7.4301619607233429e-10   0.0000000000000000e+00   0.0000000000000000e+00
0044   1.6601562500000000e-01   9.9999947764685082e-01   5.9999998184244152e-01   7.5398093755585744e-10   0.0000000000000000e+00   0.0000000000000000e+00
0045   1.6992187500000000e-01   9.9999949979946323e-01   5.9999998261257115e-01   7.6449358261742077e-10   0.0000000000000000e+00   0.0000000000000000e+00
0046   1.7382812500000000e-01   9.9999952225334843e-01   5.9999998339315541e-01   7.7454801442335319e-10   0.0000000000000000e+00   0.0000000000000000e+00
0047   1.7773437500000000e-01   9.9999954499500399e-01   5.9999998418372569e-01   7.8413849768157278e-10   0.0000000000000000e+00   0.0000000000000000e+00
0048   1.8164062500000000e-01   9.9999956801072076e-01   5.9999998498380791e-01   7.9325927146422959e-10   0.0000000000000000e+00   0.0000000000000000e+00
0049   1.8554687500000000e-01   9.9999959128664773e-01   5.9999998579292246e-01   8.0190502916333676e-10   0.0000000000000000e+00   0.0000000000000000e+00
0050   1.8945312500000000e-01   9.9999961480875288e-01   5.9999998661058351e-01   8.1007075799922799e-10   0.0000000000000000e+00   0.0000000000000000e+00
0051   1.9335937500000000e-01   9.9999963856285823e-01   5.9999998743630112e-01   8.1775138507427675e-10   0.0000000000000000e+00   0.0000000000000000e+00
0052   1.9726562500000000e-01   9.9999966253467509e-01   5.9999998826957934e-01   8.2494208676897158e-10   0.0000000000000000e+00   0.0000000000000000e+00
0053   2.0117187500000000e-01   9.9999968670977102e-01   5.9999998910991803e-01   8.3163888886067436e-10   0.0000000000000000e+00   0.0000000000000000e+00
0054   2.0507812500000000e-01   9.9999971107357566e-01   5.9999998995681258e-01   8.3783680035243642e-10   0.0000000000000000e+00   0.0000000000000000e+00
0055   2.0898437500000000e-01   9.9999973561142985e-01   5.9999999080975452e-01   8.4353263406670993e-10   0.0000000000000000e+00   0.0000000000000000e+00
0056   2.1289062500000000e-01   9.9999976030852999e-01   5.9999999166823093e-01   8.4872241762385035e-10   0.0000000000000000e+00   0.0000000000000000e+00
0057   2.1679687500000000e-01   9.9999978515002375e-01   5.9999999253172553e-01   8.5340311851290608e-10   0.0000000000000000e+00   0.0000000000000000e+00
0058   2.2070312500000000e-01   9.9999981012089367e-01   5.9999999339971866e-01   8.5757212615267776e-10   0.0000000000000000e+00   0.0000000000000000e+00
0059   2.2460937500000000e-01   9.9999983520617297e-01   5.9999999427168993e-01   8.6122572045782823e-10   0.0000000000000000e+00   0.0000000000000000e+00
0060   2.2851562500000000e-01   9.9999986039073119e-01   5.9999999514710800e-01   8.6436349334289198e-10   0.0000000000000000e+00   0.0000000000000000e+00
0061   2.3242187500000000e-01   9.9999988565938780e-01   5.9999999602546483e-01   8.6698311390912492e-10   0.0000000000000000e+00   0.0000000000000000e+00
0062   2.3632812500000000e-01   9.9999991099686558e-01   5.9999999690617534e-01   8.6908059801451491e-10   0.0000000000000000e+00   0.0000000000000000e+00
0063   2.4023437500000000e-01   9.9999993638806883e-01   5.9999999778886814e-01   8.7067739780383675e-10   0.0000000000000000e+00   0.0000000000000000e+00
0064   2.4414062500000000e-01   9.9999996181732576e-01   5.9999999867260068e-01   8.7169785788580491e-10   0.0000000000000000e+00   0.0000000000000000e+00
0065   2.4804687500000000e-01   9.9999998727024553e-01   5.9999999955782324e-01   8.7237029761755352e-10   0.0000000000000000e+00   0.0000000000000000e+00
0066   2.5195312500000000e-01   1.0000000127296320e+00   6.0000000044209256e-01   8.7235581262386873e-10   0.0000000000000000e+00   0.0000000000000000e+00
0067   2.5585937500000000e-01   1.0000000381825440e+00   6.0000000132731590e-01   8.7165369297522389e-10   0.0000000000000000e+00   0.0000000000000000e+00
0068   2.5976562500000000e-01   1.0000000636117736e+00   6.0000000221104910e-01   8.7060399379703670e-10   0.0000000000000000e+00   0.0000000000000000e+00
0069   2.6367187500000000e-01   1.0000000890029836e+00   6.0000000309374235e-01   8.6897783276532298e-10   0.0000000000000000e+00   0.0000000000000000e+00
0070   2.6757812500000000e-01   1.0000001143404920e+00   6.0000000397445385e-01   8.6685112193200407e-10   0.0000000000000000e+00   0.0000000000000000e+00
0071   2.7148437500000000e-01   1.0000001396091394e+00   6.0000000485281191e-01   8.6420292665231868e-10   0.0000000000000000e+00   0.0000000000000000e+00
0072   2.7539062500000000e-01   1.0000001647936974e+00   6.0000000572823153e-01   8.6103640739841439e-10   0.0000000000000000e+00   0.0000000000000000e+00
0073   2.7929687500000000e-01   1.0000001898789812e+00   6.0000000660020436e-01   8.5735430089903238e-10   0.0000000000000000e+00   0.0000000000000000e+00
0074   2.8320312500000000e-01   1.0000002148498659e+00   6.0000000746819937e-01   8.5315797996763839e-10   0.0000000000000000e+00   0.0000000000000000e+00
0075   2.8710937500000000e-01   1.0000002396913614e+00   6.0000000833169587e-01   8.4845049023722073e-10   0.0000000000000000e+00   0.0000000000000000e+00
0076   2.9101562500000000e-01   1.0000002643884391e+00   6.0000000919017404e-01   8.4323488559414712e-10   0.0000000000000000e+00   0.0000000000000000e+00
0077   2.9492187500000000e-01   1.0000002889262851e+00   6.0000001004311787e-01   8.3751419487285118e-10   0.0000000000000000e+00   0.0000000000000000e+00
0078   2.9882812500000000e-01   1.0000003132901372e+00   6.0000001089001509e-01   8.3129223786009718e-10   0.0000000000000000e+00   0.0000000000000000e+00
0079   3.0273437500000000e-01   1.0000003374652067e+00   6.0000001173035633e-01   8.2457271984896881e-10   0.0000000000000000e+00   0.0000000000000000e+00
0080   3.0664062500000000e-01   1.0000003614370263e+00   6.0000001256363722e-01   8.1736021867843288e-10   0.0000000000000000e+00   0.0000000000000000e+00
0081   3.1054687500000000e-01   1.0000003851912058e+00   6.0000001338935738e-01   8.0965889162938439e-10   0.0000000000000000e+00   0.0000000000000000e+00
0082   3.1445312500000000e-01   1.0000004087132865e+00   6.0000001420702098e-01   8.0147382002604893e-10   0.0000000000000000e+00   0.0000000000000000e+00
0083   3.1835937500000000e-01   1.0000004319891878e+00   6.0000001501613787e-01   7.9281018558685473e-10   0.0000000000000000e+00   0.0000000000000000e+00
0084   3.2226562500000000e-01   1.0000004550049031e+00   6.0000001581622231e-01   7.8367262573665454e-10   0.0000000000000000e+00   0.0000000000000000e+00
0085   3.2617187500000000e-01   1.0000004777465876e+00   6.0000001660679481e-01   7.7406696602239143e-10   0.0000000000000000e+00   0.0000000000000000e+00
0086   3.3007812500000000e-01   1.0000005002004937e+00   6.0000001738738096e-01   7.6399874135688869e-10   0.0000000000000000e+00   0.0000000000000000e+00
0087   3.3398437500000000e-01   1.0000005223531148e+00   6.0000001815751292e-01   7.5347372197175354e-10   0.0000000000000000e+00   0.0000000000000000e+00
0088   3.3789062500000000e-01   1.0000005441910658e+00   6.0000001891672816e-01   7.4249757549284271e-10   0.0000000000000000e+00   0.0000000000000000e+00
0089   3.4179687500000000e-01   1.0000005657012925e+00   6.0000001966457117e-01   7.3107634170658481e-10   0.0000000000000000e+00   0.0000000000000000e+00
0090   3.4570312500000000e-01   1.0000005868707784e+00   6.0000002040059308e-01   7.1921563382423505e-10   0.0000000000000000e+00   0.0000000000000000e+00
0091   3.4960937500000000e-01   1.0000006076867722e+00   6.0000002112435147e-01   7.0692232914843277e-10   0.0000000000000000e+00   0.0000000000000000e+00
0092   3.5351562500000000e-01   1.0000006281367535e+00   6.0000002183541068e-01   6.9420252755405417e-10   0.0000000000000000e+00   0.0000000000000000e+00
0093   3.5742187500000000e-01   1.0000006482083919e+00   6.0000002253334295e-01   6.8106267018662903e-10   0.0000000000000000e+00   0.0000000000000000e+00
0094   3.6132812500000000e-01   1.0000006678895779e+00   6.0000002321772661e-01   6.6750931056550330e-10   0.0000000000000000e+00   0.0000000000000000e+00
0095   3.6523437500000000e-01   1.0000006871685025e+00   6.0000002388814855e-01   6.5354910292850661e-10   0.0000000000000000e+00   0.0000000000000000e+00
0096   3.6914062500000000e-01   1.0000007060335170e+00   6.0000002454420331e-01   6.3918852362607512e-10   0.0000000000000000e+00   0.0000000000000000e+00
0097   3.7304687500000000e-01   1.0000007244732556e+00   6.0000002518549167e-01   6.2443503944562583e-10   0.0000000000000000e+00   0.0000000000000000e+00
0098   3.7695312500000000e-01   1.0000007424766131e+00   6.0000002581162437e-01   6.0929499151621852e-10   0.0000000000000000e+00   0.0000000000000000e+00
0099   3.8085937500000000e-01   1.0000007600327625e+00   6.0000002642221906e-01   5.9377642844044671e-10   0.0000000000000000e+00   0.0000000000000000e+00
0100   3.8476562500000000e-01   1.0000007771310846e+00   6.0000002701690236e-01   5.7788597285836220e-10   0.0000000000000000e+00   0.0000000000000000e+00
0101   3.8867187500000000e-01   1.0000007937612767e+00   6.0000002759530890e-01   5.6163168066650056e-10   0.0000000000000000e+00   0.0000000000000000e+00
0102   3.9257812500000000e-01   1.0000008099133555e+00   6.0000002815708264e-01   5.4502131241365067e-10   0.0000000000000000e+00   0.0000000000000000e+00
0103   3.9648437500000000e-01   1.0000008255774968e+00   6.0000002870187663e-01   5.2806335638238051e-10   0.0000000000000000e+00   0.0000000000000000e+00
0104   4.0039062500000000e-01   1.0000008407443575e+00   6.0000002922935292e-01   5.1076648185190955e-10   0.0000000000000000e+00   0.0000000000000000e+00
0105   4.0429687500000000e-01   1.0000008554047439e+00   6.0000002973918287e-01   4.9313984430592066e-10   0.0000000000000000e+00   0.0000000000000000e+00
0106   4.0820312500000000e-01   1.0000008695498042e+00   6.0000003023104842e-01   4.7519316232520998e-10   0.0000000000000000e+00   0.0000000000000000e+00
0107   4.1210937500000000e-01   1.0000008831710339e+00   6.0000003070464081e-01   4.5693667808729354e-10   0.0000000000000000e+00   0.0000000000000000e+00
0108   4.1601562500000000e-01   1.0000008962601814e+00   6.0000003115966216e-01   4.3838111340037972e-10   0.0000000000000000e+00   0.0000000000000000e+00
0109   4.1992187500000000e-01   1.0000009088094119e+00   6.0000003159582582e-01   4.1953859007833949e-10   0.0000000000000000e+00   0.0000000000000000e+00
0110   4.2382812500000000e-01   1.0000009208110576e+00   6.0000003201285623e-01   4.0042145985186440e-10   0.0000000000000000e+00   0.0000000000000000e+00
0111   4.2773437500000000e-01   1.0000009322579229e+00   6.0000003241048983e-01   3.8104381271953677e-10   0.0000000000000000e+00   0.0000000000000000e+00
0112   4.3164062500000000e-01   1.0000009431431089e+00   6.0000003278847502e-01   3.6141910688993102e-10   0.0000000000000000e+00   0.0000000000000000e+00
0113   4.3554687500000000e-01   1.0000009534600458e+00   6.0000003314657235e-01   3.4156278736023214e-10   0.0000000000000000e+00   0.0000000000000000e+00
0114   4.3945312500000000e-01   1.0000009632025597e+00   6.0000003348455577e-01   3.2149065387636030e-10   0.0000000000000000e+00   0.0000000000000000e+00
0115   4.4335937500000000e-01   1.0000009723646752e+00   6.0000003380221212e-01   3.0121968448011912e-10   0.0000000000000000e+00   0.0000000000000000e+00
0116   4.4726562500000000e-01   1.0000009809408950e+00   6.0000003409934444e-01   2.8076945204374061e-10   0.0000000000000000e+00   0.0000000000000000e+00
0117   4.5117187500000000e-01   1.0000009889261154e+00   6.0000003437577243e-01   2.6016182410074060e-10   0.0000000000000000e+00   0.0000000000000000e+00
0118   4.5507812500000000e-01   1.0000009963154570e+00   6.0000003463133145e-01   2.3941935598147927e-10   0.0000000000000000e+00   0.0000000000000000e+00
0119   4.5898437500000000e-01   1.0000010031044519e+00   6.0000003486587172e-01   2.1856513434738078e-10   0.0000000000000000e+00   0.0000000000000000e+00
0120   4.6289062500000000e-01   1.0000010092891307e+00   6.0000003507925725e-01   1.9761896728074176e-10   0.0000000000000000e+00   0.0000000000000000e+00
0121   4.6679687500000000e-01   1.0000010148656784e+00   6.0000003527136492e-01   1.7660493517939549e-10   0.0000000000000000e+00   0.0000000000000000e+00
0122   4.7070312500000000e-01   1.0000010198307629e+00   6.0000003544209635e-01   1.5554437263497558e-10   0.0000000000000000e+00   0.0000000000000000e+00
0123   4.7460937500000000e-01   1.0000010241814525e+00   6.0000003559136916e-01   1.3449523191198355e-10   0.0000000000000000e+00   0.0000000000000000e+00
0124   4.7851562500000000e-01   1.0000010279151590e+00   6.0000003571917448e-01   1.1346317319649246e-10   0.0000000000000000e+00   0.0000000000000000e+00
0125   4.8242187500000000e-01   1.0000010310297025e+00   6.0000003582546169e-01   9.2692624931329096e-11   0.0000000000000000e+00   0.0000000000000000e+00
0126   4.8632812500000000e-01   1.0000010335234482e+00   6.0000003591041817e-01   7.1738461803211438e-11   0.0000000000000000e+00   0.0000000000000000e+00
0127   4.9023437500000000e-01   1.0000010353947570e+00   6.0000003597386387e-01   5.2375025009807507e-11   0.0000000000000000e+00   0.0000000000000000e+00
0128   4.9414062500000000e-01   1.0000010366428826e+00   6.0000003601614005e-01   2.9707360481167215e-11   0.0000000000000000e+00   0.0000000000000000e+00
0129   4.9804687500000000e-01   1.0000010372671009e+00   6.0000003603729957e-01   1.8545961705748833e-11   0.0000000000000000e+00   0.0000000000000000e+00
0130   5.0195312500000000e-01   1.0000010372670960e+00   6.0000003603729934e-01  -1.8548346075335395e-11   0.0000000000000000e+00   0.0000000000000000e+00
0131   5.0585937500000000e-01   1.0000010366428820e+00   6.0000003601613938e-01  -2.9709893873732660e-11   0.0000000000000000e+00   0.0000000000000000e+00
0132   5.0976562500000000e-01   1.0000010353947291e+00   6.0000003597386309e-01  -5.2377744681097570e-11   0.0000000000000000e+00   0.0000000000000000e+00
0133   5.1367187500000000e-01   1.0000010335234348e+00   6.0000003591041762e-01  -7.1741032451532180e-11   0.0000000000000000e+00   0.0000000000000000e+00
0134   5.1757812500000000e-01   1.0000010310296887e+00   6.0000003582546091e-01  -9.2695232835418221e-11   0.0000000000000000e+00   0.0000000000000000e+00
0135   5.2148437500000000e-01   1.0000010279151501e+00   6.0000003571917360e-01  -1.1346593012362562e-10   0.0000000000000000e+00   0.0000000000000000e+00
0136   5.2539062500000000e-01   1.0000010241814223e+00   6.0000003559136827e-01  -1.3449787707187539e-10   0.0000000000000000e+00   0.0000000000000000e+00
0137   5.2929687500000000e-01   1.0000010198307427e+00   6.0000003544209546e-01  -1.5554701779484840e-10   0.0000000000000000e+00   0.0000000000000000e+00
0138   5.3320312500000000e-01   1.0000010148656544e+00   6.0000003527136425e-01  -1.7660750582784230e-10   0.0000000000000000e+00   0.0000000000000000e+00
0139   5.3710937500000000e-01   1.0000010092891327e+00   6.0000003507925670e-01  -1.9762176146370881e-10   0.0000000000000000e+00   0.0000000000000000e+00
0140   5.4101562500000000e-01   1.0000010031044633e+00   6.0000003486587128e-01  -2.1856751871708391e-10   0.0000000000000000e+00   0.0000000000000000e+00
0141   5.4492187500000000e-01   1.0000009963154297e+00   6.0000003463133111e-01  -2.3942181486267608e-10   0.0000000000000000e+00   0.0000000000000000e+00
0142   5.4882812500000000e-01   1.0000009889260855e+00   6.0000003437577221e-01  -2.6016413395895998e-10   0.0000000000000000e+00   0.0000000000000000e+00
0143   5.5273437500000000e-01   1.0000009809409134e+00   6.0000003409934455e-01  -2.8077187366881982e-10   0.0000000000000000e+00   0.0000000000000000e+00
0144   5.5664062500000000e-01   1.0000009723646688e+00   6.0000003380221223e-01  -3.0122195708270077e-10   0.0000000000000000e+00   0.0000000000000000e+00
0145   5.6054687500000000e-01   1.0000009632025457e+00   6.0000003348455622e-01  -3.2149262843253671e-10   0.0000000000000000e+00   0.0000000000000000e+00
0146   5.6445312500000000e-01   1.0000009534600753e+00   6.0000003314657346e-01  -3.4156479917242016e-10   0.0000000000000000e+00   0.0000000000000000e+00
0147   5.6835937500000000e-01   1.0000009431431012e+00   6.0000003278847636e-01  -3.6142104419056922e-10   0.0000000000000000e+00   0.0000000000000000e+00
0148   5.7226562500000000e-01   1.0000009322579226e+00   6.0000003241049149e-01  -3.8104541471862127e-10   0.0000000000000000e+00   0.0000000000000000e+00
0149   5.7617187500000000e-01   1.0000009208110039e+00   6.0000003201285801e-01  -4.0042347166404141e-10   0.0000000000000000e+00   0.0000000000000000e+00
0150   5.8007812500000000e-01   1.0000009088094013e+00   6.0000003159582771e-01  -4.1954071365776945e-10   0.0000000000000000e+00   0.0000000000000000e+00
0151   5.8398437500000000e-01   1.0000008962601563e+00   6.0000003115966427e-01  -4.3838297618967236e-10   0.0000000000000000e+00   0.0000000000000000e+00
0152   5.8789062500000000e-01   1.0000008831710263e+00   6.0000003070464292e-01  -4.5693816831886479e-10   0.0000000000000000e+00   0.0000000000000000e+00
0153   5.9179687500000000e-01   1.0000008695498024e+00   6.0000003023105064e-01  -4.7519450353361588e-10   0.0000000000000000e+00   0.0000000000000000e+00
0154   5.9570312500000000e-01   1.0000008554047137e+00   6.0000002973918520e-01  -4.9314047765519948e-10   0.0000000000000000e+00   0.0000000000000000e+00
0155   5.9960937500000000e-01   1.0000008407443619e+00   6.0000002922935525e-01  -5.1076715245705999e-10   0.0000000000000000e+00   0.0000000000000000e+00
0156   6.0351562500000000e-01   1.0000008255775279e+00   6.0000002870187907e-01  -5.2806402698762120e-10   0.0000000000000000e+00   0.0000000000000000e+00
0157   6.0742187500000000e-01   1.0000008099133173e+00   6.0000002815708497e-01  -5.4502213204161061e-10   0.0000000000000000e+00   0.0000000000000000e+00
0158   6.1132812500000000e-01   1.0000007937612758e+00   6.0000002759531101e-01  -5.6163246303886558e-10   0.0000000000000000e+00   0.0000000000000000e+00
0159   6.1523437500000000e-01   1.0000007771310730e+00   6.0000002701690436e-01  -5.7788660620708412e-10   0.0000000000000000e+00   0.0000000000000000e+00
0160   6.1914062500000000e-01   1.0000007600327352e+00   6.0000002642222083e-01  -5.9377687551142481e-10   0.0000000000000000e+00   0.0000000000000000e+00
0161   6.2304687500000000e-01   1.0000007424766164e+00   6.0000002581162615e-01  -6.0929558760963751e-10   0.0000000000000000e+00   0.0000000000000000e+00
0162   6.2695312500000000e-01   1.0000007244732578e+00   6.0000002518549345e-01  -6.2443537474882551e-10   0.0000000000000000e+00   0.0000000000000000e+00
0163   6.3085937500000000e-01   1.0000007060335370e+00   6.0000002454420465e-01  -6.3918882167347226e-10   0.0000000000000000e+00   0.0000000000000000e+00
0164   6.3476562500000000e-01   1.0000006871685247e+00   6.0000002388815021e-01  -6.5354936372005199e-10   0.0000000000000000e+00   0.0000000000000000e+00
0165   6.3867187500000000e-01   1.0000006678895921e+00   6.0000002321772772e-01  -6.6750953410116445e-10   0.0000000000000000e+00   0.0000000000000000e+00
0166   6.4257812500000000e-01   1.0000006482083821e+00   6.0000002253334339e-01  -6.8106278195486922e-10   0.0000000000000000e+00   0.0000000000000000e+00
0167   6.4648437500000000e-01   1.0000006281367659e+00   6.0000002183541101e-01  -6.9420245304360134e-10   0.0000000000000000e+00   0.0000000000000000e+00
0168   6.5039062500000000e-01   1.0000006076867722e+00   6.0000002112435136e-01  -7.0692218012679300e-10   0.0000000000000000e+00   0.0000000000000000e+00
0169   6.5429687500000000e-01   1.0000005868707924e+00   6.0000002040059264e-01  -7.1921533577921895e-10   0.0000000000000000e+00   0.0000000000000000e+00
0170   6.5820312500000000e-01   1.0000005657013007e+00   6.0000001966457051e-01  -7.3107578287133916e-10   0.0000000000000000e+00   0.0000000000000000e+00
0171   6.6210937500000000e-01   1.0000005441910975e+00   6.0000001891672683e-01  -7.4249727744777987e-10   0.0000000000000000e+00   0.0000000000000000e+00
0172   6.6601562500000000e-01   1.0000005223531117e+00   6.0000001815751125e-01  -7.5347364746163314e-10   0.0000000000000000e+00   0.0000000000000000e+00
0173   6.6992187500000000e-01   1.0000005002004853e+00   6.0000001738737951e-01  -7.6399862959039779e-10   0.0000000000000000e+00   0.0000000000000000e+00
0174   6.7382812500000000e-01   1.0000004777465861e+00   6.0000001660679325e-01  -7.7406715230257637e-10   0.0000000000000000e+00   0.0000000000000000e+00
0175   6.7773437500000000e-01   1.0000004550049111e+00   6.0000001581622053e-01  -7.8367251397005465e-10   0.0000000000000000e+00   0.0000000000000000e+00
0176   6.8164062500000000e-01   1.0000004319891955e+00   6.0000001501613598e-01  -7.9280992479670305e-10   0.0000000000000000e+00   0.0000000000000000e+00
0177   6.8554687500000000e-01   1.0000004087132708e+00   6.0000001420701887e-01  -8.0147400630545125e-10   0.0000000000000000e+00   0.0000000000000000e+00
0178   6.8945312500000000e-01   1.0000003851911727e+00   6.0000001338935527e-01  -8.0965896614155765e-10   0.0000000000000000e+00   0.0000000000000000e+00
0179   6.9335937500000000e-01   1.0000003614370436e+00   6.0000001256363522e-01  -8.1736006965595662e-10   0.0000000000000000e+00   0.0000000000000000e+00
0180   6.9726562500000000e-01   1.0000003374651973e+00   6.0000001173035455e-01  -8.2457305515184569e-10   0.0000000000000000e+00   0.0000000000000000e+00
0181   7.0117187500000000e-01   1.0000003132901198e+00   6.0000001089001354e-01  -8.3129264767425809e-10   0.0000000000000000e+00   0.0000000000000000e+00
0182   7.0507812500000000e-01   1.0000002889263040e+00   6.0000001004311698e-01  -8.3751520077910822e-10   0.0000000000000000e+00   0.0000000000000000e+00
0183   7.0898437500000000e-01   1.0000002643884531e+00   6.0000000919017360e-01  -8.4323585424410966e-10   0.0000000000000000e+00   0.0000000000000000e+00
0184   7.1289062500000000e-01   1.0000002396913446e+00   6.0000000833169553e-01  -8.4845168242303374e-10   0.0000000000000000e+00   0.0000000000000000e+00
0185   7.1679687500000000e-01   1.0000002148498968e+00   6.0000000746819926e-01  -8.5315902313017164e-10   0.0000000000000000e+00   0.0000000000000000e+00
0186   7.2070312500000000e-01   1.0000001898789832e+00   6.0000000660020458e-01  -8.5735519503818847e-10   0.0000000000000000e+00   0.0000000000000000e+00
0187   7.2460937500000000e-01   1.0000001647936967e+00   6.0000000572823209e-01  -8.6103689172397422e-10   0.0000000000000000e+00   0.0000000000000000e+00
0188   7.2851562500000000e-01   1.0000001396091500e+00   6.0000000485281302e-01  -8.6420315018658252e-10   0.0000000000000000e+00   0.0000000000000000e+00
0189   7.3242187500000000e-01   1.0000001143404718e+00   6.0000000397445519e-01  -8.6685153174579265e-10   0.0000000000000000e+00   0.0000000000000000e+00
0190   7.3632812500000000e-01   1.0000000890030267e+00   6.0000000309374391e-01  -8.6897768374165776e-10   0.0000000000000000e+00   0.0000000000000000e+00
0191   7.4023437500000000e-01   1.0000000636117914e+00   6.0000000221105076e-01  -8.7060350947203573e-10   0.0000000000000000e+00   0.0000000000000000e+00
0192   7.4414062500000000e-01   1.0000000381825489e+00   6.0000000132731801e-01  -8.7165305962743947e-10   0.0000000000000000e+00   0.0000000000000000e+00
0193   7.4804687500000000e-01   1.0000000127296316e+00   6.0000000044209489e-01  -8.7235458318288400e-10   0.0000000000000000e+00   0.0000000000000000e+00
0194   7.5195312500000000e-01   9.9999998727027017e-01   5.9999999955782557e-01  -8.7236914268775306e-10   0.0000000000000000e+00   0.0000000000000000e+00
0195   7.5585937500000000e-01   9.9999996181731254e-01   5.9999999867260290e-01  -8.7169640491042049e-10   0.0000000000000000e+00   0.0000000000000000e+00
0196   7.5976562500000000e-01   9.9999993638806783e-01   5.9999999778887025e-01  -8.7067598208342758e-10   0.0000000000000000e+00   0.0000000000000000e+00
0197   7.6367187500000000e-01   9.9999991099685237e-01   5.9999999690617700e-01  -8.6907895875918781e-10   0.0000000000000000e+00   0.0000000000000000e+00
0198   7.6757812500000000e-01   9.9999988565937614e-01   5.9999999602546661e-01  -8.6698177270021113e-10   0.0000000000000000e+00   0.0000000000000000e+00
0199   7.7148437500000000e-01   9.9999986039073530e-01   5.9999999514710978e-01  -8.6436189134362684e-10   0.0000000000000000e+00   0.0000000000000000e+00
0200   7.7539062500000000e-01   9.9999983520618463e-01   5.9999999427169193e-01  -8.6122385766834999e-10   0.0000000000000000e+00   0.0000000000000000e+00
0201   7.7929687500000000e-01   9.9999981012090855e-01   5.9999999339972088e-01  -8.5756977903717833e-10   0.0000000000000000e+00   0.0000000000000000e+00
0202   7.8320312500000000e-01   9.9999978515002341e-01   5.9999999253172775e-01  -8.5340084590915691e-10   0.0000000000000000e+00   0.0000000000000000e+00
0203   7.8710937500000000e-01   9.9999976030853943e-01   5.9999999166823303e-01  -8.4871995874068986e-10   0.0000000000000000e+00   0.0000000000000000e+00
0204   7.9101562500000000e-01   9.9999973561142519e-01   5.9999999080975674e-01  -8.4353017518378582e-10   0.0000000000000000e+00   0.0000000000000000e+00
0205   7.9492187500000000e-01   9.9999971107357433e-01   5.9999998995681481e-01  -8.3783411793490952e-10   0.0000000000000000e+00   0.0000000000000000e+00
0206   7.9882812500000000e-01   9.9999968670977901e-01   5.9999998910991992e-01  -8.3163587114070330e-10   0.0000000000000000e+00   0.0000000000000000e+00
0207   8.0273437500000000e-01   9.9999966253467254e-01   5.9999998826958101e-01  -8.2493921807156229e-10   0.0000000000000000e+00   0.0000000000000000e+00
0208   8.0664062500000000e-01   9.9999963856285512e-01   5.9999998743630256e-01  -8.1774810656303400e-10   0.0000000000000000e+00   0.0000000000000000e+00
0209   8.1054687500000000e-01   9.9999961480872512e-01   5.9999998661058496e-01  -8.1006718144196195e-10   0.0000000000000000e+00   0.0000000000000000e+00
0210   8.1445312500000000e-01   9.9999959128663840e-01   5.9999998579292357e-01  -8.0190130358275166e-10   0.0000000000000000e+00   0.0000000000000000e+00
0211   8.1835937500000000e-01   9.9999956801071954e-01   5.9999998498380913e-01  -7.9325565765042429e-10   0.0000000000000000e+00   0.0000000000000000e+00
0212   8.2226562500000000e-01   9.9999954499500854e-01   5.9999998418372680e-01  -7.8413507014682084e-10   0.0000000000000000e+00   0.0000000000000000e+00
0213   8.2617187500000000e-01   9.9999952225335265e-01   5.9999998339315641e-01  -7.7454495944670350e-10   0.0000000000000000e+00   0.0000000000000000e+00
0214   8.3007812500000000e-01   9.9999949979944103e-01   5.9999998261257215e-01  -7.6449086294217258e-10   0.0000000000000000e+00   0.0000000000000000e+00
0215   8.3398437500000000e-01   9.9999947764685293e-01   5.9999998184244252e-01  -7.5397840415980912e-10   0.0000000000000000e+00   0.0000000000000000e+00
0216   8.3789062500000000e-01   9.9999945580885430e-01   5.9999998108322894e-01  -7.4301373718826815e-10   0.0000000000000000e+00   0.0000000000000000e+00
0217   8.4179687500000000e-01   9.9999943429864691e-01   5.9999998033538737e-01  -7.3160297829012066e-10   0.0000000000000000e+00   0.0000000000000000e+00
0218   8.4570312500000000e-01   9.9999941312918705e-01   5.9999997959936724e-01  -7.1975215226845358e-10   0.0000000000000000e+00   0.0000000000000000e+00
0219   8.4960937500000000e-01   9.9999939231317325e-01   5.9999997887561074e-01  -7.0746754192838594e-10   0.0000000000000000e+00   0.0000000000000000e+00
0220   8.5351562500000000e-01   9.9999937186322174e-01   5.9999997816455308e-01  -6.9475502500898045e-10   0.0000000000000000e+00   0.0000000000000000e+00
0221   8.5742187500000000e-01   9.9999935179157373e-01   5.9999997746662281e-01  -6.8162137916646645e-10   0.0000000000000000e+00   0.0000000000000000e+00
0222   8.6132812500000000e-01   9.9999933211039549e-01   5.9999997678224071e-01  -6.6807289813901169e-10   0.0000000000000000e+00   0.0000000000000000e+00
0223   8.6523437500000000e-01   9.9999931283146926e-01   5.9999997611182077e-01  -6.5411672129975187e-10   0.0000000000000000e+00   0.0000000000000000e+00
0224   8.6914062500000000e-01   9.9999929396647247e-01   5.9999997545576855e-01  -6.3975917658404489e-10   0.0000000000000000e+00   0.0000000000000000e+00
0225   8.7304687500000000e-01   9.9999927552674051e-01   5.9999997481448208e-01  -6.2500728411484302e-10   0.0000000000000000e+00   0.0000000000000000e+00
0226   8.7695312500000000e-01   9.9999925752338659e-01   5.9999997418835138e-01  -6.0986760875547873e-10   0.0000000000000000e+00   0.0000000000000000e+00
0227   8.8085937500000000e-01   9.9999923996724716e-01   5.9999997357775892e-01  -5.9434782654799898e-10   0.0000000000000000e+00   0.0000000000000000e+00
0228   8.8476562500000000e-01   9.9999922286895659e-01   5.9999997298307794e-01  -5.7845489522452669e-10   0.0000000000000000e+00   0.0000000000000000e+00
0229   8.8867187500000000e-01   9.9999920623874350e-01   5.9999997240467351e-01  -5.6219683301348900e-10   0.0000000000000000e+00   0.0000000000000000e+00
0230   8.9257812500000000e-01   9.9999919008671256e-01   5.9999997184290199e-01  -5.4558132533601907e-10   0.0000000000000000e+00   0.0000000000000000e+00
0231   8.9648437500000000e-01   9.9999917442253139e-01   5.9999997129811045e-01  -5.2861671063596758e-10   0.0000000000000000e+00   0.0000000000000000e+00
0232   9.0039062500000000e-01   9.9999915925567739e-01   5.9999997077063683e-01  -5.1131180619911611e-10   0.0000000000000000e+00   0.0000000000000000e+00
0233   9.0429687500000000e-01   9.9999914459531491e-01   5.9999997026080931e-01  -4.9367606434263093e-10   0.0000000000000000e+00   0.0000000000000000e+00
0234   9.0820312500000000e-01   9.9999913045024369e-01   5.9999996976894676e-01  -4.7571871791589164e-10   0.0000000000000000e+00   0.0000000000000000e+00
0235   9.1210937500000000e-01   9.9999911682901332e-01   5.9999996929535737e-01  -4.5745015652388307e-10   0.0000000000000000e+00   0.0000000000000000e+00
0236   9.1601562500000000e-01   9.9999910373986423e-01   5.9999996884033868e-01  -4.3888147275036393e-10   0.0000000000000000e+00   0.0000000000000000e+00
0237   9.1992187500000000e-01   9.9999909119070618e-01   5.9999996840417780e-01  -4.2002411584109078e-10   0.0000000000000000e+00   0.0000000000000000e+00
0238   9.2382812500000000e-01   9.9999907918905129e-01   5.9999996798715005e-01  -4.0089099422455264e-10   0.0000000000000000e+00   0.0000000000000000e+00
0239   9.2773437500000000e-01   9.9999906774216896e-01   5.9999996758951890e-01  -3.8149559949674158e-10   0.0000000000000000e+00   0.0000000000000000e+00
0240   9.3164062500000000e-01   9.9999905685697066e-01   5.9999996721153592e-01  -3.6185198348177104e-10   0.0000000000000000e+00   0.0000000000000000e+00
0241   9.3554687500000000e-01   9.9999904654000860e-01   5.9999996685344070e-01  -3.4197614737919590e-10   0.0000000000000000e+00   0.0000000000000000e+00
0242   9.3945312500000000e-01   9.9999903679754665e-01   5.9999996651545973e-01  -3.2188295674979725e-10   0.0000000000000000e+00   0.0000000000000000e+00
0243   9.4335937500000000e-01   9.9999902763545689e-01   5.9999996619780527e-01  -3.0159042986470163e-10   0.0000000000000000e+00   0.0000000000000000e+00
0244   9.4726562500000000e-01   9.9999901905919752e-01   5.9999996590067461e-01  -2.8111783847841119e-10   0.0000000000000000e+00   0.0000000000000000e+00
0245   9.5117187500000000e-01   9.9999901107401268e-01   5.9999996562424784e-01  -2.6048727046129876e-10   0.0000000000000000e+00   0.0000000000000000e+00
0246   9.5507812500000000e-01   9.9999900368469063e-01   5.9999996536868982e-01  -2.3972153861110193e-10   0.0000000000000000e+00   0.0000000000000000e+00
0247   9.5898437500000000e-01   9.9999899689564675e-01   5.9999996513415044e-01  -2.1884327908004720e-10   0.0000000000000000e+00   0.0000000000000000e+00
0248   9.6289062500000000e-01   9.9999899071101306e-01   5.9999996492076568e-01  -1.9787319053507029e-10   0.0000000000000000e+00   0.0000000000000000e+00
0249   9.6679687500000000e-01   9.9999898513445518e-01   5.9999996472865880e-01  -1.7683460461063514e-10   0.0000000000000000e+00   0.0000000000000000e+00
0250   9.7070312500000000e-01   9.9999898016935440e-01   5.9999996455792770e-01  -1.5574903843250046e-10   0.0000000000000000e+00   0.0000000000000000e+00
0251   9.7460937500000000e-01   9.9999897581866515e-01   5.9999996440865522e-01  -1.3467458953578922e-10   0.0000000000000000e+00   0.0000000000000000e+00
0252   9.7851562500000000e-01   9.9999897208496569e-01   5.9999996428085012e-01  -1.1361639259174047e-10   0.0000000000000000e+00   0.0000000000000000e+00
0253   9.8242187500000000e-01   9.9999896897041018e-01   5.9999996417456336e-01  -9.2819543142149770e-11   0.0000000000000000e+00   0.0000000000000000e+00
0254   9.8632812500000000e-01   9.9999896647667197e-01   5.9999996408960710e-01  -7.1838389310193869e-11   0.0000000000000000e+00   0.0000000000000000e+00
0255   9.9023437500000000e-01   9.9999896460537363e-01   5.9999996402616185e-01  -5.2447346364899725e-11   0.0000000000000000e+00   0.0000000000000000e+00
0256   9.9414062500000000e-01   9.9999896335725791e-01   5.9999996398388600e-01  -2.9751520463950832e-11   0.0000000000000000e+00   0.0000000000000000e+00
0257   9.9804687500000000e-01   9.9999896273299138e-01   5.9999996396272570e-01  -1.8561729676295668e-11   0.0000000000000000e+00   0.0000000000000000e+00
